     0      3      5      0     10      0      0      0      0      0      0      0
     0     18      0      0      0      0      0      0      0      0      0      0
     0      0     18      0      0      0      0      0      0      0      0      0
     0      1      4     10      3      0      0      0      0      0      0      0
     0      1      2      0     13      0      0      0      0      0      0      2
     0      0      1      0      9      7      0      0      0      0      0      1
     0      5      1      3      6      0      1      0      1      0      0      1
     0     17      0      0      0      0      0      1      0      0      0      0
     0     18      0      0      0      0      0      0      0      0      0      0
     0     18      0      0      0      0      0      0      0      0      0      0
     0      0      3     12      3      0      0      0      0      0      0      0
     0      3      3      0      7      0      0      0      0      0      0      5
