output/result/K2_K1_2019-02-21_02.28

fc6_linear
Giang		Hai  		Long 		Minh 		Thuy 		Tuyen		Final accuracy
loss	acc 	loss	acc 	loss	acc 	loss	acc 	loss	acc 	loss	acc 	
6.0905	0.0833	7.6112	0.1667	8.5578	0.1389	7.1655	0.0556	5.6490	0.1111	6.2540	0.1667		0.1204
3.6447	0.1389	5.3518	0.1667	6.2625	0.0833	5.3789	0.0833	5.7421	0.1667	5.3289	0.1667		0.1343
4.0879	0.1111	3.7123	0.0833	5.8688	0.0833	4.5261	0.0833	4.6117	0.1389	5.6575	0.1944		0.1157
3.3100	0.2222	4.6262	0.0833	4.8915	0.2222	4.0219	0.0833	4.6907	0.1944	4.7333	0.1667		0.1620
2.8936	0.3056	5.2297	0.1389	4.2960	0.1111	3.9061	0.0278	3.7197	0.2778	4.9404	0.0833		0.1574
5.0393	0.1111	4.0226	0.0833	4.8164	0.1389	3.5219	0.0833	4.0199	0.2222	5.2757	0.1111		0.1250
3.9644	0.0833	3.8574	0.0278	4.9493	0.1111	3.5265	0.0556	3.4128	0.2778	5.3554	0.1111		0.1111
fc6_linear_accuracy:0.2083

fc6_rbf
Giang		Hai  		Long 		Minh 		Thuy 		Tuyen		Final accuracy
loss	acc 	loss	acc 	loss	acc 	loss	acc 	loss	acc 	loss	acc 	
4.8234	0.1667	5.3480	0.0833	5.3823	0.0833	5.4666	0.0833	5.1625	0.0833	5.1811	0.0833		0.0972
3.3263	0.2500	3.7261	0.1667	5.7252	0.0833	3.6607	0.1111	4.0138	0.1944	4.2219	0.1667		0.1620
2.9334	0.1389	2.7393	0.1944	4.3084	0.1667	3.2242	0.1667	4.4974	0.2222	4.4286	0.0833		0.1620
3.1549	0.1667	2.8906	0.2222	3.9531	0.0833	2.7714	0.1389	3.3767	0.1667	3.1928	0.1667		0.1574
2.5925	0.2222	3.3209	0.1389	2.9619	0.1667	3.0487	0.2500	3.0898	0.2222	3.8037	0.1111		0.1852
3.4859	0.1667	2.5810	0.2500	3.0912	0.1667	3.5713	0.1667	2.9883	0.3333	3.2743	0.2500		0.2222
3.7836	0.1389	2.9394	0.1944	2.9147	0.1667	4.1461	0.0833	3.0647	0.2500	3.3782	0.1389		0.1620
fc6_rbf_accuracy:0.2500

fc7_linear
Giang		Hai  		Long 		Minh 		Thuy 		Tuyen		Final accuracy
loss	acc 	loss	acc 	loss	acc 	loss	acc 	loss	acc 	loss	acc 	
4.7988	0.1111	5.3156	0.1389	4.9201	0.1667	4.9246	0.1111	4.0337	0.1111	5.9449	0.1667		0.1343
4.6336	0.1944	5.0990	0.1667	4.7472	0.2500	5.2047	0.1111	5.3062	0.2222	4.5307	0.1667		0.1852
4.6430	0.1667	3.8887	0.1667	4.5219	0.2500	4.6758	0.0278	4.6784	0.2500	4.5874	0.1944		0.1759
4.0246	0.1667	3.4999	0.3056	4.5573	0.2778	3.4689	0.1111	4.7102	0.3056	3.5388	0.4167		0.2639
3.6238	0.1944	3.9114	0.1111	3.7451	0.2500	4.1209	0.0278	4.6001	0.2500	3.1150	0.2222		0.1759
3.7231	0.2222	4.0038	0.0833	3.5744	0.2778	4.1272	0.0556	4.2709	0.1944	2.8292	0.2222		0.1759
3.8603	0.1944	4.1673	0.1111	3.5780	0.2500	4.1019	0.0556	4.1209	0.1944	2.9293	0.2222		0.1713
fc7_linear_accuracy:0.2731

fc7_rbf
Giang		Hai  		Long 		Minh 		Thuy 		Tuyen		Final accuracy
loss	acc 	loss	acc 	loss	acc 	loss	acc 	loss	acc 	loss	acc 	
2.9726	0.1944	3.6500	0.0278	4.3264	0.1667	3.6788	0.1667	2.8554	0.2222	3.5665	0.1944		0.1620
2.3669	0.2778	2.7728	0.3056	3.2529	0.1944	3.6357	0.2222	3.0772	0.3611	3.1979	0.3333		0.2824
2.7659	0.2222	2.5819	0.2500	2.9087	0.3056	2.9705	0.1389	2.9687	0.3611	2.7317	0.3889		0.2778
2.5010	0.1944	2.5211	0.2500	2.7552	0.3056	2.7604	0.1389	2.9519	0.3333	3.0265	0.3056		0.2546
2.4615	0.2222	2.4928	0.1944	2.3718	0.3056	2.8355	0.0833	3.2898	0.3056	2.6189	0.1389		0.2083
2.7048	0.1944	2.5908	0.1667	2.5866	0.2778	3.1650	0.0556	3.0271	0.2778	2.6915	0.2778		0.2083
2.7874	0.1389	2.6613	0.1389	2.6155	0.2778	3.0610	0.0556	3.0610	0.2500	2.5718	0.2500		0.1852
fc7_rbf_accuracy:0.3102

prob
Giang		Hai  		Long 		Minh 		Thuy 		Tuyen		Final accuracy
loss	acc 	loss	acc 	loss	acc 	loss	acc 	loss	acc 	loss	acc 	
2.5893	0.1389	2.6749	0.0833	2.4117	0.2222	2.5190	0.0833	2.3898	0.0833	2.5537	0.1111		0.1204
2.4481	0.1667	2.3666	0.1667	2.0952	0.1944	2.3457	0.1111	2.2039	0.3889	2.8485	0.1667		0.1991
2.5488	0.1944	2.2620	0.2778	2.0791	0.2500	2.4310	0.1667	2.3138	0.2778	2.2034	0.2778		0.2407
3.0095	0.1389	2.3866	0.1667	2.0814	0.2500	2.5152	0.1389	2.7432	0.2778	2.4782	0.2500		0.2037
2.7255	0.1667	2.6537	0.1944	1.9525	0.3056	2.6685	0.1389	2.4949	0.2778	2.4620	0.2222		0.2176
2.7373	0.1667	2.3451	0.2500	1.8424	0.2778	2.6245	0.0556	2.7055	0.2500	2.1500	0.3056		0.2176
2.8441	0.1667	2.3355	0.2500	1.8416	0.2778	2.6600	0.0833	2.7656	0.2778	2.2131	0.3611		0.2361
prob_accuracy:0.2824

