    44      0      0      0      0      1      0      0      0      0      0      0
     1     36      1      0      0      0      0      0      0      7      0      0
     1      0     41      3      0      0      0      0      0      0      0      0
     1      0      0     39      1      0      0      0      0      0      4      0
     2      0      1      0     35      0      0      0      0      0      0      7
     4      0      0      0      1     39      1      0      0      0      0      0
     0      0      1      0      0      0     44      0      0      0      0      0
     0      1      0      0      0      0      0     44      0      0      0      0
     0      0      0      0      0      0      0      0     45      0      0      0
     0      0      0      0      0      0      0      0      0     45      0      0
     0      0      0      1      0      0      0      0      0      0     44      0
     0      0      0      0      0      0      0      0      0      0      0     45
