    33      2      1      0      0      5      0      0      0      0      0      4
     1     42      2      0      0      0      0      0      0      0      0      0
     2      0     40      3      0      0      0      0      0      0      0      0
     1      0      2     27      1      0      0      0      0      0     13      1
     2      0      1      0      2      1      0      0      0      0      0     39
     4      0      1      1      0     37      1      0      0      0      0      1
     0      0      8      0      0     23     14      0      0      0      0      0
     0      2      0      0      0      0      0     43      0      0      0      0
     1      0      0      0      0      0      0      0     44      0      0      0
     0     36      0      0      0      0      0      0      0      9      0      0
     0      0      0      0      0      0      0      0      0      0     45      0
     0      0      0      0      0      0      0      0      0      0      0     45
