    18      0      0      0      0      0      0      0      0      0      0      0
     0      2      0      0      0      0      0      0      0     16      0      0
     0      0     18      0      0      0      0      0      0      0      0      0
     0      0      0     17      0      0      0      0      0      1      0      0
     0      0      0      0     16      0      1      0      0      0      0      1
     0      0      0      0      0      3     15      0      0      0      0      0
     0      0      0      0      0      0     18      0      0      0      0      0
     0      2      0      0      0      0      0      5      1     10      0      0
     0      0      0      0      0      0      0      0      2     16      0      0
     0      0      0      0      0      0      0      0      0     18      0      0
     0      0      0     15      1      0      0      0      0      0      0      2
     0      0      0      0     13      0      0      0      0      0      0      5
