    18      0      0      0      0      0      0      0      0      0      0      0
     0     16      0      0      0      0      0      0      0      2      0      0
     0      0     18      0      0      0      0      0      0      0      0      0
     0      0      0     15      1      0      0      0      0      0      2      0
     0      0      0      0     18      0      0      0      0      0      0      0
     0      0      0      0      0     16      2      0      0      0      0      0
     0      0      0      0      0      0     18      0      0      0      0      0
     0      3      0      0      0      0      0      7      0      8      0      0
     0      4      0      0      0      0      0      0      5      9      0      0
     0      0      0      0      0      0      0      0      0     18      0      0
     0      0      0      0      0      0      0      0      0      0     17      1
     0      0      0      0      2      0      0      0      0      0      0     16
