    45      0      0      0      0      0      0      0      0      0      0      0
     0     43      0      0      0      0      0      0      0      2      0      0
     0      0     45      0      0      0      0      0      0      0      0      0
     0      0      0     43      0      0      0      0      0      0      2      0
     1      0      0      0     44      0      0      0      0      0      0      0
     0      0      0      0      0     44      1      0      0      0      0      0
     0      0      0      0      0      0     45      0      0      0      0      0
     0      1      0      0      0      0      0     44      0      0      0      0
     0      0      0      0      0      0      0      0     43      2      0      0
     0      0      0      0      0      0      0      1      0     44      0      0
     0      0      0      0      0      0      0      0      0      0     45      0
     0      0      0      0      0      0      0      0      0      0      0     45
