     0     15      0      1      2      0      0      0      0      0      0      0
     0     18      0      0      0      0      0      0      0      0      0      0
     0      0     18      0      0      0      0      0      0      0      0      0
     0      0      0     15      0      0      0      0      0      0      0      3
     0      0      0      3     12      0      0      0      1      0      0      2
     0      2      4      1      6      4      0      0      1      0      0      0
     0      0      5      3      4      4      0      0      2      0      0      0
     0     12      0      6      0      0      0      0      0      0      0      0
     0      9      0      0      0      0      0      0      9      0      0      0
     0     18      0      0      0      0      0      0      0      0      0      0
     0      0      1     15      0      0      0      0      0      0      0      2
     0      0      0      3      9      0      0      0      2      0      0      4
