    15      0      0      0      0      0      0      0      0      0      0      0
     0     15      0      0      0      0      0      0      0      0      0      0
     0      0     15      0      0      0      0      0      0      0      0      0
     0      0      0     15      0      0      0      0      0      0      0      0
     0      0      0      0     15      0      0      0      0      0      0      0
     0      0      0      0      0     13      2      0      0      0      0      0
     0      0      0      0      0      2     13      0      0      0      0      0
     0      1      0      0      0      0      0      9      1      4      0      0
     0      1      0      0      0      0      0      0     13      1      0      0
     0      8      0      0      0      0      0      0      0      7      0      0
     0      0      0      8      0      0      1      0      0      0      6      0
     0      0      0      1     14      0      0      0      0      0      0      0
