    18      0      0      0      0      0      0      0      0      0      0      0
     0      7      0      0      0      0      0      0      2      9      0      0
     0      0     15      0      2      1      0      0      0      0      0      0
     0      0      0     15      3      0      0      0      0      0      0      0
     0      0      0      1     17      0      0      0      0      0      0      0
     0      0      0      0      0     17      1      0      0      0      0      0
     0      0      0      0      0      5     13      0      0      0      0      0
     0      2      0      0      0      0      0      4      1     11      0      0
     0      1      0      0      0      0      0      0     17      0      0      0
     0      3      0      0      0      0      0      0      1     14      0      0
     0      0      0     10      5      0      2      0      0      0      1      0
     0      0      0      0     18      0      0      0      0      0      0      0
