    18      0      0      0      0      0      0      0      0      0      0      0
     0      0      0      0      0      0      0      2      0     16      0      0
     0      0     18      0      0      0      0      0      0      0      0      0
     0      0      0     18      0      0      0      0      0      0      0      0
     0      0      0      3     15      0      0      0      0      0      0      0
     0      0      0      0      0     18      0      0      0      0      0      0
     0      0      0      0      0      5     13      0      0      0      0      0
     0      0      0      0      0      0      0     14      1      3      0      0
     0      0      0      0      0      0      0      0     18      0      0      0
     0      0      0      0      0      0      0      2      0     16      0      0
     0      0      0     16      0      0      0      0      0      0      2      0
     0      0      0      3     14      0      0      0      0      0      0      1
