    18      0      0      0      0      0      0      0      0      0      0      0
     1      5      0      0      0      0      0      0      0     12      0      0
     0      0     18      0      0      0      0      0      0      0      0      0
     0      0      0     15      0      0      0      0      0      0      0      3
     0      0      0      0      0      0      0      0      0      0      0     18
     0      0      0      0      0     14      4      0      0      0      0      0
     0      0      0      0      0      0     18      0      0      0      0      0
     0      0      0      0      0      0      0     18      0      0      0      0
     0      0      0      0      0      0      0      0     18      0      0      0
     0      0      0      0      0      0      0      0      0     18      0      0
     0      0      0     15      0      0      0      0      0      0      0      3
     0      0      0      0      0      0      0      0      0      0      0     18
