    45      0      0      0      0      0      0      0      0      0      0      0
     0     38      3      0      0      0      0      0      0      4      0      0
     0      2     43      0      0      0      0      0      0      0      0      0
     0      1      1     43      0      0      0      0      0      0      0      0
     0      0      0      0     41      0      0      0      0      0      0      4
     0      1      0      0      0     44      0      0      0      0      0      0
     0      0      0      0      0      0     45      0      0      0      0      0
     0      1      0      0      0      0      0     44      0      0      0      0
     0      0      0      0      0      0      0      0     45      0      0      0
     0      0      0      0      0      0      0      0      0     45      0      0
     0      0      0      2      0      0      0      0      0      0     43      0
     0      0      0      0      0      0      0      0      0      0      0     45
