    18      0      0      0      0      0      0      0      0      0      0      0
     0      4      0      1      0      0      0      0      0     13      0      0
     0      0     18      0      0      0      0      0      0      0      0      0
     0      0      0     18      0      0      0      0      0      0      0      0
     0      0      0      0     18      0      0      0      0      0      0      0
     0      0      0      0      0     16      2      0      0      0      0      0
     0      0      0      0      0      0     18      0      0      0      0      0
     0      0      0      0      0      0      0     12      0      6      0      0
     0      0      0      0      0      0      0      0     13      5      0      0
     0      0      0      0      0      0      0      0      0     18      0      0
     0      0      0     17      1      0      0      0      0      0      0      0
     0      0      0      0     10      0      0      0      0      0      0      8
