    90      0      0      0      0      0      0      0      0      0      0      0
     0     67      0      0      0      0      0      1      4     17      1      0
     0      0     89      0      0      0      1      0      0      0      0      0
     0      0      0     66      0      1      0      0      0      0     23      0
     0      0      0      2     70      0      0      0      0      0      1     17
     0      0      0      1      0     83      6      0      0      0      0      0
     0      0      0      0      0      2     88      0      0      0      0      0
     0      2      0      0      0      0      0     80      2      6      0      0
     0      5      0      0      0      0      0      4     73      8      0      0
     0      4      0      0      0      0      0      1      2     83      0      0
     0      0      0      8      0      0      0      0      0      0     81      1
     0      0      0      0      7      0      0      0      0      0      0     83
