    69      0      0     20      1      0      0      0      0      0      0      0
     0     70      0      5      4      0      0      3      8      0      0      0
     0      0     75      0      0      0      7      8      0      0      0      0
     0      0      0     73     10      0      3      0      0      0      4      0
     0      0      0     17     66      1      5      0      0      0      1      0
     0      0      0      0      0     73     17      0      0      0      0      0
     0      0      0      0      0      4     86      0      0      0      0      0
     0     14      0      0     15      3      1     10     47      0      0      0
     0     14      0      0      2      0      0      4     70      0      0      0
     0     67      0      0      0      0      0      0     13     10      0      0
     0      0      0     71      8      0      0      0      0      0     11      0
     0      0      0     13     72      5      0      0      0      0      0      0
