     0      0      5      0      6      0      0      0      2      5      0      0
     0      0      0      0      0      0      0      0      0     18      0      0
     0      0     18      0      0      0      0      0      0      0      0      0
     0      0      0     15      2      0      0      0      1      0      0      0
     0      0      0      3     15      0      0      0      0      0      0      0
     0      0      9      0      0      2      7      0      0      0      0      0
     0      0      5      0      0      0     13      0      0      0      0      0
     0      0      0      1      0      0      0      8      1      8      0      0
     0      0      0      0      0      0      0      0     17      1      0      0
     0      0      0      0      0      0      0      0      0     18      0      0
     0      0      0      6      3      0      0      0      0      0      9      0
     0      0      0      3     15      0      0      0      0      0      0      0
