     5      0      0      2      4      0      6      0      0      0      0      1
     0      1      0      0      0      0      0      3      0     14      0      0
     0      0      4      1      6      0      7      0      0      0      0      0
     0      0      0     11      1      0      6      0      0      0      0      0
     0      0      0      0     11      0      6      0      0      0      0      1
     0      0      0      0      0      1     17      0      0      0      0      0
     0      0      0      0      0      0     18      0      0      0      0      0
     0      0      0      0      0      0      0      4      0     14      0      0
     0      3      0      0      0      0      4      2      4      5      0      0
     0      0      0      0      0      0      0      2      0     16      0      0
     0      0      0      4      3      0      9      1      0      0      0      1
     0      0      0      1     12      0      4      0      0      0      0      1
