    90      0      0      0      0      0      0      0      0      0      0      0
     0     70      0      0      0      0      0      1      4     15      0      0
     0      0     90      0      0      0      0      0      0      0      0      0
     0      0      0     73      0      0      0      0      0      0     17      0
     1      0      0      0     81      0      0      0      0      0      0      8
     0      0      1      0      0     87      2      0      0      0      0      0
     0      0      0      0      0      1     89      0      0      0      0      0
     0      1      0      0      0      0      0     82      0      7      0      0
     0      6      0      1      0      0      0      5     73      5      0      0
     0      5      0      0      0      0      0      0      2     83      0      0
     0      0      0      6      0      0      3      0      0      0     78      3
     0      0      0      0     11      0      0      0      0      0      0     79
