output/result_backup/table_2019_02_12_original_pre_3_12gestures_fc6_1024_fc7_1024_from_pretrained/K2_K5_2019-02-10_01.33

fc6_linear
Giang		Hai  		Long 		Minh 		Thuan		Thuy 		Tuyen		Final accuracy
loss	acc 	loss	acc 	loss	acc 	loss	acc 	loss	acc 	loss	acc 	loss	acc 	
5.4601	0.1389	5.6335	0.1667	5.3011	0.1111	6.1059	0.0833	4.6240	0.2500	5.7644	0.2778	4.8813	0.1944		0.1746
5.4259	0.1667	4.4011	0.1667	3.9588	0.2778	4.6968	0.1389	4.9625	0.0278	4.7755	0.2222	5.5899	0.0833		0.1548
5.1857	0.0000	5.4334	0.3611	4.5718	0.0833	5.5173	0.0000	4.1292	0.0833	4.3081	0.2500	4.8154	0.0556		0.1190
4.2703	0.1111	4.4067	0.1667	3.7554	0.2222	4.2243	0.0833	4.5537	0.1111	4.1068	0.1667	4.1449	0.0833		0.1349
4.2068	0.1389	3.7033	0.2222	3.5621	0.2222	3.6010	0.1111	3.9324	0.1389	3.9298	0.1111	3.3218	0.0833		0.1468
4.2170	0.1111	3.2766	0.1944	3.6084	0.1944	4.4746	0.1389	3.5085	0.1667	3.8310	0.1667	3.3462	0.1111		0.1548
fc6_linear_accuracy:0.2381

fc6_rbf
Giang		Hai  		Long 		Minh 		Thuan		Thuy 		Tuyen		Final accuracy
loss	acc 	loss	acc 	loss	acc 	loss	acc 	loss	acc 	loss	acc 	loss	acc 	
3.1887	0.1111	3.5546	0.1667	3.3682	0.0833	4.1259	0.0833	3.8606	0.0833	4.2015	0.0833	3.5426	0.3333		0.1349
3.2291	0.1111	3.6018	0.1389	2.9152	0.1667	3.7795	0.1667	3.6673	0.1111	3.6546	0.2500	3.6265	0.1667		0.1587
4.0065	0.1944	3.5651	0.1667	3.0735	0.1667	3.9813	0.0833	3.9694	0.1667	3.7045	0.2500	3.5249	0.0833		0.1587
3.5545	0.2778	3.8538	0.1667	3.6136	0.0833	3.6321	0.1111	3.8779	0.0833	3.4326	0.2500	3.4793	0.1667		0.1627
3.9978	0.1389	3.4976	0.1667	3.5261	0.2222	3.1936	0.2222	4.0439	0.0833	3.5926	0.2500	3.4485	0.2222		0.1865
3.7724	0.1111	3.4977	0.1667	3.7440	0.1667	3.9259	0.1111	3.8423	0.1667	3.5890	0.2500	3.2827	0.1111		0.1548
fc6_rbf_accuracy:0.2341

fc7_linear
Giang		Hai  		Long 		Minh 		Thuan		Thuy 		Tuyen		Final accuracy
loss	acc 	loss	acc 	loss	acc 	loss	acc 	loss	acc 	loss	acc 	loss	acc 	
4.7424	0.2222	4.0603	0.3056	3.6571	0.1667	4.1826	0.3333	4.9534	0.2222	4.9545	0.2222	4.1249	0.2500		0.2460
4.1786	0.1111	4.2101	0.2222	3.1269	0.1667	4.1672	0.2778	3.7952	0.1389	3.9819	0.1944	3.6708	0.0833		0.1706
3.5383	0.0833	4.3779	0.1667	3.8100	0.1389	3.5344	0.3056	3.7216	0.1389	3.9545	0.2222	3.0572	0.1667		0.1746
3.5523	0.1389	3.7231	0.1944	3.1384	0.2222	3.1022	0.3611	3.5401	0.1944	3.5215	0.2778	3.1146	0.2500		0.2341
3.1977	0.2222	3.4300	0.2222	3.0826	0.1667	3.0463	0.3056	3.3908	0.2222	3.6222	0.2222	2.7768	0.1944		0.2222
3.1016	0.2778	3.3408	0.2500	3.0524	0.2222	2.9569	0.3333	3.2547	0.1944	3.5813	0.2500	2.7102	0.2222		0.2500
fc7_linear_accuracy:0.2738

fc7_rbf
Giang		Hai  		Long 		Minh 		Thuan		Thuy 		Tuyen		Final accuracy
loss	acc 	loss	acc 	loss	acc 	loss	acc 	loss	acc 	loss	acc 	loss	acc 	
3.0777	0.2222	2.5753	0.3333	2.4219	0.1667	2.5617	0.2500	2.9773	0.2222	2.9754	0.2222	2.5410	0.2500		0.2381
3.0219	0.2222	2.6216	0.1944	2.2649	0.1667	3.0218	0.2500	3.1591	0.1944	3.2728	0.2222	2.4389	0.2222		0.2103
3.3052	0.3056	3.0239	0.2222	2.5398	0.2222	2.6491	0.3889	3.2508	0.1667	2.9550	0.3056	2.6528	0.2778		0.2698
3.3261	0.1944	2.9892	0.3056	2.6438	0.2222	2.6496	0.3889	3.6462	0.1667	3.0308	0.2778	2.6991	0.1944		0.2500
3.1084	0.2222	2.9745	0.2222	2.8859	0.2222	2.8434	0.3056	3.6736	0.1389	3.6900	0.2500	2.8437	0.1111		0.2103
3.0907	0.2500	3.1018	0.2222	2.8714	0.2222	2.7583	0.3889	3.4580	0.1667	3.4197	0.2500	2.5986	0.1111		0.2302
fc7_rbf_accuracy:0.2937

prob
Giang		Hai  		Long 		Minh 		Thuan		Thuy 		Tuyen		Final accuracy
loss	acc 	loss	acc 	loss	acc 	loss	acc 	loss	acc 	loss	acc 	loss	acc 	
2.3195	0.1111	1.9816	0.3056	2.2617	0.1667	2.4004	0.2500	2.3455	0.1389	2.5183	0.1944	2.2594	0.1944		0.1944
2.5333	0.1389	2.2616	0.2778	2.2594	0.2500	2.4471	0.3056	2.7571	0.1944	2.5832	0.2500	2.2558	0.2222		0.2341
2.7125	0.1389	2.3799	0.2778	2.3581	0.2500	2.5293	0.3333	3.1064	0.1111	2.7708	0.2500	2.5908	0.1944		0.2222
2.8908	0.1389	2.6755	0.2778	2.6578	0.2500	2.7251	0.3056	3.0673	0.1667	3.5470	0.2222	2.3052	0.1667		0.2183
2.9967	0.1944	2.6504	0.2778	2.7452	0.2500	2.6860	0.3333	3.3655	0.1944	3.6976	0.1944	2.5277	0.1667		0.2302
2.9238	0.1389	2.8558	0.2778	2.8058	0.2500	2.6938	0.3056	3.4344	0.1667	3.5196	0.2222	2.4991	0.1667		0.2183
prob_accuracy:0.2500

