     0      0      0     13      2      0      0      0      0      0      0      0
     0      6      0      0      0      0      0      0      6      3      0      0
     0      0     14      0      0      0      0      1      0      0      0      0
     0      0      0     14      0      0      0      0      0      0      1      0
     0      0      0      3     11      0      0      0      0      0      1      0
     0      0      0      3      1     10      1      0      0      0      0      0
     0      0      0      8      1      3      3      0      0      0      0      0
     0      0      0      0      2      0      0      2     10      1      0      0
     0      0      0      0      0      0      0      0     14      1      0      0
     0      3      0      0      0      0      0      0      8      4      0      0
     0      0      0     12      1      0      0      0      0      0      2      0
     0      0      0      3     12      0      0      0      0      0      0      0
