output/result/K3_K1_2019-02-21_06.50

fc6_linear
Giang		Hai  		Long 		Minh 		Thuy 		Tuyen		Final accuracy
loss	acc 	loss	acc 	loss	acc 	loss	acc 	loss	acc 	loss	acc 	
6.0749	0.0000	7.5080	0.0833	5.3621	0.1944	4.7730	0.1111	4.8444	0.1111	5.0855	0.1111		0.1019
5.4348	0.1111	4.0393	0.1944	4.8105	0.3056	4.8867	0.0833	4.0527	0.1944	4.5195	0.1111		0.1667
4.6288	0.0833	4.3888	0.1667	3.5368	0.1111	4.1156	0.1667	3.7036	0.0278	4.1510	0.1667		0.1204
5.6088	0.0833	5.5562	0.0833	5.0335	0.1667	3.7235	0.1389	3.2237	0.1389	3.3315	0.1389		0.1250
4.2828	0.1667	3.4530	0.1667	3.1973	0.2500	3.5362	0.2500	3.2828	0.1389	4.5432	0.1667		0.1898
5.7181	0.0833	3.4247	0.1944	3.1635	0.3333	3.5008	0.2222	3.3798	0.1667	4.9376	0.1111		0.1852
4.1124	0.1667	3.8092	0.1389	2.7512	0.2778	3.1715	0.1667	3.2497	0.1389	4.2736	0.1389		0.1713
fc6_linear_accuracy:0.2176

fc6_rbf
Giang		Hai  		Long 		Minh 		Thuy 		Tuyen		Final accuracy
loss	acc 	loss	acc 	loss	acc 	loss	acc 	loss	acc 	loss	acc 	
5.4023	0.0833	4.6764	0.0556	4.8430	0.0833	3.4911	0.3611	3.7136	0.2222	4.2662	0.1667		0.1620
4.4342	0.0833	3.3178	0.1389	3.3510	0.1667	3.7846	0.2778	3.2776	0.2222	4.1970	0.0833		0.1620
3.4736	0.2500	3.1462	0.1389	3.1682	0.1111	3.0799	0.2222	2.8581	0.2500	4.0054	0.1667		0.1898
4.1453	0.0833	4.2487	0.1667	4.6083	0.1111	2.9213	0.3333	3.0403	0.1944	3.4606	0.1111		0.1667
2.9622	0.1389	3.6862	0.0556	2.9027	0.2222	2.9790	0.2500	2.6644	0.2222	4.0900	0.1389		0.1713
4.2122	0.0833	3.4521	0.2222	2.5896	0.2500	2.8193	0.2500	2.5133	0.2500	3.9540	0.1111		0.1944
3.2365	0.1111	3.3107	0.2222	3.3044	0.1944	3.8854	0.1389	2.6222	0.1944	4.0355	0.0278		0.1481
fc6_rbf_accuracy:0.2500

fc7_linear
Giang		Hai  		Long 		Minh 		Thuy 		Tuyen		Final accuracy
loss	acc 	loss	acc 	loss	acc 	loss	acc 	loss	acc 	loss	acc 	
4.8267	0.0833	4.2736	0.1944	3.1857	0.1944	3.8987	0.1111	3.6636	0.0833	4.0572	0.1389		0.1343
4.2217	0.1389	4.5781	0.2500	3.3064	0.3056	4.2817	0.0556	3.8778	0.1389	3.9325	0.1944		0.1806
4.7392	0.1667	3.9506	0.2222	4.2016	0.1111	3.8367	0.1667	3.3360	0.1667	4.2099	0.2778		0.1852
4.3752	0.1667	3.6144	0.2500	3.7222	0.2500	3.7173	0.2500	3.3287	0.1389	3.4667	0.1667		0.2037
3.4102	0.0833	3.8246	0.2222	3.0679	0.1667	3.6398	0.2222	3.3778	0.1944	3.8645	0.1944		0.1806
3.3681	0.2500	4.1377	0.1667	3.2716	0.2222	3.3957	0.1944	3.3599	0.2222	3.4197	0.1667		0.2037
3.4739	0.1944	4.1480	0.1944	3.1714	0.2222	3.3762	0.1944	3.5047	0.1944	3.5236	0.1667		0.1944
fc7_linear_accuracy:0.2593

fc7_rbf
Giang		Hai  		Long 		Minh 		Thuy 		Tuyen		Final accuracy
loss	acc 	loss	acc 	loss	acc 	loss	acc 	loss	acc 	loss	acc 	
3.3687	0.1667	3.4351	0.1667	2.9122	0.3333	3.2503	0.1667	3.0635	0.1944	3.2706	0.1111		0.1898
3.6716	0.0833	3.4307	0.1389	2.9236	0.2778	3.2370	0.2222	2.8729	0.1944	3.0119	0.2222		0.1898
3.3496	0.1111	3.2243	0.1667	2.8348	0.2222	2.8791	0.1667	2.7355	0.2778	3.2410	0.2500		0.1991
3.5128	0.1667	3.0401	0.1944	2.6445	0.2222	2.7806	0.2778	2.7870	0.2500	3.0013	0.2500		0.2269
3.1471	0.1389	3.2246	0.1667	2.5587	0.2500	3.0452	0.2778	2.8397	0.2222	3.2402	0.2222		0.2130
3.2138	0.1389	3.2934	0.1944	2.4521	0.3056	2.8939	0.2222	2.9343	0.2222	2.9994	0.1667		0.2083
3.1904	0.1389	3.2816	0.1944	2.4770	0.2222	2.9602	0.2222	2.9088	0.2500	3.1269	0.3056		0.2222
fc7_rbf_accuracy:0.2593

prob
Giang		Hai  		Long 		Minh 		Thuy 		Tuyen		Final accuracy
loss	acc 	loss	acc 	loss	acc 	loss	acc 	loss	acc 	loss	acc 	
3.2304	0.0833	2.8144	0.0833	2.2121	0.2778	2.5618	0.0833	2.3225	0.1111	2.6015	0.1389		0.1296
3.1011	0.0833	3.2139	0.1667	2.1653	0.2500	2.6344	0.1944	2.1111	0.3056	2.7895	0.1944		0.1991
3.4696	0.0556	3.2447	0.1667	2.6018	0.2500	2.8857	0.1944	2.6073	0.2778	2.8007	0.1944		0.1898
3.1762	0.0556	3.0957	0.1944	2.6849	0.2500	2.9578	0.2500	2.5314	0.3333	2.9003	0.1944		0.2130
3.3858	0.1111	2.9376	0.2222	2.7065	0.2222	2.9601	0.1944	2.4380	0.2500	2.9840	0.2222		0.2037
3.5676	0.1111	2.9636	0.2222	2.6300	0.2500	2.7199	0.2500	2.3306	0.3333	2.8813	0.2222		0.2315
3.5856	0.1111	2.9616	0.2500	2.6054	0.2500	2.8548	0.2222	2.3728	0.2778	2.9243	0.2222		0.2222
prob_accuracy:0.2407

