    15      0      0      0      0      0      0      0      0      0      0      0
     0      9      0      0      0      0      0      0      0      6      0      0
     0      0     15      0      0      0      0      0      0      0      0      0
     0      0      0     15      0      0      0      0      0      0      0      0
     0      0      0      0     15      0      0      0      0      0      0      0
     0      0      0      0      0     15      0      0      0      0      0      0
     0      0      0      0      0      0     15      0      0      0      0      0
     0      1      0      0      0      0      0     11      2      1      0      0
     0      0      0      0      0      0      0      0     15      0      0      0
     0      0      0      0      0      0      0      0      0     15      0      0
     0      0      0      0      0      0      0      0      0      0     15      0
     0      0      0      0     13      0      0      0      0      0      0      2
