    18      0      0      0      0      0      0      0      0      0      0      0
     0     14      0      0      0      0      0      0      2      2      0      0
     0      0     18      0      0      0      0      0      0      0      0      0
     0      0      0      5      9      3      0      0      0      0      1      0
     0      0      0      0     17      1      0      0      0      0      0      0
     0      0      0      0      0     18      0      0      0      0      0      0
     0      0      0      0      0      3     15      0      0      0      0      0
     0     13      0      0      0      0      0      0      5      0      0      0
     0      9      0      0      0      0      0      0      9      0      0      0
     0      9      0      0      0      0      0      0      0      9      0      0
     0      0      0      1      6      2      0      0      0      0      9      0
     0      0      0      0     10      2      0      0      0      0      0      6
