    45      0      0      0      0      0      0      0      0      0      0      0
     0     16      0      0      0      0      0      0      3     26      0      0
     0      0     44      0      0      0      0      1      0      0      0      0
     0      0      0      5      0      0      0      0      0      0     40      0
     1      0      0      0     26      0      0      0      0      0      1     17
     0      0      0      0      0     44      1      0      0      0      0      0
     0      0      0      0      0      1     44      0      0      0      0      0
     0      0      0      0      0      0      0     40      3      2      0      0
     0      0      0      0      0      0      0      0     45      0      0      0
     0      0      0      0      0      0      0      0      1     44      0      0
     0      0      0      0      0      0      0      0      0      0     45      0
     0      0      0      0      0      0      0      0      0      0      1     44
