     0     12      0      1      0      0      0      0      2      0      0      3
     0     17      0      0      0      0      0      0      0      0      0      1
     0      0     18      0      0      0      0      0      0      0      0      0
     0      0      0     15      0      0      0      0      0      0      0      3
     0      0      0      2     14      0      0      0      1      0      0      1
     0      1      5      6      3      0      0      0      0      0      0      3
     0      0     10      6      0      0      0      0      0      0      0      2
     0     15      0      0      0      0      0      0      0      0      0      3
     0     11      0      0      0      0      0      0      7      0      0      0
     0     18      0      0      0      0      0      0      0      0      0      0
     0      0      0     15      0      0      0      0      0      0      0      3
     0      0      0      1     11      0      0      0      4      0      0      2
