     0      0      0      0     10      0      0      0      0      0      0      8
     0     17      0      0      0      0      0      0      0      0      0      1
     0      0     18      0      0      0      0      0      0      0      0      0
     0      3      4      7      4      0      0      0      0      0      0      0
     0      0      3      0      7      0      0      0      0      0      0      8
     0      0      1      0      2     12      0      0      0      0      0      3
     0      4      4      0      5      3      0      0      0      0      0      2
     0     18      0      0      0      0      0      0      0      0      0      0
     0     18      0      0      0      0      0      0      0      0      0      0
     0     18      0      0      0      0      0      0      0      0      0      0
     0      0      6      3      6      0      0      0      0      0      0      3
     0      0      3      0      3      0      0      0      0      0      0     12
