    19     11      0     10      0      0      0      0      0      0      5      0
     0     41      4      0      0      0      0      0      0      0      0      0
     0      2     43      0      0      0      0      0      0      0      0      0
     0      3      2     30      0      0      0      0      0      0     10      0
     0     11      1      0      0      0      0      0      0      0      0     33
     0     20      5      6      0      5      0      0      0      0      1      8
     0     19      8     10      0      0      0      0      0      0      1      7
     0     20     11      0      0      0      0     12      2      0      0      0
     0      6      3      0      0      0      0      2     26      1      0      7
     0     38      0      0      0      0      0      0      0      7      0      0
     0      0      0     13      0      0      0      0      0      0     29      3
     0      3      0      0      0      0      0      0      0      0      0     42
