    45      0      0      0      0      0      0      0      0      0      0      0
     0     39      2      0      0      0      0      0      1      3      0      0
     0      1     44      0      0      0      0      0      0      0      0      0
     0      0      0     41      0      0      0      0      0      0      4      0
     0      0      0      0     44      0      0      0      0      0      0      1
     0      0      0      0      0     44      1      0      0      0      0      0
     0      0      0      0      0      0     45      0      0      0      0      0
     0      0      0      0      0      0      0     45      0      0      0      0
     0      0      1      0      0      0      0      0     44      0      0      0
     0      0      0      0      0      0      0      0      0     45      0      0
     0      0      0      1      0      0      0      0      0      0     44      0
     0      0      0      0      2      0      0      0      0      0      0     43
