    45      0      0      0      0      0      0      0      0      0      0      0
     0     42      1      0      0      0      0      0      0      2      0      0
     0      1     43      0      0      1      0      0      0      0      0      0
     0      0      0     45      0      0      0      0      0      0      0      0
     1      0      0      0     44      0      0      0      0      0      0      0
     0      0      0      0      0     45      0      0      0      0      0      0
     0      0      0      0      0      1     44      0      0      0      0      0
     0      0      0      0      0      0      0     45      0      0      0      0
     0      0      0      0      0      0      0      0     45      0      0      0
     0      0      0      0      0      0      0      0      0     45      0      0
     0      0      0     23      0      0      0      0      0      0     22      0
     0      0      0      0     30      0      0      0      0      0      0     15
