    15      0      0      0      0      0      0      0      0      0      0      0
     0     15      0      0      0      0      0      0      0      0      0      0
     0      0     15      0      0      0      0      0      0      0      0      0
     0      0      0     15      0      0      0      0      0      0      0      0
     0      0      0      0     11      0      0      0      0      0      0      4
     0      0      0      0      0     15      0      0      0      0      0      0
     0      0      0      0      0      4     11      0      0      0      0      0
     0      0      0      0      0      0      0     14      1      0      0      0
     0      0      0      0      0      0      0      0     15      0      0      0
     0      0      0      0      0      0      0      0      2     13      0      0
     0      0      0      3      0      0      0      0      0      0     11      1
     0      0      0      0      0      0      0      0      0      0      0     15
