    15      0      0      0      0      0      0      0      0      0      0      0
     0     14      0      0      0      0      0      1      0      0      0      0
     0      0     15      0      0      0      0      0      0      0      0      0
     0      0      0     15      0      0      0      0      0      0      0      0
     0      0      0      1     14      0      0      0      0      0      0      0
     0      0      0      0      0     13      2      0      0      0      0      0
     0      0      0      0      0      0     15      0      0      0      0      0
     0      3      0      0      0      0      0      9      0      3      0      0
     0      1      0      0      0      0      0      0      4     10      0      0
     0      0      0      0      0      0      0      0      0     15      0      0
     0      0      0     14      0      0      0      0      0      0      1      0
     0      0      0      0      4      0      0      0      0      0      0     11
