    14      0      0      0      1      0      0      0      0      0      0      0
     0     14      0      0      0      0      0      1      0      0      0      0
     0      0     15      0      0      0      0      0      0      0      0      0
     0      0      0     15      0      0      0      0      0      0      0      0
     0      0      0      1     14      0      0      0      0      0      0      0
     0      0      0      1      0     11      2      0      0      0      1      0
     0      0      0      1      0      1     13      0      0      0      0      0
     0      1      0      0      0      0      0     13      0      1      0      0
     0      1      0      0      0      0      0      0     14      0      0      0
     0      8      0      0      0      0      0      1      0      6      0      0
     0      0      0     14      0      0      0      0      0      0      1      0
     0      0      0      2     13      0      0      0      0      0      0      0
