output/result_backup/table_2019_02_12_original_pre_3_12gestures_fc6_1024_fc7_1024_from_pretrained/K2_K1_2019-02-09_13.38

fc6_linear
Giang		Hai  		Long 		Minh 		Thuan		Thuy 		Tuyen		Final accuracy
loss	acc 	loss	acc 	loss	acc 	loss	acc 	loss	acc 	loss	acc 	loss	acc 	
7.1727	0.0000	7.4034	0.0000	8.4125	0.0833	5.8950	0.0278	6.8220	0.0833	6.1156	0.0556	5.9884	0.2222		0.0675
4.4853	0.0833	5.8085	0.2222	5.4078	0.1111	4.7969	0.1667	5.4118	0.1389	5.1152	0.0556	6.6766	0.1667		0.1349
3.9144	0.3056	6.6308	0.0833	5.6816	0.1667	5.1953	0.1667	4.7212	0.1667	5.1657	0.0000	6.3072	0.0833		0.1389
3.3843	0.1944	5.9048	0.0833	5.4380	0.0833	4.5974	0.0556	4.8656	0.1667	4.6514	0.0000	6.2242	0.0833		0.0952
4.0941	0.2222	5.3872	0.1389	5.9139	0.1111	5.1902	0.0556	4.4960	0.1667	4.4098	0.1111	6.2995	0.1111		0.1310
3.1481	0.2778	5.1972	0.1389	5.8584	0.1111	4.6180	0.0000	5.3773	0.2500	4.7405	0.0556	5.5516	0.1389		0.1389
fc6_linear_accuracy:0.2063

fc6_rbf
Giang		Hai  		Long 		Minh 		Thuan		Thuy 		Tuyen		Final accuracy
loss	acc 	loss	acc 	loss	acc 	loss	acc 	loss	acc 	loss	acc 	loss	acc 	
3.9903	0.1389	3.9612	0.0833	3.8735	0.0833	3.8513	0.0833	3.7683	0.0833	3.7096	0.0833	3.6252	0.2500		0.1151
4.0488	0.0833	4.6055	0.0833	3.9280	0.0833	3.6027	0.1389	3.6817	0.1111	4.2312	0.0833	3.6884	0.2222		0.1151
3.5468	0.1667	5.3140	0.0833	4.2099	0.1667	3.6343	0.1111	4.1479	0.1667	3.9394	0.0833	4.0170	0.1667		0.1349
3.2325	0.1944	5.3914	0.0278	4.2916	0.0556	4.0034	0.1944	4.1227	0.0833	3.8484	0.0833	3.9118	0.1667		0.1151
4.0552	0.1667	4.9054	0.0833	4.0788	0.0278	3.7324	0.1111	4.0394	0.1111	4.6945	0.0833	3.9070	0.2500		0.1190
4.0488	0.1944	4.9227	0.0833	4.8104	0.0556	3.6868	0.0833	4.3071	0.0833	4.7459	0.0833	3.9426	0.2778		0.1230
fc6_rbf_accuracy:0.1667

fc7_linear
Giang		Hai  		Long 		Minh 		Thuan		Thuy 		Tuyen		Final accuracy
loss	acc 	loss	acc 	loss	acc 	loss	acc 	loss	acc 	loss	acc 	loss	acc 	
6.4426	0.1389	5.7567	0.1111	5.1802	0.1389	5.6556	0.1944	5.3426	0.2500	5.9897	0.1667	6.5207	0.1667		0.1667
4.6988	0.0833	5.0761	0.1389	4.5284	0.1667	5.2356	0.1111	4.7796	0.1667	4.2957	0.0833	6.1388	0.1111		0.1230
4.5204	0.1944	5.3086	0.1667	4.6530	0.2222	4.7728	0.0833	4.5094	0.1667	4.7175	0.0833	5.5737	0.1111		0.1468
3.5587	0.1667	4.6919	0.1667	4.0960	0.1667	4.3358	0.1111	3.9220	0.1667	4.2933	0.1389	4.5385	0.1111		0.1468
3.6106	0.3611	4.5362	0.1667	3.7784	0.1667	3.7091	0.1667	3.8718	0.1667	3.8024	0.1667	4.6172	0.1111		0.1865
3.5640	0.3056	4.4598	0.1667	3.7226	0.1667	3.7468	0.1667	3.7419	0.1667	3.7562	0.1667	4.5683	0.1389		0.1825
fc7_linear_accuracy:0.2183

fc7_rbf
Giang		Hai  		Long 		Minh 		Thuan		Thuy 		Tuyen		Final accuracy
loss	acc 	loss	acc 	loss	acc 	loss	acc 	loss	acc 	loss	acc 	loss	acc 	
3.3931	0.2500	4.1068	0.1667	3.9884	0.1389	3.7328	0.1667	3.5608	0.1667	3.5085	0.2778	4.2730	0.0833		0.1786
3.3217	0.2222	4.3067	0.1667	4.2613	0.1111	3.6353	0.1111	3.6258	0.1667	3.7092	0.1667	3.8485	0.1667		0.1587
3.4935	0.2778	4.6740	0.1667	4.4465	0.1389	3.7571	0.0833	3.8795	0.1667	3.9535	0.1111	3.9001	0.0833		0.1468
3.2659	0.1944	4.8020	0.1667	4.1015	0.1389	3.5628	0.1667	3.6426	0.1667	4.0410	0.1111	3.7189	0.1944		0.1627
3.6857	0.2778	5.1633	0.1667	3.8825	0.1667	3.5433	0.1111	3.8592	0.1667	4.2235	0.1389	3.8129	0.1944		0.1746
3.4592	0.2778	4.8893	0.1667	4.0962	0.1667	3.3643	0.1667	3.7434	0.1667	4.1277	0.1667	4.0744	0.1944		0.1865
fc7_rbf_accuracy:0.2024

prob
Giang		Hai  		Long 		Minh 		Thuan		Thuy 		Tuyen		Final accuracy
loss	acc 	loss	acc 	loss	acc 	loss	acc 	loss	acc 	loss	acc 	loss	acc 	
2.2630	0.2500	2.5966	0.0833	2.6708	0.1667	2.5280	0.1111	2.3174	0.1944	2.5751	0.1389	2.4412	0.0833		0.1468
2.3555	0.3611	3.4869	0.1667	3.0707	0.1944	2.6615	0.1667	2.7812	0.1667	3.0995	0.2222	3.4800	0.0833		0.1944
2.3894	0.3889	4.1823	0.1667	3.0743	0.1667	2.9867	0.2222	2.8500	0.1667	3.3274	0.0833	3.1596	0.1389		0.1905
2.6328	0.3611	4.7774	0.1667	3.6854	0.1389	3.0710	0.2222	3.0176	0.1667	3.7012	0.2222	2.9801	0.1111		0.1984
2.7671	0.3333	4.0660	0.1111	3.3911	0.1667	3.3482	0.1667	3.1965	0.1667	4.2440	0.1667	3.3361	0.1111		0.1746
2.6935	0.3889	4.6204	0.1111	3.4564	0.1944	3.1150	0.1944	3.2204	0.1667	4.1903	0.2222	3.5796	0.1111		0.1984
prob_accuracy:0.2183

