    13      0      0      0      1      0      0      0      0      0      0      4
     0      2      0      0      0      0      0      0      0     16      0      0
     0      0      1      0      1      0     12      0      0      0      3      1
     0      0      0      5      2      0      5      0      0      0      5      1
     0      0      0      0      3      0      2      0      0      0      3     10
     0      0      0      0      0      3     15      0      0      0      0      0
     0      0      0      0      0      0     18      0      0      0      0      0
     0      4      0      0      0      0      1      4      0      9      0      0
     0      3      0      0      0      0      4      2      2      7      0      0
     0      0      0      0      0      0      0      0      0     18      0      0
     0      0      0      2      1      0      2      0      0      0      9      4
     0      0      0      0      2      0      1      0      0      0      5     10
