output/result_backup/table_26Jan2019_fc6_2048_fc7_2048/K3_K1_2019-01-25_23.12

fc6_linear
Binh 		Giang		Hung 		Tan  		Thuan		Final accuracy
loss	acc 	loss	acc 	loss	acc 	loss	acc 	loss	acc 	
2.0873	0.4714	0.8973	0.6381	1.6230	0.4452	1.2276	0.6381	1.3293	0.4083		0.5202
2.1636	0.4786	1.2283	0.5143	1.8165	0.3935	1.2606	0.6571	1.1681	0.5083		0.5104
2.1643	0.4786	1.1861	0.5238	1.8573	0.3419	1.2487	0.6952	1.1262	0.5417		0.5162
2.2094	0.4786	1.1944	0.5238	1.8261	0.3871	1.2890	0.6571	1.1173	0.5667		0.5227
2.3068	0.4786	1.1765	0.5333	1.9069	0.3161	1.3219	0.6476	1.0903	0.5917		0.5135
2.3158	0.4786	1.1851	0.5333	1.9146	0.3355	1.3267	0.6476	1.0946	0.5917		0.5173
2.2999	0.4786	1.1775	0.5333	1.8999	0.3419	1.3166	0.6476	1.0874	0.6000		0.5203
fc6_linear_accuracy:0.5714

fc6_rbf
Binh 		Giang		Hung 		Tan  		Thuan		Final accuracy
loss	acc 	loss	acc 	loss	acc 	loss	acc 	loss	acc 	
2.3171	0.4071	2.1370	0.6095	1.6033	0.4839	1.4238	0.5429	1.3976	0.4917		0.5070
2.3578	0.4500	1.1144	0.5714	1.6996	0.4258	1.3327	0.5429	1.2621	0.5500		0.5080
2.2794	0.4500	0.9777	0.6571	1.8358	0.4000	1.3627	0.5714	2.1043	0.4750		0.5107
2.2600	0.4786	1.3874	0.5429	1.7248	0.4452	1.7133	0.5810	2.4954	0.4083		0.4912
2.3478	0.4786	0.8962	0.6667	1.8372	0.3935	1.2972	0.5714	1.1546	0.6333		0.5487
2.3150	0.4786	0.8925	0.6667	1.8517	0.4000	1.3122	0.5714	1.1380	0.6500		0.5533
2.3116	0.4714	0.8882	0.6667	1.8291	0.4000	1.3160	0.5714	1.1501	0.6500		0.5519
fc6_rbf_accuracy:0.5720

fc7_linear
Binh 		Giang		Hung 		Tan  		Thuan		Final accuracy
loss	acc 	loss	acc 	loss	acc 	loss	acc 	loss	acc 	
2.1638	0.4500	0.9067	0.6476	1.5511	0.4774	1.2131	0.6381	1.5041	0.4917		0.5410
2.4130	0.4500	1.0829	0.5619	1.6716	0.4581	1.2049	0.6000	1.2119	0.5417		0.5223
2.4002	0.4429	1.1236	0.5619	1.7759	0.4258	1.2395	0.6381	1.1843	0.5583		0.5254
2.4503	0.4500	1.1646	0.5429	1.7278	0.4387	1.2724	0.6476	1.1804	0.5833		0.5325
2.5426	0.4500	1.1483	0.5524	1.7859	0.4194	1.2638	0.6476	1.1570	0.5833		0.5305
2.5244	0.4500	1.1307	0.5619	1.7993	0.4065	1.2660	0.6476	1.1592	0.5833		0.5299
2.5405	0.4500	1.1379	0.5524	1.7913	0.4194	1.2618	0.6476	1.1340	0.6083		0.5355
fc7_linear_accuracy:0.5662

fc7_rbf
Binh 		Giang		Hung 		Tan  		Thuan		Final accuracy
loss	acc 	loss	acc 	loss	acc 	loss	acc 	loss	acc 	
2.4588	0.4071	1.1488	0.5048	1.5910	0.5355	1.1348	0.5810	1.5896	0.3917		0.4840
2.4849	0.4286	1.0589	0.5619	1.7570	0.4516	1.2301	0.5714	1.3231	0.5083		0.5044
2.4957	0.4286	0.9782	0.6571	1.8602	0.4065	1.2307	0.6190	1.2512	0.5583		0.5339
2.4685	0.4286	1.1248	0.5238	1.7884	0.4387	1.2568	0.6000	1.2458	0.5750		0.5132
2.5095	0.4429	1.1120	0.5619	1.8321	0.4194	1.2406	0.6286	1.2052	0.5667		0.5239
2.5079	0.4429	1.1008	0.5714	1.8462	0.4194	1.2411	0.6190	1.1948	0.5667		0.5239
2.4818	0.4429	1.0956	0.5714	1.8582	0.4194	1.2397	0.6190	1.1845	0.5667		0.5239
fc7_rbf_accuracy:0.5678

prob
Binh 		Giang		Hung 		Tan  		Thuan		Final accuracy
loss	acc 	loss	acc 	loss	acc 	loss	acc 	loss	acc 	
2.6669	0.3643	1.4163	0.4286	1.7649	0.4774	1.3368	0.4190	1.8469	0.2500		0.3879
3.0971	0.4000	1.5026	0.5048	2.1817	0.4774	1.3527	0.5905	1.6272	0.4167		0.4779
3.4728	0.4214	1.4354	0.4762	2.2726	0.4968	1.4712	0.5429	1.5683	0.4833		0.4841
3.7910	0.4286	1.4760	0.4857	2.5782	0.4258	1.4612	0.6286	1.5763	0.4833		0.4904
3.5479	0.4286	1.5835	0.4667	2.6555	0.4452	1.5542	0.6190	1.6185	0.4833		0.4886
3.5752	0.4286	1.5918	0.4667	2.6510	0.4452	1.5635	0.6095	1.6194	0.4917		0.4883
3.6162	0.4286	1.6005	0.4667	2.6576	0.4452	1.5649	0.6000	1.6203	0.5000		0.4881
prob_accuracy:0.5117

