output/result_backup/table_05Feb2019_original_pre_3_12gestures/K1_K1_2019-02-05_17.19

fc6_linear
Giang		Hai  		Long 		Minh 		Thuan		Thuy 		Tuyen		Final accuracy
loss	acc 	loss	acc 	loss	acc 	loss	acc 	loss	acc 	loss	acc 	loss	acc 	
1.3597	0.5556	1.6363	0.5833	1.2057	0.5833	1.4331	0.4167	3.2163	0.3889	2.0408	0.5000	1.7203	0.6389		0.5238
1.2156	0.5556	1.0728	0.6944	0.9895	0.6111	1.8711	0.3889	2.6777	0.3889	1.5848	0.5556	1.3994	0.5833		0.5397
0.9461	0.5833	1.1932	0.5833	1.2032	0.6111	1.6736	0.4722	2.5024	0.4167	1.7924	0.5833	1.7589	0.6111		0.5516
0.8869	0.6944	1.3168	0.6111	1.0797	0.5556	1.2892	0.5278	2.6762	0.3889	1.9261	0.5833	1.5997	0.6111		0.5675
0.8416	0.7222	1.0074	0.6667	1.0512	0.6944	1.7478	0.4722	2.7356	0.3889	1.6521	0.6111	1.6823	0.6389		0.5992
0.8602	0.6944	0.9936	0.6944	1.1039	0.6667	1.6916	0.4722	2.6434	0.3889	1.7163	0.6111	1.8603	0.6111		0.5913
fc6_linear_accuracy:0.6151

fc6_rbf
Giang		Hai  		Long 		Minh 		Thuan		Thuy 		Tuyen		Final accuracy
loss	acc 	loss	acc 	loss	acc 	loss	acc 	loss	acc 	loss	acc 	loss	acc 	
1.4284	0.5278	1.4481	0.5278	1.1173	0.5556	1.3798	0.4722	2.4914	0.3889	1.7345	0.4444	1.3180	0.6389		0.5079
1.2524	0.6111	1.0975	0.6667	1.0802	0.5833	1.4314	0.5000	1.8630	0.3889	1.5871	0.5833	1.2131	0.5556		0.5556
1.1628	0.5833	1.1623	0.6111	0.9969	0.5556	1.2246	0.5833	1.9448	0.3611	1.4217	0.5556	1.4372	0.5278		0.5397
1.0262	0.7222	1.2195	0.6111	1.0081	0.5556	1.1697	0.5833	2.0928	0.3889	1.4098	0.5556	1.5418	0.5278		0.5635
0.9319	0.6111	1.0718	0.6389	0.8740	0.5833	1.2004	0.6389	2.1855	0.3611	1.4830	0.6389	1.4138	0.5556		0.5754
0.9512	0.6389	1.0635	0.6389	0.9183	0.6667	1.2192	0.6944	2.0032	0.3889	1.4214	0.6111	1.4096	0.5278		0.5952
fc6_rbf_accuracy:0.6310

fc7_linear
Giang		Hai  		Long 		Minh 		Thuan		Thuy 		Tuyen		Final accuracy
loss	acc 	loss	acc 	loss	acc 	loss	acc 	loss	acc 	loss	acc 	loss	acc 	
1.3224	0.5833	1.5804	0.5833	1.1660	0.5556	1.5246	0.4722	3.0835	0.3611	2.0980	0.5000	1.7100	0.6389		0.5278
1.1434	0.6667	0.9789	0.6667	0.9111	0.6944	1.5332	0.5278	2.2066	0.4167	1.6249	0.5556	1.4252	0.5556		0.5833
1.0473	0.6111	1.1764	0.5833	1.0268	0.6111	1.5655	0.4722	2.2618	0.4444	1.7056	0.6389	1.7438	0.5833		0.5635
0.8901	0.6944	1.2069	0.6389	1.0096	0.6111	1.5812	0.4167	2.5679	0.3889	1.6156	0.6111	1.7499	0.5833		0.5635
0.8407	0.7222	1.1084	0.6389	1.0191	0.6389	1.6340	0.4722	2.6278	0.3889	1.4728	0.6667	1.8498	0.5833		0.5873
0.8428	0.6944	1.0582	0.6944	0.9984	0.5833	1.7141	0.5000	2.6283	0.3889	1.4210	0.6667	1.9207	0.5556		0.5833
fc7_linear_accuracy:0.6270

fc7_rbf
Giang		Hai  		Long 		Minh 		Thuan		Thuy 		Tuyen		Final accuracy
loss	acc 	loss	acc 	loss	acc 	loss	acc 	loss	acc 	loss	acc 	loss	acc 	
1.3595	0.5278	1.3740	0.5278	1.0517	0.6111	1.3946	0.5000	2.3176	0.4167	1.7781	0.4167	1.3118	0.6389		0.5198
1.1133	0.6111	1.0594	0.6667	1.0677	0.5833	1.3347	0.5000	1.8553	0.3889	1.3617	0.5833	1.2150	0.6111		0.5635
1.1028	0.6111	1.0699	0.6389	0.9243	0.5833	1.2800	0.5556	1.7013	0.4167	1.4183	0.6111	1.4056	0.5000		0.5595
0.9927	0.6389	1.2020	0.6389	1.0023	0.6389	1.2034	0.5833	2.0476	0.3889	1.3942	0.5556	1.4857	0.5278		0.5675
0.8974	0.6389	1.0961	0.6944	0.8739	0.6944	1.2863	0.6667	2.0154	0.3889	1.4106	0.5833	1.4416	0.5556		0.6032
0.9057	0.6389	1.0580	0.6944	0.8521	0.6667	1.3007	0.6667	1.9596	0.3889	1.3640	0.5556	1.4966	0.5556		0.5952
fc7_rbf_accuracy:0.6230

prob
Giang		Hai  		Long 		Minh 		Thuan		Thuy 		Tuyen		Final accuracy
loss	acc 	loss	acc 	loss	acc 	loss	acc 	loss	acc 	loss	acc 	loss	acc 	
1.8326	0.4444	1.9308	0.2778	1.8180	0.4722	1.8991	0.2778	2.3191	0.1944	1.9610	0.3889	2.0243	0.2500		0.3294
1.0863	0.5833	1.2819	0.4444	1.2693	0.4722	1.4547	0.3333	2.5259	0.3611	1.3589	0.5556	1.3863	0.4444		0.4563
1.1326	0.5833	1.0957	0.5000	1.1981	0.5556	1.5288	0.4722	2.8636	0.3611	1.2559	0.5278	1.4738	0.5000		0.5000
0.9008	0.6667	1.1002	0.6667	0.9474	0.5278	1.1028	0.5556	3.3807	0.3889	1.4061	0.5278	1.3991	0.5000		0.5476
0.7801	0.6667	0.9562	0.6944	0.8697	0.6111	1.1585	0.6389	3.5115	0.3611	0.9843	0.6667	1.2241	0.5556		0.5992
0.6743	0.7500	0.9302	0.6944	0.7946	0.6111	1.2118	0.5833	3.6026	0.3611	1.2779	0.5278	1.1231	0.5833		0.5873
prob_accuracy:0.6190

