output/result_backup/table_05Feb2019_original_pre_3_12gestures/K2_K2_2019-02-06_04.22

fc6_linear
Giang		Hai  		Long 		Minh 		Thuan		Thuy 		Tuyen		Final accuracy
loss	acc 	loss	acc 	loss	acc 	loss	acc 	loss	acc 	loss	acc 	loss	acc 	
1.3141	0.4722	1.2591	0.5833	1.2513	0.6111	1.7482	0.5000	3.5536	0.4444	1.5912	0.5278	0.9576	0.5833		0.5317
1.1554	0.5556	1.0828	0.6111	1.3847	0.4444	1.2417	0.6389	2.2971	0.4167	1.1266	0.5833	0.7753	0.6667		0.5595
1.0840	0.6667	1.1123	0.6111	1.3131	0.4722	1.1966	0.5833	2.1957	0.3889	1.1247	0.7222	0.8049	0.6944		0.5913
1.3419	0.5833	1.3705	0.7222	1.3808	0.5000	1.6201	0.5556	2.3464	0.4722	1.2675	0.6944	0.7016	0.6944		0.6032
1.2571	0.5556	1.4756	0.6944	1.4263	0.5556	1.0422	0.6111	2.7111	0.3056	1.1044	0.6667	0.7276	0.7778		0.5952
1.3190	0.6111	1.5097	0.6944	1.4242	0.5000	1.0221	0.6389	2.6881	0.3611	1.1541	0.7222	0.7414	0.7778		0.6151
fc6_linear_accuracy:0.6587

fc6_rbf
Giang		Hai  		Long 		Minh 		Thuan		Thuy 		Tuyen		Final accuracy
loss	acc 	loss	acc 	loss	acc 	loss	acc 	loss	acc 	loss	acc 	loss	acc 	
1.4415	0.3889	1.4274	0.5000	1.1268	0.6111	1.5083	0.5556	3.3740	0.2222	1.5645	0.5000	1.1078	0.6944		0.4960
1.1831	0.6111	1.0347	0.6389	1.1305	0.5000	1.1490	0.5833	1.7124	0.4444	1.4434	0.5278	0.9095	0.7222		0.5754
1.1771	0.6944	1.1107	0.6111	0.9900	0.5278	0.9981	0.6111	1.6077	0.5833	1.2189	0.5556	0.9206	0.6389		0.6032
1.2914	0.6667	1.0655	0.6667	1.0313	0.5556	1.1489	0.5833	1.8511	0.4722	1.2194	0.6389	0.8913	0.6667		0.6071
1.1315	0.6111	1.0234	0.6667	1.0823	0.5556	0.9873	0.6111	1.8392	0.5000	1.2450	0.6389	0.8932	0.6944		0.6111
1.0539	0.6944	1.0405	0.6667	1.0091	0.6389	0.9883	0.5556	1.9009	0.4722	1.2316	0.6389	0.8540	0.7222		0.6270
fc6_rbf_accuracy:0.6508

fc7_linear
Giang		Hai  		Long 		Minh 		Thuan		Thuy 		Tuyen		Final accuracy
loss	acc 	loss	acc 	loss	acc 	loss	acc 	loss	acc 	loss	acc 	loss	acc 	
1.5611	0.4444	1.2969	0.5833	1.2234	0.5278	1.6528	0.5556	2.5384	0.4167	1.7587	0.5556	1.2149	0.5833		0.5238
1.1018	0.6667	1.1969	0.6111	1.3524	0.4722	1.2705	0.5833	2.3476	0.3889	1.0381	0.6111	0.7784	0.7222		0.5794
1.2893	0.5556	1.0686	0.6667	1.5013	0.5278	1.2434	0.5833	2.0922	0.4722	0.9778	0.6667	0.6386	0.6111		0.5833
1.1688	0.5278	1.2162	0.6944	1.3402	0.5278	1.3076	0.5556	2.6080	0.4444	1.1924	0.6667	0.5856	0.7500		0.5952
1.3016	0.5278	1.5130	0.6944	1.4191	0.5556	0.9484	0.6111	2.7842	0.4167	1.0628	0.6389	0.6166	0.7778		0.6032
1.4980	0.5556	1.3053	0.6944	1.5069	0.5556	1.0771	0.5833	2.9835	0.3611	1.0072	0.7222	0.5961	0.7222		0.5992
fc7_linear_accuracy:0.6429

fc7_rbf
Giang		Hai  		Long 		Minh 		Thuan		Thuy 		Tuyen		Final accuracy
loss	acc 	loss	acc 	loss	acc 	loss	acc 	loss	acc 	loss	acc 	loss	acc 	
1.5271	0.3333	1.4123	0.5278	1.1559	0.5556	1.4224	0.5833	1.7207	0.4722	1.8153	0.5278	1.0804	0.5833		0.5119
1.1311	0.7222	1.1115	0.5833	1.1149	0.5556	1.0570	0.6389	1.6021	0.5000	1.3788	0.6389	0.8661	0.7222		0.6230
1.1165	0.6944	0.9859	0.6667	0.9657	0.5278	1.0882	0.6111	1.6347	0.5000	1.1478	0.6111	0.9574	0.6667		0.6111
1.1935	0.6667	1.0117	0.6667	0.9177	0.5833	1.1723	0.6389	1.7542	0.5833	1.1310	0.5833	0.8523	0.6944		0.6310
1.1174	0.6389	1.0542	0.6667	1.0030	0.5833	1.0261	0.5556	1.8747	0.5000	1.2283	0.6389	0.8233	0.7222		0.6151
1.0166	0.6389	1.0476	0.6667	0.9198	0.5833	1.0346	0.5556	2.1023	0.4722	1.2752	0.6389	0.8246	0.7222		0.6111
fc7_rbf_accuracy:0.6508

prob
Giang		Hai  		Long 		Minh 		Thuan		Thuy 		Tuyen		Final accuracy
loss	acc 	loss	acc 	loss	acc 	loss	acc 	loss	acc 	loss	acc 	loss	acc 	
1.9646	0.2500	1.5293	0.4167	1.8011	0.3056	1.8276	0.2222	1.9348	0.3333	1.6641	0.3611	1.5680	0.3611		0.3214
1.5790	0.3611	1.0104	0.6667	1.2312	0.5000	0.9938	0.5278	2.1350	0.5000	1.4182	0.4722	0.9822	0.5278		0.5079
1.4210	0.4444	0.8553	0.6667	0.9516	0.5556	0.9063	0.5556	2.5561	0.4167	1.2375	0.6389	0.9022	0.6389		0.5595
1.3543	0.4167	0.7666	0.6111	1.0121	0.6389	1.1505	0.6111	2.9330	0.4167	1.1034	0.6389	0.7167	0.6944		0.5754
1.4284	0.3889	0.8376	0.6667	0.9832	0.6111	0.8250	0.5833	2.9169	0.4444	1.6015	0.5833	0.8834	0.6944		0.5675
1.1631	0.5000	0.9466	0.6944	1.0339	0.5833	0.8825	0.6111	2.7900	0.4722	1.5004	0.6944	0.6998	0.7500		0.6151
prob_accuracy:0.6270

