output/result_backup/table_05Feb2019_original_pre_3_12gestures/K2_K5_2019-02-06_10.04

fc6_linear
Giang		Hai  		Long 		Minh 		Thuan		Thuy 		Tuyen		Final accuracy
loss	acc 	loss	acc 	loss	acc 	loss	acc 	loss	acc 	loss	acc 	loss	acc 	
4.3857	0.1389	6.1261	0.1389	4.8854	0.2222	4.1509	0.1667	5.5686	0.1667	4.6474	0.1667	5.2141	0.1667		0.1667
3.7076	0.1944	5.6741	0.1667	4.0021	0.1944	3.8549	0.2500	4.3402	0.2778	4.7309	0.4167	4.5132	0.1111		0.2302
4.1367	0.2500	4.7658	0.1667	3.1484	0.3333	2.8948	0.2500	3.5858	0.1944	4.0151	0.3333	3.7573	0.1111		0.2341
3.2785	0.2778	4.4287	0.2500	3.1001	0.3056	2.7862	0.3056	3.8970	0.1944	3.7697	0.2778	4.1570	0.0556		0.2381
3.7948	0.2500	4.4620	0.1944	3.2747	0.3611	3.0172	0.2222	3.8739	0.1944	4.1163	0.1944	3.5955	0.0556		0.2103
4.1319	0.1944	4.8406	0.1667	3.6161	0.3611	2.9853	0.2500	4.0668	0.1667	4.4286	0.2500	3.5524	0.0833		0.2103
fc6_linear_accuracy:0.2937

fc6_rbf
Giang		Hai  		Long 		Minh 		Thuan		Thuy 		Tuyen		Final accuracy
loss	acc 	loss	acc 	loss	acc 	loss	acc 	loss	acc 	loss	acc 	loss	acc 	
3.5758	0.1667	4.2559	0.1667	3.2857	0.1667	2.9021	0.1667	3.7730	0.1667	3.0076	0.1667	3.5435	0.2222		0.1746
2.8833	0.1389	3.7486	0.1944	3.2552	0.1667	3.0224	0.2500	3.3518	0.1667	2.9677	0.1944	3.1264	0.1667		0.1825
2.9459	0.1944	3.3484	0.1667	2.7169	0.3056	2.3945	0.2778	3.0685	0.1667	2.5731	0.3056	2.8822	0.2222		0.2341
2.6767	0.2222	3.6511	0.1667	2.7821	0.1944	2.3453	0.3333	2.9650	0.2222	2.8895	0.2500	3.2395	0.1944		0.2262
2.6871	0.2222	2.9942	0.2500	2.7158	0.2778	2.5880	0.3056	3.1974	0.1389	2.6279	0.3056	2.9913	0.1667		0.2381
2.8479	0.2222	3.6720	0.1667	2.9164	0.2500	2.4248	0.3056	3.3099	0.2500	3.0403	0.2222	2.8696	0.1389		0.2222
fc6_rbf_accuracy:0.2698

fc7_linear
Giang		Hai  		Long 		Minh 		Thuan		Thuy 		Tuyen		Final accuracy
loss	acc 	loss	acc 	loss	acc 	loss	acc 	loss	acc 	loss	acc 	loss	acc 	
5.2539	0.1111	5.5566	0.1389	4.2660	0.1667	3.5907	0.1944	4.8442	0.1667	4.9159	0.1944	4.9974	0.1667		0.1627
3.7362	0.1389	4.6859	0.2778	3.2244	0.3333	3.1260	0.2778	3.9313	0.1944	3.6846	0.2500	3.9604	0.1667		0.2341
3.2204	0.2222	3.8030	0.3056	3.2175	0.1944	2.6940	0.2500	3.8328	0.2778	3.2550	0.2778	3.3935	0.0278		0.2222
2.7932	0.2778	3.4352	0.3056	3.3235	0.1944	2.5142	0.2778	3.6292	0.1944	3.4185	0.3056	3.4303	0.0833		0.2341
2.9225	0.2778	2.8906	0.3056	2.9173	0.3056	2.4268	0.3056	3.7302	0.1667	3.1099	0.2778	3.1326	0.0833		0.2460
3.0649	0.1944	3.0505	0.3333	3.1054	0.1667	2.4742	0.3611	3.5968	0.1667	3.2090	0.2778	3.1679	0.1111		0.2302
fc7_linear_accuracy:0.2937

fc7_rbf
Giang		Hai  		Long 		Minh 		Thuan		Thuy 		Tuyen		Final accuracy
loss	acc 	loss	acc 	loss	acc 	loss	acc 	loss	acc 	loss	acc 	loss	acc 	
3.4391	0.1389	3.8490	0.1667	3.1095	0.1667	2.6293	0.1944	3.8615	0.1667	2.8788	0.1667	3.4518	0.1667		0.1667
2.7578	0.1667	3.0939	0.2222	2.5301	0.3056	2.3096	0.2500	3.2514	0.2222	2.5664	0.2778	2.8400	0.1944		0.2341
2.5995	0.1944	3.0177	0.1667	2.6568	0.3611	2.2690	0.2778	2.9959	0.1667	2.4358	0.3056	2.9811	0.2500		0.2460
2.5002	0.2222	2.7504	0.2500	2.7359	0.3333	2.2640	0.3056	2.8571	0.2222	2.3686	0.2778	3.0639	0.1667		0.2540
2.5514	0.2222	2.7965	0.2500	2.5349	0.2778	2.1764	0.3333	3.2020	0.2222	2.4475	0.2778	2.8207	0.1111		0.2421
2.7651	0.2222	2.7382	0.2222	2.7912	0.2500	2.2368	0.3611	3.2827	0.1944	2.5145	0.2500	2.8801	0.1111		0.2302
fc7_rbf_accuracy:0.2817

prob
Giang		Hai  		Long 		Minh 		Thuan		Thuy 		Tuyen		Final accuracy
loss	acc 	loss	acc 	loss	acc 	loss	acc 	loss	acc 	loss	acc 	loss	acc 	
2.1687	0.1667	2.1686	0.2778	2.3078	0.0833	1.8373	0.3333	2.1756	0.2500	1.9880	0.1944	2.1595	0.2222		0.2183
2.1910	0.1667	2.3752	0.1944	2.2469	0.2222	1.6599	0.4444	2.2817	0.3333	1.8766	0.3611	2.3981	0.1389		0.2659
2.2350	0.1667	2.2603	0.2222	2.1002	0.2500	1.6473	0.3889	2.3167	0.3333	2.1154	0.3056	2.1354	0.1667		0.2619
2.0851	0.2500	2.2289	0.2222	2.3293	0.3056	1.8340	0.4722	2.1497	0.3056	2.1844	0.3889	2.3630	0.3056		0.3214
2.0656	0.3056	2.2986	0.2778	2.6518	0.3056	1.9089	0.4167	2.7765	0.3056	2.2948	0.3333	2.4051	0.1944		0.3056
2.3427	0.3056	2.2553	0.2778	2.8566	0.3611	2.1763	0.3611	2.7662	0.3333	2.5287	0.2500	2.6731	0.1944		0.2976
prob_accuracy:0.3492

