output/result_backup/table_05Feb2019_original_pre_3_12gestures/K3_K5_2019-02-06_18.50

fc6_linear
Giang		Hai  		Long 		Minh 		Thuan		Thuy 		Tuyen		Final accuracy
loss	acc 	loss	acc 	loss	acc 	loss	acc 	loss	acc 	loss	acc 	loss	acc 	
2.8171	0.2500	2.0779	0.3333	2.1263	0.4167	2.7428	0.2500	4.3776	0.1944	3.0758	0.4444	3.1406	0.2500		0.3056
2.3775	0.3333	2.5815	0.5833	2.5265	0.3056	2.7497	0.3611	2.5468	0.1944	3.3733	0.3889	3.5727	0.3333		0.3571
2.2786	0.4444	2.3238	0.3611	2.1334	0.2778	2.4158	0.3611	2.4441	0.3333	3.1891	0.3056	3.0387	0.3056		0.3413
2.3177	0.5000	2.3112	0.3611	2.4790	0.2778	2.3904	0.1944	2.4590	0.3611	3.2298	0.4167	3.5018	0.3333		0.3492
2.1663	0.4444	1.9775	0.3611	1.9447	0.3056	1.9823	0.3333	2.5558	0.2222	2.2681	0.4722	3.2948	0.3611		0.3571
2.0045	0.3889	1.8606	0.4167	2.0064	0.3333	1.9293	0.4167	1.9925	0.3056	2.6411	0.4722	2.6691	0.3611		0.3849
fc6_linear_accuracy:0.4444

fc6_rbf
Giang		Hai  		Long 		Minh 		Thuan		Thuy 		Tuyen		Final accuracy
loss	acc 	loss	acc 	loss	acc 	loss	acc 	loss	acc 	loss	acc 	loss	acc 	
2.2862	0.3611	1.9137	0.2500	2.0033	0.3889	2.3424	0.4167	3.2300	0.1667	2.3058	0.4167	2.6116	0.3611		0.3373
1.9685	0.3889	2.0388	0.3889	2.0818	0.3056	1.8013	0.4444	1.9469	0.2222	2.0440	0.4444	2.1941	0.3333		0.3611
1.9350	0.5000	1.5581	0.5000	2.0339	0.3333	1.6707	0.3333	1.9730	0.2778	2.0339	0.5000	2.1899	0.3333		0.3968
1.9347	0.4444	1.5856	0.3889	1.9631	0.3056	1.6242	0.3889	1.9807	0.2500	2.0530	0.5278	2.3097	0.4167		0.3889
1.7366	0.5833	1.6062	0.4722	1.9201	0.3611	1.6417	0.4167	1.8981	0.3333	1.8484	0.5000	2.2085	0.3889		0.4365
1.7503	0.4444	1.4720	0.5000	1.9192	0.3333	1.5402	0.4722	1.7203	0.2778	1.9421	0.5278	2.0734	0.4167		0.4246
fc6_rbf_accuracy:0.4603

fc7_linear
Giang		Hai  		Long 		Minh 		Thuan		Thuy 		Tuyen		Final accuracy
loss	acc 	loss	acc 	loss	acc 	loss	acc 	loss	acc 	loss	acc 	loss	acc 	
2.8022	0.3333	2.5105	0.2500	2.3391	0.4444	2.3595	0.3889	2.8011	0.2222	2.9500	0.4444	3.2652	0.4167		0.3571
2.5197	0.4722	1.9124	0.4167	2.6579	0.3333	2.5772	0.3889	2.2591	0.3056	2.5466	0.3889	2.4484	0.4167		0.3889
2.2919	0.5556	1.6937	0.3889	2.4184	0.2500	2.0498	0.3333	2.2497	0.2222	2.3992	0.3611	2.5037	0.3333		0.3492
1.8393	0.4722	1.5884	0.4722	2.4210	0.3056	2.1901	0.3056	2.2812	0.3056	2.3319	0.3889	2.4882	0.3889		0.3770
1.7716	0.4722	1.6209	0.4722	2.0600	0.3056	1.9331	0.3889	2.1598	0.2778	2.0006	0.4444	2.1511	0.3333		0.3849
1.5959	0.4444	1.5440	0.5000	2.1132	0.3889	1.9108	0.3889	2.2441	0.2222	2.1398	0.4722	2.1865	0.3333		0.3929
fc7_linear_accuracy:0.4405

fc7_rbf
Giang		Hai  		Long 		Minh 		Thuan		Thuy 		Tuyen		Final accuracy
loss	acc 	loss	acc 	loss	acc 	loss	acc 	loss	acc 	loss	acc 	loss	acc 	
2.0924	0.4167	1.9248	0.3611	2.2625	0.3333	1.9103	0.5000	2.2814	0.2778	2.0938	0.5000	2.4048	0.3611		0.3929
1.9419	0.4444	1.7747	0.4167	2.2034	0.3611	1.7230	0.3889	1.6919	0.3889	1.8164	0.4167	2.1071	0.3333		0.3929
1.9821	0.4444	1.5261	0.5278	1.9707	0.3333	1.5642	0.4444	1.8374	0.3333	1.8371	0.4167	2.1381	0.3611		0.4087
1.9477	0.4444	1.4492	0.4444	2.1098	0.3333	1.6090	0.3611	1.8716	0.3889	1.8151	0.5000	2.1226	0.3333		0.4008
1.7118	0.5000	1.4067	0.5278	2.0104	0.3611	1.4417	0.4167	1.6779	0.3333	1.6611	0.5556	2.0005	0.3333		0.4325
2.0191	0.3889	1.4269	0.4722	1.9895	0.3333	1.5295	0.4444	1.7775	0.3611	1.6724	0.5556	1.9673	0.3333		0.4127
fc7_rbf_accuracy:0.4563

prob
Giang		Hai  		Long 		Minh 		Thuan		Thuy 		Tuyen		Final accuracy
loss	acc 	loss	acc 	loss	acc 	loss	acc 	loss	acc 	loss	acc 	loss	acc 	
1.8779	0.3056	1.9250	0.2778	2.0361	0.2500	1.7130	0.3056	1.9091	0.3056	1.6795	0.4167	1.9078	0.3333		0.3135
1.5061	0.4444	1.5677	0.3056	1.8997	0.3056	1.3244	0.3333	1.8815	0.4167	1.5064	0.4167	2.1800	0.3333		0.3651
1.6405	0.5278	1.4055	0.4444	1.8316	0.3611	1.0657	0.4722	1.6950	0.4167	1.3644	0.6667	2.0777	0.3611		0.4643
1.6083	0.5556	1.6255	0.3056	2.1545	0.3056	1.7154	0.4722	1.7885	0.3611	2.0448	0.5000	2.5829	0.3889		0.4127
1.6178	0.4444	1.5380	0.3889	2.3347	0.3611	1.6894	0.4444	1.6655	0.4444	2.1860	0.5278	2.5994	0.4444		0.4365
1.5682	0.5833	1.7705	0.3611	2.0899	0.3611	1.4080	0.5000	1.6446	0.3889	1.8099	0.5833	2.5294	0.4444		0.4603
prob_accuracy:0.4921

