output/result_backup/table_05Feb2019_original_pre_3_12gestures/K4_K5_2019-02-07_05.19

fc6_linear
Giang		Hai  		Long 		Minh 		Thuan		Thuy 		Tuyen		Final accuracy
loss	acc 	loss	acc 	loss	acc 	loss	acc 	loss	acc 	loss	acc 	loss	acc 	
2.7712	0.3889	3.6183	0.1667	3.8763	0.1944	2.0687	0.5000	4.0645	0.0833	3.0741	0.4444	2.6182	0.2500		0.2897
2.3815	0.5000	2.3856	0.2222	3.3969	0.1389	1.7611	0.5556	3.6038	0.2500	2.0266	0.4444	2.1137	0.3056		0.3452
2.0351	0.5556	2.0824	0.3333	3.0363	0.0833	1.5052	0.5833	3.1377	0.3889	3.3259	0.2778	2.2368	0.2778		0.3571
2.0621	0.5556	1.9967	0.4444	2.9051	0.1667	1.4494	0.5833	3.4525	0.2778	2.8118	0.3611	1.9069	0.4167		0.4008
2.1960	0.5278	2.0942	0.4444	2.7620	0.1389	1.4522	0.5278	3.6013	0.3611	2.6433	0.3333	1.8449	0.3889		0.3889
2.1678	0.5000	2.2682	0.3333	2.7001	0.2222	1.5265	0.4722	3.1383	0.3056	2.7821	0.3333	1.8594	0.3611		0.3611
fc6_linear_accuracy:0.4365

fc6_rbf
Giang		Hai  		Long 		Minh 		Thuan		Thuy 		Tuyen		Final accuracy
loss	acc 	loss	acc 	loss	acc 	loss	acc 	loss	acc 	loss	acc 	loss	acc 	
2.9211	0.2500	2.5800	0.3056	3.8074	0.0833	1.5641	0.5278	2.7419	0.2500	2.1662	0.4167	2.5642	0.3333		0.3095
2.1483	0.4444	1.9949	0.3889	2.3832	0.1667	1.5166	0.5000	2.6566	0.2500	1.8845	0.4167	1.8160	0.3333		0.3571
1.9139	0.4444	1.8951	0.4167	2.3682	0.2222	1.3036	0.6111	2.2706	0.3889	2.2756	0.3611	1.8652	0.3889		0.4048
1.8792	0.4722	1.8720	0.5000	2.2186	0.2222	1.2431	0.6111	2.5250	0.3333	2.1582	0.4444	2.0575	0.4167		0.4286
1.7577	0.5000	1.9045	0.3889	2.3401	0.1944	1.1268	0.6944	2.1640	0.3611	2.1104	0.4167	1.9334	0.3611		0.4167
1.8256	0.4444	1.8686	0.3611	2.3405	0.1944	1.1243	0.6667	2.3300	0.3889	2.1251	0.4167	1.7708	0.4444		0.4167
fc6_rbf_accuracy:0.4563

fc7_linear
Giang		Hai  		Long 		Minh 		Thuan		Thuy 		Tuyen		Final accuracy
loss	acc 	loss	acc 	loss	acc 	loss	acc 	loss	acc 	loss	acc 	loss	acc 	
3.0890	0.3333	3.9475	0.1667	4.1294	0.2222	1.5988	0.3611	3.5677	0.1944	2.9574	0.3889	2.4366	0.2222		0.2698
2.3399	0.3889	2.2520	0.3056	3.1744	0.0833	1.3568	0.4722	3.3378	0.3056	2.1208	0.3056	2.0499	0.3333		0.3135
1.9526	0.5278	2.6327	0.2778	3.1726	0.1667	1.4988	0.4722	3.9059	0.1111	2.7372	0.2778	1.9775	0.3611		0.3135
1.7545	0.6111	1.9481	0.3889	2.9235	0.1667	1.3231	0.5833	3.2940	0.2778	2.7399	0.2500	1.6335	0.4444		0.3889
1.6822	0.5556	2.6090	0.4167	2.9240	0.1389	1.3121	0.5000	3.0537	0.5000	2.4766	0.3611	1.7101	0.3889		0.4087
1.7434	0.5556	2.0183	0.3333	2.8108	0.2222	1.3911	0.5278	3.1386	0.4444	2.1966	0.4167	1.7459	0.3611		0.4087
fc7_linear_accuracy:0.4563

fc7_rbf
Giang		Hai  		Long 		Minh 		Thuan		Thuy 		Tuyen		Final accuracy
loss	acc 	loss	acc 	loss	acc 	loss	acc 	loss	acc 	loss	acc 	loss	acc 	
2.8183	0.3056	2.5950	0.3333	2.7486	0.3056	1.3209	0.6111	2.3753	0.2778	1.9743	0.3889	1.9490	0.2778		0.3571
2.0116	0.4444	2.0545	0.4167	2.2520	0.1944	1.2503	0.5000	2.3779	0.3056	1.7854	0.4167	1.6925	0.3333		0.3730
1.8263	0.5000	2.1549	0.4722	2.4851	0.1944	1.1147	0.6389	2.1599	0.2778	2.1287	0.3333	1.7905	0.3611		0.3968
1.7642	0.4722	1.8933	0.4444	2.1909	0.2778	1.1197	0.6111	2.3856	0.4444	1.9290	0.4722	1.9435	0.3889		0.4444
1.6555	0.5556	1.8802	0.3333	2.3433	0.2500	1.2016	0.5556	2.2624	0.3889	2.0086	0.5000	1.7941	0.4444		0.4325
1.6024	0.5556	1.8511	0.5278	2.2715	0.2500	1.2050	0.6111	2.2935	0.3889	1.8384	0.5000	1.8059	0.4444		0.4683
fc7_rbf_accuracy:0.4881

prob
Giang		Hai  		Long 		Minh 		Thuan		Thuy 		Tuyen		Final accuracy
loss	acc 	loss	acc 	loss	acc 	loss	acc 	loss	acc 	loss	acc 	loss	acc 	
2.0449	0.3333	2.0099	0.2222	1.9050	0.3333	1.5460	0.2778	2.2497	0.2500	1.7144	0.3333	1.7184	0.3333		0.2976
1.2517	0.4167	1.3913	0.5833	1.6490	0.3056	1.1470	0.5833	2.5577	0.3611	1.2835	0.4167	1.3269	0.3611		0.4325
1.2897	0.5278	1.6732	0.5278	1.6873	0.3889	1.0369	0.6667	2.6796	0.3333	1.2993	0.4444	1.4778	0.4444		0.4762
1.3718	0.5556	1.5548	0.5278	1.5426	0.3611	0.7940	0.6389	2.8164	0.3889	1.3731	0.5000	1.5052	0.3889		0.4802
1.3194	0.5833	1.5750	0.5278	1.6512	0.3889	0.8289	0.6944	2.8785	0.4167	1.3511	0.4722	1.4620	0.4444		0.5040
1.2887	0.5833	1.6108	0.5278	1.8013	0.3056	0.7761	0.6944	2.9012	0.3889	1.3326	0.5000	1.4791	0.6111		0.5159
prob_accuracy:0.5397

