output/result_backup/table_05Feb2019_original_pre_3_12gestures/K4_K4_2019-02-07_02.57

fc6_linear
Giang		Hai  		Long 		Minh 		Thuan		Thuy 		Tuyen		Final accuracy
loss	acc 	loss	acc 	loss	acc 	loss	acc 	loss	acc 	loss	acc 	loss	acc 	
1.1801	0.5556	0.6355	0.8611	0.6889	0.8611	1.0377	0.6667	1.9188	0.4722	0.9434	0.7222	0.8940	0.7222		0.6944
1.1990	0.5556	0.5872	0.8611	0.6713	0.7778	0.7421	0.7778	2.1789	0.5278	0.9574	0.6944	0.8199	0.7222		0.7024
1.3212	0.6389	0.5380	0.8056	0.8075	0.7778	0.7370	0.8056	2.1774	0.4722	0.8299	0.7500	0.8786	0.8056		0.7222
1.3111	0.6667	0.4908	0.8889	0.7855	0.7778	0.7429	0.8056	2.1525	0.5833	0.8174	0.7778	0.8022	0.7778		0.7540
1.6496	0.6111	0.5159	0.8333	0.7298	0.7500	0.6982	0.8056	1.9635	0.5556	0.7798	0.7778	0.7503	0.8056		0.7341
1.7919	0.6111	0.5237	0.8056	0.7019	0.7500	0.7831	0.8056	2.2342	0.5833	0.8071	0.7778	0.7855	0.8056		0.7341
fc6_linear_accuracy:0.7698

fc6_rbf
Giang		Hai  		Long 		Minh 		Thuan		Thuy 		Tuyen		Final accuracy
loss	acc 	loss	acc 	loss	acc 	loss	acc 	loss	acc 	loss	acc 	loss	acc 	
1.1931	0.5833	0.6840	0.8056	0.7832	0.7222	0.8154	0.7500	1.7002	0.4722	0.8013	0.7500	0.9056	0.6389		0.6746
1.0404	0.6389	0.7845	0.7500	0.8092	0.7500	0.7081	0.7778	1.5435	0.4722	0.7405	0.8056	0.9450	0.6944		0.6984
1.0292	0.5833	0.7892	0.7222	0.7716	0.7500	0.7589	0.8611	1.6738	0.4722	0.8006	0.7500	1.0314	0.8056		0.7063
1.2317	0.5556	0.7455	0.7778	0.7529	0.7778	0.7586	0.7778	1.9264	0.5556	0.8577	0.7500	0.9547	0.6111		0.6865
1.3116	0.5833	0.8152	0.7778	0.6873	0.7500	0.6990	0.8056	1.8091	0.5556	0.8571	0.7778	0.8970	0.7222		0.7103
1.2376	0.5833	0.8476	0.7500	0.6956	0.7500	0.6975	0.8333	1.7849	0.5556	0.8497	0.7778	0.8955	0.7500		0.7143
fc6_rbf_accuracy:0.7500

fc7_linear
Giang		Hai  		Long 		Minh 		Thuan		Thuy 		Tuyen		Final accuracy
loss	acc 	loss	acc 	loss	acc 	loss	acc 	loss	acc 	loss	acc 	loss	acc 	
1.6893	0.5556	0.6386	0.8333	0.8085	0.7222	0.6593	0.7778	1.9808	0.4444	0.9159	0.7222	1.0448	0.7500		0.6865
1.1957	0.5278	0.6230	0.8056	0.7011	0.7500	0.5199	0.8611	2.1777	0.5278	1.0353	0.7222	0.7773	0.6667		0.6944
1.2556	0.6389	0.4742	0.8611	0.7409	0.7500	0.7336	0.8333	2.1286	0.4722	0.9071	0.7500	0.8172	0.7500		0.7222
1.3264	0.6389	0.5125	0.8333	0.8212	0.7500	0.7115	0.7778	1.9176	0.5000	0.8393	0.7778	0.7429	0.7222		0.7143
1.6849	0.5833	0.6163	0.7500	0.7646	0.7778	0.7442	0.7500	2.0881	0.4722	0.7708	0.8056	0.7393	0.7778		0.7024
1.7347	0.5833	0.5791	0.7500	0.6354	0.7222	0.7881	0.7778	2.2683	0.5000	0.7856	0.8056	0.7737	0.8333		0.7103
fc7_linear_accuracy:0.7579

fc7_rbf
Giang		Hai  		Long 		Minh 		Thuan		Thuy 		Tuyen		Final accuracy
loss	acc 	loss	acc 	loss	acc 	loss	acc 	loss	acc 	loss	acc 	loss	acc 	
1.5115	0.5278	0.7573	0.8056	0.7612	0.6667	0.7466	0.7500	1.4259	0.4722	0.7723	0.7778	0.9866	0.6667		0.6667
1.0381	0.6111	0.7653	0.7500	0.7823	0.7500	0.7033	0.7778	1.5501	0.5000	0.8714	0.7778	0.9299	0.6944		0.6944
1.0629	0.5556	0.7955	0.7778	0.7288	0.7500	0.7482	0.7500	1.8273	0.4722	0.8745	0.7778	0.9715	0.6389		0.6746
1.1814	0.5833	0.7392	0.7778	0.7565	0.7222	0.6849	0.8056	1.8134	0.5556	0.8607	0.7500	0.9651	0.6389		0.6905
1.1787	0.5833	0.7941	0.7778	0.6881	0.7500	0.6692	0.8056	1.8310	0.5278	0.8116	0.7500	0.8727	0.7222		0.7024
1.3038	0.5833	0.7755	0.7222	0.7267	0.6944	0.6677	0.7778	1.9417	0.5278	0.8820	0.7500	0.9406	0.6944		0.6786
fc7_rbf_accuracy:0.7183

prob
Giang		Hai  		Long 		Minh 		Thuan		Thuy 		Tuyen		Final accuracy
loss	acc 	loss	acc 	loss	acc 	loss	acc 	loss	acc 	loss	acc 	loss	acc 	
1.4908	0.3889	1.3727	0.5000	1.4597	0.3889	1.5437	0.3333	2.0069	0.2222	1.3822	0.5000	1.4153	0.3333		0.3810
0.9210	0.5556	0.6383	0.7778	0.8253	0.5833	0.9968	0.5833	2.4974	0.4444	0.9290	0.6944	0.8560	0.6111		0.6071
0.9330	0.6111	0.7891	0.6667	0.9063	0.6389	1.0249	0.6111	2.9657	0.5000	0.9033	0.6389	1.1213	0.6389		0.6151
0.7112	0.6667	0.5669	0.7500	0.7076	0.6944	0.7995	0.7222	3.2025	0.5000	0.9622	0.7222	1.1902	0.6389		0.6706
1.0467	0.5833	0.6495	0.6944	0.6591	0.7500	0.8292	0.6944	3.3892	0.5000	0.8047	0.7500	0.7617	0.7500		0.6746
1.0279	0.6667	0.6049	0.7500	0.6254	0.7778	0.6323	0.7500	3.5014	0.5000	0.9009	0.7500	0.8095	0.7222		0.7024
prob_accuracy:0.7103

