output/result_backup/table_05Feb2019_original_pre_3_12gestures/K5_K2_2019-02-07_10.05

fc6_linear
Giang		Hai  		Long 		Minh 		Thuan		Thuy 		Tuyen		Final accuracy
loss	acc 	loss	acc 	loss	acc 	loss	acc 	loss	acc 	loss	acc 	loss	acc 	
4.2035	0.0833	3.1498	0.1111	3.6360	0.0278	3.6468	0.1944	3.9943	0.1111	3.4991	0.2500	3.9768	0.1389		0.1310
3.5943	0.0556	3.0550	0.2500	3.3884	0.1389	4.2722	0.2778	4.3492	0.1389	3.7142	0.2500	3.4413	0.1667		0.1825
3.0097	0.1111	2.9429	0.1389	3.0155	0.1944	3.1370	0.3056	3.6089	0.0833	3.6681	0.2222	3.4561	0.2500		0.1865
2.9867	0.1667	3.0781	0.2500	3.0081	0.1667	3.4467	0.1111	3.7329	0.1111	3.6820	0.2500	3.4770	0.2500		0.1865
2.9224	0.1111	3.1762	0.1944	2.9385	0.1667	2.9734	0.3056	3.2960	0.0278	3.3917	0.3056	3.3240	0.2222		0.1905
3.0042	0.1389	3.1771	0.1667	2.9559	0.1667	3.0531	0.2778	3.4030	0.0556	3.4017	0.3333	3.2481	0.2500		0.1984
fc6_linear_accuracy:0.2341

fc6_rbf
Giang		Hai  		Long 		Minh 		Thuan		Thuy 		Tuyen		Final accuracy
loss	acc 	loss	acc 	loss	acc 	loss	acc 	loss	acc 	loss	acc 	loss	acc 	
3.5183	0.1389	2.8324	0.1389	3.0731	0.1389	3.3817	0.1111	3.4279	0.1389	2.5363	0.2500	2.7637	0.1111		0.1468
3.0060	0.1389	2.6516	0.1667	3.0193	0.2500	2.9796	0.3056	2.8077	0.1389	2.5687	0.3333	2.7140	0.1944		0.2183
2.8530	0.1389	2.9604	0.1389	2.9054	0.0833	2.8316	0.2222	2.9354	0.1667	2.5564	0.3333	2.7623	0.2500		0.1905
3.0497	0.1111	2.9337	0.1111	2.7560	0.1389	3.1159	0.2222	2.8186	0.0833	2.5260	0.3333	2.7113	0.2500		0.1786
2.9512	0.1111	3.0791	0.0556	2.7447	0.1389	2.9746	0.2500	2.6903	0.1389	2.8348	0.3333	2.9241	0.2778		0.1865
3.0590	0.0833	2.9632	0.1389	2.7081	0.1389	2.9707	0.2222	2.8434	0.0833	2.9179	0.3333	2.8765	0.2500		0.1786
fc6_rbf_accuracy:0.2341

fc7_linear
Giang		Hai  		Long 		Minh 		Thuan		Thuy 		Tuyen		Final accuracy
loss	acc 	loss	acc 	loss	acc 	loss	acc 	loss	acc 	loss	acc 	loss	acc 	
4.2087	0.0833	3.5173	0.1389	3.4564	0.1667	3.6233	0.1667	3.9835	0.1667	3.7723	0.3333	3.5123	0.1944		0.1786
3.7701	0.0556	2.9367	0.2500	2.9243	0.1667	4.0816	0.1667	3.8542	0.0556	3.8678	0.2500	3.1818	0.1944		0.1627
3.3894	0.0833	2.8232	0.2222	2.5825	0.1667	3.0344	0.1111	3.2605	0.1667	3.5031	0.2778	3.0828	0.2222		0.1786
3.1026	0.1111	3.0403	0.1667	2.6224	0.1944	3.5262	0.0833	3.2948	0.1111	3.1351	0.3056	2.9125	0.2222		0.1706
2.6984	0.1389	3.2414	0.1111	2.5463	0.2500	2.7498	0.3056	3.1620	0.0278	3.1892	0.3056	2.9891	0.2500		0.1984
2.8908	0.1389	3.0273	0.1389	2.5530	0.1667	2.9130	0.2500	3.0887	0.0278	2.9919	0.3056	3.0654	0.2222		0.1786
fc7_linear_accuracy:0.2421

fc7_rbf
Giang		Hai  		Long 		Minh 		Thuan		Thuy 		Tuyen		Final accuracy
loss	acc 	loss	acc 	loss	acc 	loss	acc 	loss	acc 	loss	acc 	loss	acc 	
3.5682	0.1667	2.6871	0.1667	3.2026	0.0556	2.5368	0.1667	3.0546	0.0833	2.6255	0.2500	2.8230	0.1389		0.1468
3.0838	0.1667	2.7516	0.1944	2.8146	0.1111	2.9587	0.1389	3.5639	0.1944	2.4556	0.3056	2.6056	0.1944		0.1865
2.8747	0.1667	2.8366	0.0556	2.7231	0.1667	2.6065	0.2222	2.6042	0.1944	2.6531	0.2778	2.6405	0.1944		0.1825
2.8915	0.1389	2.9811	0.0833	2.6693	0.0833	2.9136	0.2500	2.7779	0.1389	2.4337	0.3056	2.6842	0.2500		0.1786
2.7146	0.1944	3.0956	0.0278	2.5646	0.0833	2.7361	0.2500	2.7863	0.1111	2.7537	0.3056	2.8320	0.2778		0.1786
2.7106	0.1667	2.9945	0.0278	2.6377	0.1389	2.8982	0.2778	2.8871	0.0278	2.8219	0.2778	2.9115	0.2778		0.1706
fc7_rbf_accuracy:0.2302

prob
Giang		Hai  		Long 		Minh 		Thuan		Thuy 		Tuyen		Final accuracy
loss	acc 	loss	acc 	loss	acc 	loss	acc 	loss	acc 	loss	acc 	loss	acc 	
2.7736	0.1389	2.5218	0.1389	2.3857	0.2778	2.5841	0.0556	3.1046	0.0833	2.2810	0.1944	2.5585	0.1667		0.1508
3.2437	0.0833	3.0645	0.1667	2.7455	0.1111	2.4964	0.2778	3.3144	0.0556	3.1210	0.3056	2.9119	0.2778		0.1825
3.4518	0.0833	3.5028	0.1944	2.9417	0.1389	2.4742	0.2222	3.2805	0.0833	2.8034	0.2778	3.3861	0.2500		0.1786
2.8617	0.1944	3.8608	0.1667	2.6815	0.1667	2.4328	0.3333	3.6592	0.0556	3.0491	0.2222	3.3139	0.2500		0.1984
3.2474	0.1111	4.4744	0.1111	2.8526	0.1667	2.5352	0.2500	4.0704	0.0833	3.9631	0.2778	3.6037	0.3056		0.1865
3.2915	0.1389	4.1891	0.1111	3.0211	0.1667	2.7299	0.3056	3.5180	0.0278	3.7315	0.3056	3.7246	0.3056		0.1944
prob_accuracy:0.2421

