output/experiments/K1_K1_24-01-2019_18.39.39_num_frm_15_87%

fc6_linear
Binh 		Giang		Hung 		Tan  		Thuan		Final accuracy
loss	acc 	loss	acc 	loss	acc 	loss	acc 	loss	acc 	
0.6686	0.7643	2.1583	0.7429	0.2005	0.9161	0.1834	0.9333	0.1524	0.9583		0.8630
0.7746	0.7714	1.5891	0.7524	0.1717	0.9290	0.1109	0.9619	0.0733	0.9750		0.8779
0.7654	0.7786	1.5762	0.7429	0.1751	0.9290	0.1167	0.9619	0.0730	0.9833		0.8791
0.7871	0.7500	1.4413	0.7524	0.1742	0.9226	0.1131	0.9619	0.0684	0.9833		0.8740
0.7474	0.7714	1.4419	0.7524	0.1651	0.9355	0.0999	0.9619	0.0702	0.9833		0.8809
0.7543	0.7571	1.4591	0.7524	0.1656	0.9355	0.1016	0.9619	0.0703	0.9833		0.8780
0.7495	0.7643	1.4561	0.7524	0.1693	0.9355	0.1102	0.9619	0.0692	0.9833		0.8795
fc6_linear_accuracy:0.8809

fc6_rbf
Binh 		Giang		Hung 		Tan  		Thuan		Final accuracy
loss	acc 	loss	acc 	loss	acc 	loss	acc 	loss	acc 	
0.8742	0.8071	2.0208	0.7238	0.1580	0.9548	0.1911	0.9714	0.1789	0.9583		0.8831
0.7776	0.7786	1.6015	0.7238	0.1462	0.9484	0.1271	0.9810	0.1080	0.9667		0.8797
0.7844	0.7786	1.5704	0.7524	0.1490	0.9419	0.1101	0.9810	0.1027	0.9667		0.8841
0.7831	0.7714	1.4708	0.7619	0.1522	0.9355	0.1057	0.9619	0.0954	0.9750		0.8811
0.7397	0.7857	1.4749	0.7714	0.1523	0.9419	0.1062	0.9714	0.0961	0.9750		0.8891
0.7464	0.7857	1.6695	0.7048	0.1493	0.9419	0.1107	0.9619	0.0961	0.9833		0.8755
0.7470	0.7857	1.4787	0.7524	0.1509	0.9419	0.1015	0.9714	0.0955	0.9750		0.8853
fc6_rbf_accuracy:0.8891

fc7_linear
Binh 		Giang		Hung 		Tan  		Thuan		Final accuracy
loss	acc 	loss	acc 	loss	acc 	loss	acc 	loss	acc 	
0.8741	0.7071	2.0369	0.7905	0.1975	0.9161	0.1932	0.9333	0.1204	0.9500		0.8594
0.8697	0.7357	1.4710	0.8000	0.1243	0.9677	0.0799	0.9905	0.0661	1.0000		0.8988
0.8255	0.7643	1.4525	0.8095	0.1443	0.9548	0.0752	0.9810	0.0640	1.0000		0.9019
0.8432	0.7500	1.3072	0.8095	0.1577	0.9355	0.0643	0.9905	0.0604	1.0000		0.8971
0.8146	0.7571	1.3209	0.8095	0.1353	0.9613	0.0636	0.9905	0.0635	1.0000		0.9037
0.8102	0.7571	1.3168	0.8095	0.1365	0.9613	0.0634	0.9905	0.0634	0.9917		0.9020
0.8102	0.7571	1.2995	0.8095	0.1369	0.9613	0.0650	0.9905	0.0646	0.9917		0.9020
fc7_linear_accuracy:0.9037

fc7_rbf
Binh 		Giang		Hung 		Tan  		Thuan		Final accuracy
loss	acc 	loss	acc 	loss	acc 	loss	acc 	loss	acc 	
0.9750	0.7500	1.8967	0.8000	0.1022	0.9677	0.2053	0.9619	0.1009	0.9917		0.8943
0.8863	0.7429	1.4666	0.8095	0.0912	0.9806	0.0993	0.9905	0.0675	1.0000		0.9047
0.8465	0.7500	1.4642	0.8095	0.1102	0.9677	0.0801	0.9905	0.0678	0.9833		0.9002
0.8556	0.7286	1.3166	0.8095	0.1223	0.9677	0.0786	0.9905	0.0639	0.9917		0.8976
0.8253	0.7500	1.2972	0.8095	0.1118	0.9613	0.0783	0.9905	0.0653	0.9917		0.9006
0.8254	0.7429	1.2842	0.8095	0.1119	0.9613	0.0781	0.9905	0.0658	0.9917		0.8992
0.8207	0.7500	1.2804	0.8095	0.1126	0.9613	0.0784	0.9905	0.0654	0.9917		0.9006
fc7_rbf_accuracy:0.9047

prob
Binh 		Giang		Hung 		Tan  		Thuan		Final accuracy
loss	acc 	loss	acc 	loss	acc 	loss	acc 	loss	acc 	
0.6693	0.6929	1.2633	0.7333	0.2876	0.9032	0.3447	0.8476	0.2657	0.9250		0.8204
0.9078	0.6000	1.5254	0.8095	0.1171	0.9742	0.1499	0.9333	0.1026	0.9500		0.8534
0.8300	0.6571	1.4786	0.8095	0.1448	0.9355	0.1493	0.9143	0.1059	0.9500		0.8533
0.9299	0.6714	1.8861	0.8095	0.2706	0.8839	0.1357	0.9238	0.0610	0.9667		0.8511
1.0701	0.6286	1.8267	0.8095	0.1454	0.9484	0.1054	0.9524	0.0516	0.9750		0.8628
0.9077	0.6714	1.8482	0.8095	0.1362	0.9419	0.1057	0.9524	0.0545	0.9750		0.8701
0.9530	0.6643	1.8777	0.8095	0.1358	0.9419	0.1057	0.9524	0.0576	0.9750		0.8686
prob_accuracy:0.8701

