    15      0      0      0      0      0      0      0      0      0      0      0
     0      7      0      0      0      0      0      0      8      0      0      0
     0      0     15      0      0      0      0      0      0      0      0      0
     0      0      0     14      0      0      0      0      0      0      1      0
     0      0      0      0      8      0      0      0      0      0      0      7
     0      0      0      0      0     14      1      0      0      0      0      0
     0      0      0      0      0      0     15      0      0      0      0      0
     0      0      0      0      0      0      0     10      4      1      0      0
     0      0      0      0      0      0      0      0     15      0      0      0
     0      0      0      0      0      0      0      0     11      4      0      0
     0      0      0      4      0      0      0      0      0      0      9      2
     0      0      0      0      0      0      0      0      0      0      0     15
