     0      0      0     15      0      0      0      0      0      0      0      0
     0      6      0      0      0      0      0      0      2      7      0      0
     0      0     12      2      0      0      1      0      0      0      0      0
     0      0      0     15      0      0      0      0      0      0      0      0
     0      0      0     12      3      0      0      0      0      0      0      0
     0      0      0     10      0      5      0      0      0      0      0      0
     0      0      0     15      0      0      0      0      0      0      0      0
     0      1      0      0      0      1      0      0     10      3      0      0
     0      3      0      0      0      0      0      0      4      8      0      0
     0      2      0      0      0      0      0      0      3     10      0      0
     0      0      0     15      0      0      0      0      0      0      0      0
     0      0      0     13      2      0      0      0      0      0      0      0
