    45      0      0      0      0      0      0      0      0      0      0      0
     0     38      0      0      0      0      0      4      0      3      0      0
     0      0     45      0      0      0      0      0      0      0      0      0
     0      0      0     43      0      0      1      0      0      0      1      0
     0      0      0      0     42      0      0      0      0      0      0      3
     0      0      0      0      0     44      1      0      0      0      0      0
     0      0      0      0      0      0     45      0      0      0      0      0
     0      1      0      0      0      0      0     44      0      0      0      0
     0      0      0      0      0      0      0      0     44      1      0      0
     0      0      0      0      0      0      0      1      0     44      0      0
     0      0      0     11      0      0      0      0      0      0     34      0
     0      0      0      0      1      0      0      0      0      0      0     44
