    45      0      0      0      0      0      0      0      0      0      0      0
     0     21      2      0      0      0      0      0      0     22      0      0
     0      1     40      0      0      3      1      0      0      0      0      0
     0      0      0     20      0      0      1      0      0      0     24      0
     0      0      0      0     42      1      0      0      0      0      0      2
     1      0      0      0      0     44      0      0      0      0      0      0
     0      0      0      0      0      1     44      0      0      0      0      0
     0      0      0      0      0      0      0     45      0      0      0      0
     0      2      1      0      0      0      0      0     42      0      0      0
     0      0      0      0      0      0      0      0      0     45      0      0
     0      0      0      0      0      0      0      0      0      0     45      0
     0      0      0      0     17      0      0      0      0      0      0     28
