    18      0      0      0      0      0      0      0      0      0      0      0
     0      9      0      0      0      0      0      0      0      9      0      0
     0      0     18      0      0      0      0      0      0      0      0      0
     0      0      0     18      0      0      0      0      0      0      0      0
     0      0      0      0     18      0      0      0      0      0      0      0
     0      0      0      0      0     16      2      0      0      0      0      0
     0      0      0      0      0      0     18      0      0      0      0      0
     0      0      0      0      0      0      0     15      0      3      0      0
     0      4      0      0      0      0      0      0      9      5      0      0
     0      0      0      0      0      0      0      0      0     18      0      0
     0      0      0     10      0      0      0      0      0      0      8      0
     0      0      0      0     13      0      0      0      0      0      0      5
