     0      0      9      8      0      0      0      0      0      1      0      0
     0      1      0      0      0      0      0      0      0     17      0      0
     0      0     18      0      0      0      0      0      0      0      0      0
     0      0      0     18      0      0      0      0      0      0      0      0
     0      0      0      5     13      0      0      0      0      0      0      0
     0      0     14      3      0      1      0      0      0      0      0      0
     0      0     10      4      0      4      0      0      0      0      0      0
     0      1      0      4      0      0      0     11      0      2      0      0
     0      0      0      0      0      0      0      0     17      1      0      0
     0      0      0      0      0      0      0      0      0     18      0      0
     0      0      0     15      0      0      0      0      0      0      3      0
     0      0      0      4     14      0      0      0      0      0      0      0
