    90      0      0      0      0      0      0      0      0      0      0      0
     0     66      0      0      0      0      0     11      4      9      0      0
     0      0     90      0      0      0      0      0      0      0      0      0
     0      0      0     14      0      0      0      0      0      0     76      0
     0      0      0      0     43      0      0      0      0      0      0     47
     0      0      1      0      0     83      6      0      0      0      0      0
     0      0      0      0      0      0     90      0      0      0      0      0
     0      5      0      1      0      0      0     79      1      2      0      2
     0      1      0      0      0      0      0      0     82      7      0      0
     0      9      0      0      0      0      0      5      6     70      0      0
     0      0      0      0      0      0      0      0      0      0     90      0
     0      0      0      0     10      0      0      0      0      0      0     80
