     0     18      0      0      0      0      0      0      0      0      0      0
     0     18      0      0      0      0      0      0      0      0      0      0
     0      0     18      0      0      0      0      0      0      0      0      0
     0      0      0     15      0      0      0      0      3      0      0      0
     0      0      0      3      9      0      0      0      6      0      0      0
     0      9      5      2      2      0      0      0      0      0      0      0
     0      6      6      5      0      0      1      0      0      0      0      0
     0     16      0      2      0      0      0      0      0      0      0      0
     0     11      0      0      0      0      0      0      7      0      0      0
     0     18      0      0      0      0      0      0      0      0      0      0
     0      0      0     15      0      0      0      0      3      0      0      0
     0      0      0      3      6      0      0      0      7      0      0      2
