    18      0      0      0      0      0      0      0      0      0      0      0
     0      0      0      0      0      0      0      0      5     13      0      0
     0      0     18      0      0      0      0      0      0      0      0      0
     0      0      0     18      0      0      0      0      0      0      0      0
     0      0      0      1     17      0      0      0      0      0      0      0
     0      0      0      0      0     16      2      0      0      0      0      0
     0      0      0      0      0      0     18      0      0      0      0      0
     0      0      0      0      0      0      0      6      3      9      0      0
     0      0      0      0      0      0      0      0     17      1      0      0
     0      0      0      0      0      0      0      0      0     18      0      0
     0      0      0     13      1      0      0      0      0      0      4      0
     0      0      0      0     18      0      0      0      0      0      0      0
