    13      0      0      0      0      0      0      0      0      0      2      0
     0      4      0      0      0      0      0      0      0     11      0      0
     0      0     15      0      0      0      0      0      0      0      0      0
     0      0      0      8      0      0      0      0      0      0      7      0
     0      0      0      0     15      0      0      0      0      0      0      0
     0      0      0      0      0      0     15      0      0      0      0      0
     0      0      0      0      0      0     15      0      0      0      0      0
     0      1      0      0      0      0      2      2      2      8      0      0
     0      0      0      0      2      0      0      0     11      2      0      0
     0      0      0      0      0      0      0      0      0     15      0      0
     0      0      0      0      0      0      0      0      0      0     15      0
     0      0      0      0     15      0      0      0      0      0      0      0
