    18      0      0      0      0      0      0      0      0      0      0      0
     0     11      0      0      0      0      0      0      1      6      0      0
     0      0     18      0      0      0      0      0      0      0      0      0
     0      0      0     14      3      0      0      0      0      0      1      0
     0      0      0      3     15      0      0      0      0      0      0      0
     0      0      0      0      0     18      0      0      0      0      0      0
     0      0      0      0      0      1     17      0      0      0      0      0
     0      5      0      0      0      0      0     11      0      2      0      0
     0      1      0      0      0      0      0      0     17      0      0      0
     0      2      0      0      0      0      0      0      0     16      0      0
     0      0      0      2      3      0      0      0      0      0     13      0
     0      0      0      0     18      0      0      0      0      0      0      0
