output/result/K2_K5_2019-02-21_05.58

fc6_linear
Giang		Hai  		Long 		Minh 		Thuy 		Tuyen		Final accuracy
loss	acc 	loss	acc 	loss	acc 	loss	acc 	loss	acc 	loss	acc 	
4.6356	0.1944	4.8209	0.1389	5.2272	0.0833	4.0017	0.1667	5.5363	0.2778	5.7657	0.1944		0.1759
3.7216	0.1944	3.8817	0.1389	4.7724	0.1111	5.2379	0.1111	5.0998	0.2778	4.9307	0.0833		0.1528
3.9884	0.1111	3.3769	0.2778	3.8188	0.1667	3.7740	0.2500	5.0105	0.2500	3.9752	0.1667		0.2037
3.8677	0.0833	3.7527	0.1667	4.0826	0.1667	3.6078	0.2500	3.7085	0.3611	3.7189	0.1944		0.2037
3.8863	0.1111	3.6610	0.2500	5.9081	0.1389	3.7366	0.1111	4.7257	0.2778	4.7048	0.0833		0.1620
4.2578	0.1667	3.6157	0.2500	3.9015	0.1389	3.0293	0.2222	4.3689	0.1111	4.5056	0.1667		0.1759
4.3771	0.0833	3.8683	0.3333	3.5360	0.2500	3.1526	0.1944	3.9135	0.2222	4.3596	0.1944		0.2130
fc6_linear_accuracy:0.2639

fc6_rbf
Giang		Hai  		Long 		Minh 		Thuy 		Tuyen		Final accuracy
loss	acc 	loss	acc 	loss	acc 	loss	acc 	loss	acc 	loss	acc 	
3.9080	0.1667	4.7521	0.1111	4.6881	0.0833	3.5222	0.0833	5.4965	0.1667	4.1188	0.0833		0.1157
2.9380	0.1667	2.9932	0.2500	4.8266	0.0833	2.5583	0.2222	4.4754	0.1667	4.1462	0.0833		0.1620
3.1532	0.2222	3.1034	0.3611	4.1386	0.2222	2.6397	0.1944	3.6957	0.2222	3.5120	0.1667		0.2315
3.1740	0.1389	2.7194	0.3056	2.7945	0.2500	2.3854	0.2222	3.3868	0.1944	3.3940	0.1111		0.2037
3.2902	0.2222	2.7686	0.3333	4.2749	0.0833	3.4730	0.1111	3.2684	0.2500	3.1769	0.1667		0.1944
3.2183	0.1389	2.8604	0.3056	2.9027	0.1667	2.4125	0.2222	3.7011	0.2222	3.0377	0.1944		0.2083
3.3730	0.1667	3.8316	0.2222	2.8062	0.2500	2.3443	0.1944	3.6182	0.2222	2.9179	0.1944		0.2083
fc6_rbf_accuracy:0.2500

fc7_linear
Giang		Hai  		Long 		Minh 		Thuy 		Tuyen		Final accuracy
loss	acc 	loss	acc 	loss	acc 	loss	acc 	loss	acc 	loss	acc 	
4.1785	0.1389	3.8010	0.1389	5.2806	0.1667	3.3635	0.2500	5.9327	0.0833	5.8590	0.0833		0.1435
4.0589	0.1111	2.8035	0.3611	3.1123	0.1944	2.9556	0.2778	5.1718	0.1667	4.7779	0.1944		0.2176
4.3594	0.1389	3.4375	0.2222	4.2472	0.2222	2.8923	0.2500	4.6076	0.1944	3.7504	0.2222		0.2083
4.5327	0.0833	3.7504	0.1667	3.6702	0.0833	2.6962	0.1944	4.0168	0.2500	3.5747	0.3056		0.1806
5.1149	0.0833	3.1898	0.2500	3.5742	0.2222	3.4601	0.1944	4.1758	0.1667	4.1417	0.2222		0.1898
5.0511	0.0833	3.2668	0.3056	3.8184	0.2500	3.0596	0.2222	4.4230	0.1667	3.7725	0.2222		0.2083
5.1313	0.1111	3.3237	0.1944	3.9306	0.2500	3.2192	0.2222	4.6357	0.1667	4.0249	0.1944		0.1898
fc7_linear_accuracy:0.2639

fc7_rbf
Giang		Hai  		Long 		Minh 		Thuy 		Tuyen		Final accuracy
loss	acc 	loss	acc 	loss	acc 	loss	acc 	loss	acc 	loss	acc 	
3.3396	0.1111	2.4966	0.3889	3.6584	0.2222	2.2627	0.3056	3.8355	0.0833	3.4830	0.1944		0.2176
3.1686	0.2222	2.2270	0.3611	2.5034	0.3056	2.1825	0.3056	3.6136	0.1667	3.3021	0.1667		0.2546
3.0874	0.1667	2.2938	0.4444	2.8601	0.2778	2.3268	0.2500	3.3732	0.2500	2.7847	0.1667		0.2593
3.1528	0.2222	2.5493	0.3333	2.5580	0.1944	2.4909	0.1944	3.5736	0.2222	2.6800	0.1944		0.2269
3.5270	0.2222	2.2870	0.3889	2.9179	0.1667	2.6963	0.1944	3.3685	0.2500	3.1571	0.1667		0.2315
3.5061	0.2222	2.5089	0.3611	2.9368	0.1944	2.4434	0.2222	3.4949	0.2222	2.8645	0.1944		0.2361
3.4239	0.2222	2.3102	0.4444	2.7344	0.2222	2.7335	0.1944	3.4548	0.2500	2.8983	0.1944		0.2546
fc7_rbf_accuracy:0.2870

prob
Giang		Hai  		Long 		Minh 		Thuy 		Tuyen		Final accuracy
loss	acc 	loss	acc 	loss	acc 	loss	acc 	loss	acc 	loss	acc 	
2.5423	0.2222	2.3618	0.1389	2.4217	0.1111	2.1096	0.2222	2.2509	0.2222	2.1785	0.1667		0.1806
2.9672	0.1944	2.2079	0.3333	2.3119	0.3056	1.8394	0.3333	2.9824	0.2500	3.1213	0.1944		0.2685
3.8022	0.1944	2.0012	0.3333	2.1959	0.3056	1.9359	0.2500	2.5805	0.2778	3.0703	0.1389		0.2500
3.7981	0.1667	2.0538	0.2500	2.4752	0.2500	2.0973	0.2500	3.0791	0.1667	2.6249	0.2500		0.2222
3.9270	0.1389	2.1369	0.2778	2.1918	0.3056	2.3127	0.2778	3.0219	0.1944	2.5631	0.3333		0.2546
3.9672	0.1111	2.2173	0.3056	2.2030	0.3611	2.1516	0.2778	3.1139	0.2500	2.9846	0.2778		0.2639
4.0154	0.1111	2.2554	0.3056	2.2668	0.3889	2.1462	0.3056	3.1429	0.2222	3.1134	0.2778		0.2685
prob_accuracy:0.3148

