    43      1      0      0      0      1      0      0      0      0      0      0
     1     39      1      0      0      0      0      0      0      4      0      0
     0      0     41      3      1      0      0      0      0      0      0      0
     1      0      0     37      0      0      0      0      0      0      7      0
     2      0      1      0     37      0      0      0      0      0      0      5
     4      0      0      0      0     40      1      0      0      0      0      0
     0      0      0      0      0      0     45      0      0      0      0      0
     0      0      0      0      0      0      0     45      0      0      0      0
     0      0      0      0      0      0      0      0     45      0      0      0
     0      1      0      0      0      0      0      0      0     44      0      0
     0      0      0      2      0      0      0      0      0      0     43      0
     0      0      0      0      0      0      0      0      0      0      0     45
