    15      0      0      0      0      0      0      0      0      0      0      0
     0      0      0      0      0      0      0      0      0     15      0      0
     0      0     15      0      0      0      0      0      0      0      0      0
     0      0      0      4      7      1      3      0      0      0      0      0
     0      0      0      0      7      8      0      0      0      0      0      0
     0      0      0      0      0     14      1      0      0      0      0      0
     0      0      0      0      0      4     11      0      0      0      0      0
     0      0      0      0      0      0      0      0      2     13      0      0
     0      0      0      0      0      0      0      0      1     14      0      0
     0      0      0      0      0      0      0      0      0     15      0      0
     0      0      0      8      3      0      3      0      0      0      1      0
     0      0      0      0      9      6      0      0      0      0      0      0
