     2      0      0     11      2      0      0      0      0      0      0      0
     0      1      0      0      0      0      0      0      0     14      0      0
     0      0      9      0      0      0      3      3      0      0      0      0
     0      0      0     13      0      0      1      1      0      0      0      0
     0      0      0      1      5      3      2      0      0      1      0      3
     0      0      0      0      1      9      3      0      0      0      0      2
     0      0      0      5      0      3      7      0      0      0      0      0
     0      0      0      0      0      0      0      0      3     12      0      0
     0      0      0      0      0      0      0      0      0     15      0      0
     0      0      0      0      0      0      0      0      0     15      0      0
     0      0      0     13      0      1      1      0      0      0      0      0
     0      0      0      0      5      3      3      0      0      0      0      4
