    44      1      0      0      0      0      0      0      0      0      0      0
     0     43      1      0      1      0      0      0      0      0      0      0
     0      0     42      3      0      0      0      0      0      0      0      0
     0      0      0     39      1      1      0      0      0      0      3      1
     2      0      1      0     42      0      0      0      0      0      0      0
     3      0      0      0      0     39      2      0      0      0      0      1
     0      0      1      0      0      0     44      0      0      0      0      0
     0      1      0      0      0      0      0     44      0      0      0      0
     0      0      0      0      0      0      0      0     45      0      0      0
     0      0      0      0      0      0      0      0      0     45      0      0
     0      0      0      1      0      0      0      0      0      0     44      0
     0      0      0      0      1      0      0      0      0      0      0     44
