    45      0      0      0      0      0      0      0      0      0      0      0
     1     41      0      0      0      0      0      0      0      3      0      0
     1      0     39      3      1      1      0      0      0      0      0      0
     0      0      0     39      2      1      0      0      0      0      3      0
     1      0      1      0     40      0      0      0      0      0      0      3
     4      0      0      0      1     40      0      0      0      0      0      0
     0      0      0      0      0     26     19      0      0      0      0      0
     0      2      0      0      0      0      0     43      0      0      0      0
     0      0      0      0      0      0      0      0     45      0      0      0
     0      0      0      0      0      0      0      0      0     45      0      0
     0      0      0      0      0      0      0      0      0      0     45      0
     0      0      0      0      2      0      0      0      0      0      0     43
