    18      0      0      0      0      0      0      0      0      0      0      0
     0     12      0      0      0      0      0      0      0      6      0      0
     0      0     18      0      0      0      0      0      0      0      0      0
     0      0      0     12      5      0      0      0      0      0      1      0
     0      0      0      0     18      0      0      0      0      0      0      0
     0      0      0      0      0     17      1      0      0      0      0      0
     0      0      0      0      0      2     16      0      0      0      0      0
     0      1      0      0      0      0      0      0      6     11      0      0
     0      4      0      0      0      0      0      0     10      4      0      0
     0      0      0      0      0      0      0      0      0     18      0      0
     0      0      0      5      5      0      0      0      0      0      8      0
     0      0      0      0     12      0      0      0      0      0      0      6
