    17      0      0      0      1      0      0      0      0      0      0      0
     0      7      0      0      0      0      0      0      0     11      0      0
     0      0     18      0      0      0      0      0      0      0      0      0
     0      0      0     14      4      0      0      0      0      0      0      0
     0      0      0      0     18      0      0      0      0      0      0      0
     0      0      0      0      0     18      0      0      0      0      0      0
     0      0      0      0      0      9      9      0      0      0      0      0
     0      1      0      0      0      0      0      4      1     12      0      0
     0      2      0      0      0      0      0      0     16      0      0      0
     0      0      0      0      0      0      0      0      0     18      0      0
     0      0      0     12      5      0      0      0      0      0      1      0
     0      0      0      0     18      0      0      0      0      0      0      0
