     6      0      0      0      3      6      0      0      0      0      0      0
     0      0      0      0      0      0      0      0      0     15      0      0
     0      0     15      0      0      0      0      0      0      0      0      0
     0      0      0     15      0      0      0      0      0      0      0      0
     0      0      0      0     15      0      0      0      0      0      0      0
     0      0      0      0      0     15      0      0      0      0      0      0
     0      0      8      0      0      4      3      0      0      0      0      0
     0      0      0      0      0      0      0     15      0      0      0      0
     0      0      0      0      0      0      0      0     15      0      0      0
     0      0      0      0      0      0      0      0      0     15      0      0
     0      0      0     11      0      0      0      0      0      0      4      0
     0      0      0      0     15      0      0      0      0      0      0      0
