output/result/K1_K1_2019-02-20_22.04

fc6_linear
Giang		Hai  		Long 		Minh 		Thuy 		Tuyen		Final accuracy
loss	acc 	loss	acc 	loss	acc 	loss	acc 	loss	acc 	loss	acc 	
4.5703	0.1667	2.0552	0.5000	2.4190	0.4167	2.5630	0.4167	4.2042	0.2778	1.8640	0.5556		0.3889
3.2999	0.2778	1.5409	0.5000	1.6447	0.4444	2.2182	0.1944	3.1245	0.3333	1.4444	0.5000		0.3750
3.0841	0.1667	1.7190	0.4444	1.5760	0.4167	2.0696	0.3889	2.3998	0.4722	1.8338	0.5556		0.4074
2.9498	0.2778	1.5924	0.4444	1.5052	0.5556	1.6468	0.4722	2.2420	0.4722	1.5461	0.5000		0.4537
3.0092	0.2778	1.8790	0.4444	1.5039	0.5000	1.9312	0.3611	1.9791	0.3611	1.6607	0.5556		0.4167
2.6826	0.2500	1.6339	0.5000	1.4785	0.4444	1.7953	0.3611	1.8494	0.5278	1.6598	0.5278		0.4352
2.6312	0.2500	1.7116	0.5000	1.3967	0.4722	1.9002	0.4444	2.4649	0.3611	1.6923	0.5278		0.4259
fc6_linear_accuracy:0.4815

fc6_rbf
Giang		Hai  		Long 		Minh 		Thuy 		Tuyen		Final accuracy
loss	acc 	loss	acc 	loss	acc 	loss	acc 	loss	acc 	loss	acc 	
3.4195	0.3333	1.6506	0.4167	1.9398	0.3889	2.1321	0.3056	3.5940	0.3889	1.4877	0.3889		0.3704
2.3557	0.3333	1.4394	0.5000	1.4682	0.3889	2.1188	0.4167	2.8388	0.3333	1.2497	0.5278		0.4167
2.0921	0.4167	1.4001	0.5278	1.3218	0.5000	1.6107	0.4722	2.6992	0.3611	1.3285	0.5000		0.4630
2.0995	0.3889	1.4286	0.5556	1.2390	0.5000	1.4886	0.4444	1.6462	0.5000	1.2640	0.5556		0.4907
2.0831	0.3611	1.4960	0.5556	1.1602	0.4722	1.6183	0.4167	2.3381	0.3333	1.2007	0.6111		0.4583
2.0468	0.2778	1.4338	0.6667	1.0937	0.5278	1.6215	0.4167	1.9961	0.5278	1.2307	0.5833		0.5000
2.1111	0.2500	1.3846	0.6111	1.1211	0.5000	1.7156	0.4722	1.5759	0.6111	1.2157	0.6389		0.5139
fc6_rbf_accuracy:0.5556

fc7_linear
Giang		Hai  		Long 		Minh 		Thuy 		Tuyen		Final accuracy
loss	acc 	loss	acc 	loss	acc 	loss	acc 	loss	acc 	loss	acc 	
3.9443	0.2222	1.7603	0.3889	1.9147	0.4722	2.4546	0.3611	3.3309	0.2500	2.1359	0.3889		0.3472
3.0016	0.2778	1.4561	0.4444	1.6846	0.5556	1.6301	0.4444	3.0536	0.3889	1.3652	0.5000		0.4352
3.7271	0.2222	1.5550	0.4722	1.4800	0.3611	1.9592	0.3611	2.3403	0.3889	1.4014	0.5278		0.3889
3.7296	0.1944	1.4896	0.4722	1.5785	0.4167	1.5908	0.3889	1.9289	0.4444	1.2447	0.5833		0.4167
3.6381	0.1944	1.7532	0.4722	1.6133	0.5278	1.7724	0.3889	1.8242	0.5000	1.4211	0.5278		0.4352
3.3277	0.1944	1.7361	0.4167	1.6890	0.5000	1.6794	0.3611	1.7055	0.4722	1.3951	0.5000		0.4074
3.1277	0.2222	1.8055	0.4444	1.8106	0.5000	1.6410	0.3611	1.6892	0.4444	1.3725	0.5000		0.4120
fc7_linear_accuracy:0.4722

fc7_rbf
Giang		Hai  		Long 		Minh 		Thuy 		Tuyen		Final accuracy
loss	acc 	loss	acc 	loss	acc 	loss	acc 	loss	acc 	loss	acc 	
2.8501	0.1667	1.6437	0.3056	1.6795	0.4722	2.1087	0.2778	2.4861	0.3889	1.8486	0.3056		0.3194
2.0473	0.3056	1.3733	0.5556	1.4076	0.4444	1.7239	0.3333	2.3222	0.3889	1.3119	0.4722		0.4167
2.0557	0.4167	1.3411	0.5000	1.3123	0.4167	1.7148	0.4167	1.8297	0.4444	1.2704	0.5000		0.4491
2.5734	0.3056	1.2833	0.5556	1.3264	0.3889	1.3593	0.4444	1.5130	0.5000	1.2245	0.5000		0.4491
2.0845	0.2778	1.5446	0.6389	1.1306	0.5278	1.5728	0.4167	1.3709	0.5000	1.1322	0.5833		0.4907
2.0753	0.2778	1.4935	0.6389	1.1760	0.4444	1.4341	0.4722	1.2169	0.5278	1.1609	0.6111		0.4954
2.1524	0.2778	1.3705	0.6667	1.2319	0.4722	1.4420	0.4722	1.1496	0.5278	1.1240	0.6111		0.5046
fc7_rbf_accuracy:0.5370

prob
Giang		Hai  		Long 		Minh 		Thuy 		Tuyen		Final accuracy
loss	acc 	loss	acc 	loss	acc 	loss	acc 	loss	acc 	loss	acc 	
2.2678	0.1944	2.0375	0.3333	1.6870	0.3333	1.9776	0.2222	2.1181	0.1667	2.0583	0.1944		0.2407
2.7149	0.2222	1.4830	0.3333	1.5592	0.3611	1.9634	0.3056	1.8445	0.3889	1.1178	0.4444		0.3426
2.1439	0.3611	1.3576	0.4722	1.2308	0.4167	1.5636	0.3611	1.4598	0.3889	1.1202	0.5000		0.4167
2.7978	0.3056	1.4163	0.5278	1.2127	0.3889	1.3012	0.5278	1.2467	0.5000	0.9675	0.4722		0.4537
2.9213	0.2778	1.4261	0.3889	1.1677	0.4167	2.0247	0.3889	1.1860	0.5000	0.8592	0.5833		0.4259
3.1836	0.2222	1.2032	0.5278	0.9981	0.4722	1.5836	0.4167	0.9789	0.5833	0.7777	0.6389		0.4769
3.0168	0.2500	1.2058	0.5556	1.0489	0.4444	1.5500	0.4444	1.0346	0.6111	0.8054	0.6389		0.4907
prob_accuracy:0.5278

