    18      0      0      0      0      0      0      0      0      0      0      0
     1     10      0      0      0      0      0      1      0      6      0      0
     0      0     18      0      0      0      0      0      0      0      0      0
     0      0      0     13      2      0      0      0      0      0      2      1
     0      0      0      0     14      0      0      0      0      0      2      2
     0      0      0      0      0     17      1      0      0      0      0      0
     0      0      0      0      0      0     18      0      0      0      0      0
     0      7      0      0      0      0      0      9      1      1      0      0
     0      0      0      0      0      0      0      0     17      1      0      0
     0      3      0      0      0      0      0      0      0     15      0      0
     0      0      0      0      0      0      0      0      0      0     15      3
     0      0      0      0      9      0      0      0      0      0      0      9
