     0      2      4      3      7      0      0      0      0      0      0      2
     0     18      0      0      0      0      0      0      0      0      0      0
     0      0     18      0      0      0      0      0      0      0      0      0
     0      1      2      7      7      0      0      0      1      0      0      0
     0      0      3      0     15      0      0      0      0      0      0      0
     0      0      1      0      2     15      0      0      0      0      0      0
     0      0      2      2      4      2      0      0      8      0      0      0
     0     18      0      0      0      0      0      0      0      0      0      0
     0     18      0      0      0      0      0      0      0      0      0      0
     0     16      2      0      0      0      0      0      0      0      0      0
     0      0      3      6      7      0      0      0      0      0      1      1
     0      0      3      0      6      0      0      0      0      0      0      9
