output/result/table_2019_02_16_12gestures_6_subjects/K3_K1_2019-02-17_13.07

fc6_linear
Giang		Hai  		Long 		Minh 		Thuy 		Tuyen		Final accuracy
loss	acc 	loss	acc 	loss	acc 	loss	acc 	loss	acc 	loss	acc 	
4.8030	0.1667	5.2415	0.0833	3.8982	0.1111	5.0096	0.1944	5.3486	0.2222	5.9581	0.0833		0.1435
4.2065	0.1944	3.9847	0.1111	4.2521	0.0833	3.6313	0.1944	4.4886	0.2222	4.9962	0.0833		0.1481
4.6280	0.1111	3.9361	0.0833	4.7042	0.0833	4.2242	0.2222	4.6691	0.1111	3.5414	0.1389		0.1250
3.5725	0.1667	4.5050	0.0833	4.2377	0.0833	3.4392	0.2222	4.1714	0.1667	3.6523	0.1667		0.1481
4.4811	0.1389	4.3247	0.0278	4.2702	0.0833	4.8534	0.0833	3.3092	0.2778	2.9136	0.1389		0.1250
4.4717	0.1667	4.5160	0.0833	4.0129	0.0833	4.2220	0.0833	3.4425	0.2500	3.0883	0.1111		0.1296
4.4745	0.1667	4.4592	0.0278	4.4187	0.0833	4.3234	0.0833	3.3711	0.2500	3.0898	0.1111		0.1204
fc6_linear_accuracy:0.1806

fc6_rbf
Giang		Hai  		Long 		Minh 		Thuy 		Tuyen		Final accuracy
loss	acc 	loss	acc 	loss	acc 	loss	acc 	loss	acc 	loss	acc 	
3.5696	0.1667	4.1243	0.0833	4.0686	0.1667	3.4948	0.2500	3.6645	0.3056	3.8393	0.0833		0.1759
2.8359	0.3333	3.2886	0.2222	3.5361	0.1111	2.8253	0.2778	3.2438	0.2500	3.4958	0.0833		0.2130
3.3151	0.1389	3.5457	0.1389	2.7311	0.0833	2.8754	0.3333	3.1060	0.2222	3.2746	0.1667		0.1806
3.1143	0.1944	3.6964	0.0833	2.7213	0.0833	2.8923	0.2500	3.1945	0.2222	3.1977	0.1389		0.1620
3.0181	0.2500	3.2968	0.0833	2.9324	0.0833	3.0370	0.1667	3.1067	0.2222	3.0611	0.1667		0.1620
3.6667	0.2222	3.5939	0.0833	2.8667	0.1111	2.8187	0.2222	3.4018	0.2222	3.1339	0.1389		0.1667
3.1742	0.2222	3.5208	0.0833	3.0067	0.0833	2.8386	0.2500	3.3858	0.1944	3.2339	0.1667		0.1667
fc6_rbf_accuracy:0.2546

fc7_linear
Giang		Hai  		Long 		Minh 		Thuy 		Tuyen		Final accuracy
loss	acc 	loss	acc 	loss	acc 	loss	acc 	loss	acc 	loss	acc 	
4.3929	0.1667	4.5326	0.0833	4.6661	0.0833	3.2916	0.3056	3.9894	0.2500	4.3880	0.1111		0.1667
2.8557	0.2778	3.2435	0.1667	4.2952	0.0833	3.9899	0.1667	4.0275	0.2222	4.0775	0.1111		0.1713
4.1961	0.1111	3.9040	0.0833	4.2619	0.0833	3.1416	0.2778	4.0336	0.1944	3.7674	0.1667		0.1528
4.0423	0.1667	4.3885	0.0833	3.8266	0.0833	3.9244	0.2222	3.9041	0.1667	3.7402	0.1111		0.1389
3.9548	0.1944	3.7440	0.0833	3.1683	0.1111	3.4731	0.2500	3.1155	0.2222	2.9139	0.1944		0.1759
4.0181	0.1944	3.9235	0.0833	3.4937	0.1389	3.7494	0.2778	3.2225	0.1944	3.1301	0.1944		0.1806
3.8953	0.1944	3.9304	0.0833	3.3154	0.1111	3.6997	0.2778	3.1912	0.2222	3.0122	0.1667		0.1759
fc7_linear_accuracy:0.2222

fc7_rbf
Giang		Hai  		Long 		Minh 		Thuy 		Tuyen		Final accuracy
loss	acc 	loss	acc 	loss	acc 	loss	acc 	loss	acc 	loss	acc 	
3.0391	0.1944	3.3979	0.0833	3.0365	0.1667	3.1648	0.1667	3.6404	0.1944	3.5402	0.1667		0.1620
2.9882	0.2222	3.3560	0.1667	2.8473	0.1667	2.9749	0.2222	2.9998	0.3056	3.5909	0.1667		0.2083
3.5250	0.1667	3.2360	0.0833	3.1841	0.0833	2.7170	0.3611	3.0504	0.1667	3.5774	0.1389		0.1667
3.1490	0.1667	3.7580	0.0833	2.9250	0.1111	2.7664	0.3056	3.1818	0.1667	3.5357	0.1389		0.1620
3.0726	0.1944	3.2858	0.0833	3.0590	0.0833	2.5671	0.2778	3.1613	0.2222	3.2284	0.1667		0.1713
3.2231	0.1944	3.3008	0.1389	3.3054	0.0556	2.7644	0.2778	3.2006	0.1944	3.3336	0.1389		0.1667
3.3024	0.1944	3.2252	0.0833	3.0144	0.0833	2.8878	0.2778	3.1593	0.2222	3.3411	0.1667		0.1713
fc7_rbf_accuracy:0.2315

prob
Giang		Hai  		Long 		Minh 		Thuy 		Tuyen		Final accuracy
loss	acc 	loss	acc 	loss	acc 	loss	acc 	loss	acc 	loss	acc 	
2.2373	0.1667	2.6286	0.2778	2.4610	0.1667	2.3717	0.1667	2.2531	0.2500	2.4903	0.1667		0.1991
2.2176	0.2500	3.3931	0.1667	3.1480	0.1667	2.6673	0.1667	3.4723	0.1389	3.4630	0.1667		0.1759
2.7918	0.2222	3.6975	0.1389	3.0620	0.1667	2.8528	0.2500	3.4998	0.2222	4.5528	0.1944		0.1991
2.5226	0.2500	3.7716	0.1667	3.4043	0.1667	3.2178	0.1944	3.6279	0.2222	4.3807	0.1944		0.1991
2.7511	0.1944	4.0321	0.1667	4.5913	0.1667	3.8206	0.1944	4.5540	0.1944	4.3367	0.2222		0.1898
2.6396	0.2222	3.9759	0.1667	4.0915	0.1667	3.2807	0.1667	4.3017	0.2500	4.6142	0.1944		0.1944
2.7406	0.2222	4.0647	0.1667	4.0150	0.1944	3.2396	0.1667	4.2450	0.2222	4.7596	0.1944		0.1944
prob_accuracy:0.2407

