output/result/K3_K2_2019-01-31_18.21

fc6_linear
Giang		Hai  		Long 		Minh 		Thuan		Thuy 		Tuyen		Final accuracy
loss	acc 	loss	acc 	loss	acc 	loss	acc 	loss	acc 	loss	acc 	loss	acc 	
5.7623	0.1389	6.5515	0.1111	3.7703	0.1944	4.6273	0.1389	6.6094	0.0833	3.8541	0.2778	3.6940	0.1667		0.1587
4.6449	0.1667	3.3782	0.2778	4.5811	0.1667	4.5265	0.1111	3.7589	0.2222	2.7090	0.2778	3.3178	0.1944		0.2024
4.7193	0.1389	2.1921	0.2778	4.0756	0.2778	3.3146	0.2500	3.6126	0.2500	3.7664	0.4167	2.9948	0.2222		0.2619
4.9805	0.0833	2.2848	0.3611	4.9074	0.2222	4.0825	0.1667	3.9077	0.1944	2.8727	0.2778	3.1266	0.2778		0.2262
4.2671	0.1111	2.7522	0.2778	3.5625	0.1389	4.0497	0.0833	3.7603	0.2778	2.9611	0.3056	2.5454	0.3889		0.2262
3.6918	0.2222	2.7502	0.2500	4.0597	0.2500	3.6812	0.1667	3.6906	0.2778	2.8557	0.2778	3.7097	0.2222		0.2381
fc6_linear_accuracy:0.3135

fc6_rbf
Giang		Hai  		Long 		Minh 		Thuan		Thuy 		Tuyen		Final accuracy
loss	acc 	loss	acc 	loss	acc 	loss	acc 	loss	acc 	loss	acc 	loss	acc 	
3.9359	0.2500	4.7229	0.1667	4.1178	0.2222	3.1672	0.2222	4.7725	0.1667	3.8056	0.1667	3.0879	0.3056		0.2143
2.8225	0.2778	2.9684	0.1944	3.0586	0.3333	3.1646	0.3056	2.0756	0.3611	3.2914	0.3333	2.5198	0.3611		0.3095
3.6764	0.1389	2.0123	0.4444	2.6214	0.2500	2.4480	0.2500	2.4107	0.3333	2.0800	0.3611	2.2179	0.3889		0.3095
2.9485	0.2222	2.0848	0.3333	2.7052	0.1667	3.4345	0.2222	2.1596	0.2500	1.9646	0.3611	2.5215	0.3333		0.2698
3.1175	0.2778	2.3425	0.3611	2.6913	0.3889	2.5444	0.2778	2.5913	0.2500	2.2056	0.3889	2.1938	0.3889		0.3333
3.0865	0.2500	2.2775	0.3611	2.5576	0.3889	2.5826	0.2500	2.7649	0.3056	2.2375	0.3889	2.3747	0.3611		0.3294
fc6_rbf_accuracy:0.3651

fc7_linear
Giang		Hai  		Long 		Minh 		Thuan		Thuy 		Tuyen		Final accuracy
loss	acc 	loss	acc 	loss	acc 	loss	acc 	loss	acc 	loss	acc 	loss	acc 	
4.4523	0.1667	3.8140	0.2222	3.9634	0.2222	5.4130	0.1667	4.9194	0.1111	4.2341	0.1667	3.6441	0.2778		0.1905
3.2462	0.1389	2.3542	0.3889	3.4269	0.1667	3.2605	0.3056	3.1145	0.2500	2.5849	0.3889	3.0415	0.2222		0.2659
3.2420	0.1944	2.5924	0.3889	2.7090	0.3333	3.0439	0.1667	2.4834	0.4722	2.3498	0.3333	2.3197	0.3333		0.3175
3.0155	0.1389	3.1926	0.3611	2.8580	0.3611	3.4904	0.0833	2.5823	0.3333	2.6051	0.2222	2.4265	0.3611		0.2659
3.4337	0.1389	2.2943	0.3889	2.7599	0.4167	3.6724	0.1111	2.4561	0.3611	2.1823	0.3889	2.4569	0.3056		0.3016
3.3641	0.1389	2.0926	0.3611	2.6853	0.3611	3.1325	0.1389	2.4155	0.3889	2.2989	0.3889	2.5582	0.1944		0.2817
fc7_linear_accuracy:0.3611

fc7_rbf
Giang		Hai  		Long 		Minh 		Thuan		Thuy 		Tuyen		Final accuracy
loss	acc 	loss	acc 	loss	acc 	loss	acc 	loss	acc 	loss	acc 	loss	acc 	
3.2244	0.2222	2.7907	0.2500	3.1235	0.2500	3.5379	0.1667	3.1195	0.1944	2.6843	0.1389	2.7695	0.3056		0.2183
2.6668	0.3056	1.7408	0.3889	2.3569	0.3889	2.3141	0.4167	1.8559	0.3611	1.7353	0.3056	2.4520	0.3611		0.3611
2.5320	0.3056	1.7372	0.4167	2.3137	0.4167	2.3373	0.3611	2.1221	0.2500	1.7673	0.3611	2.1607	0.4167		0.3611
2.5663	0.3056	1.8559	0.4167	2.1867	0.3889	2.4286	0.4444	2.0755	0.4444	1.7681	0.4167	2.1898	0.4167		0.4048
2.7440	0.3889	1.8243	0.3889	2.2119	0.3056	2.2760	0.4167	2.0230	0.3056	1.8802	0.3889	2.2311	0.3611		0.3651
2.7460	0.3056	1.7376	0.4167	2.3866	0.3333	2.1410	0.4722	2.1400	0.3889	1.9812	0.4167	3.3303	0.1944		0.3611
fc7_rbf_accuracy:0.4246

prob
Giang		Hai  		Long 		Minh 		Thuan		Thuy 		Tuyen		Final accuracy
loss	acc 	loss	acc 	loss	acc 	loss	acc 	loss	acc 	loss	acc 	loss	acc 	
2.3445	0.1667	2.2532	0.2500	2.2345	0.2500	2.3505	0.1667	2.4047	0.1111	2.1940	0.1111	2.3273	0.1944		0.1786
1.9192	0.2778	1.5921	0.5000	1.9254	0.2778	1.8444	0.1944	2.3800	0.2500	1.5663	0.3333	1.9111	0.3889		0.3175
2.3192	0.2500	1.5178	0.4722	1.9685	0.3611	1.9197	0.2778	2.0886	0.3889	1.6160	0.3889	1.9766	0.3333		0.3532
3.0044	0.1944	1.5569	0.4167	2.2331	0.2222	1.9993	0.3056	2.0995	0.4722	1.6233	0.4167	2.2973	0.3056		0.3333
2.4820	0.3056	1.5933	0.3889	2.4399	0.1944	2.1413	0.3889	2.2663	0.4167	1.7201	0.4167	2.2939	0.2500		0.3373
2.8600	0.2500	1.5915	0.4444	2.3899	0.2778	2.0981	0.4167	2.2391	0.4444	1.7812	0.3611	2.3154	0.3056		0.3571
prob_accuracy:0.4087

