    90      0      0      0      0      0      0      0      0      0      0      0
     0     79      0      0      0      0      0      0      1     10      0      0
     0      0     90      0      0      0      0      0      0      0      0      0
     0      0      0     82      0      0      0      0      0      0      8      0
     0      0      0      0     82      0      0      0      0      0      0      8
     0      0      0      0      0     89      1      0      0      0      0      0
     0      0      0      0      0      0     90      0      0      0      0      0
     0      1      0      0      0      0      0     89      0      0      0      0
     0      0      0      0      0      0      0      1     87      2      0      0
     0      4      0      0      0      0      0      0      2     84      0      0
     0      0      0     10      0      0      0      0      0      0     80      0
     0      0      0      0      8      0      0      0      0      0      0     82
