    90      0      0      0      0      0      0      0      0      0      0      0
     0     88      0      0      0      0      0      0      0      2      0      0
     0      0     90      0      0      0      0      0      0      0      0      0
     0      0      0     36      0      0      0      0      0      0     54      0
     0      0      0      0     52      0      0      0      0      0      2     36
     0      0      0      0      0     90      0      0      0      0      0      0
     0      0      0      0      0      3     87      0      0      0      0      0
     0     45      0      0      0      0      0     44      0      1      0      0
     0     24      0      0      0      0      0      0     58      8      0      0
     0     16      0      0      0      0      0      0      0     74      0      0
     0      0      0      0      0      0      0      0      0      0     90      0
     0      0      0      0     16      0      0      0      0      0      0     74
