    15      0      0      0      2      0      0      0      0      0      0      1
     0      6      0      0      0      0      0      8      0      4      0      0
     0      0     18      0      0      0      0      0      0      0      0      0
     0      0      0     15      3      0      0      0      0      0      0      0
     0      0      0      0      9      0      0      0      0      0      0      9
     0      0      0      1      0      4     13      0      0      0      0      0
     0      0      0      0      0      0     18      0      0      0      0      0
     0      0      0      0      0      0      0     17      1      0      0      0
     0      0      0      0      0      0      0      1     17      0      0      0
     0      0      0      0      0      0      0      9      0      9      0      0
     0      0      0     13      3      0      2      0      0      0      0      0
     0      0      0      0      6      0      0      0      0      0      0     12
