    15      0      0      0      0      0      0      0      0      0      0      0
     0      2      0      0      0      0      0      0      1     12      0      0
     0      0     15      0      0      0      0      0      0      0      0      0
     0      0      0     15      0      0      0      0      0      0      0      0
     0      0      0      4      9      2      0      0      0      0      0      0
     0      0      0      0      0     15      0      0      0      0      0      0
     0      0      0      0      0      2     13      0      0      0      0      0
     0      0      0      0      0      0      0      1      0     14      0      0
     0      0      0      0      0      0      0      0      0     15      0      0
     0      0      0      0      0      0      0      0      0     15      0      0
     0      0      0     11      2      0      0      0      0      0      2      0
     0      0      0      0      6      4      0      0      0      0      0      5
