output/result_backup/table_2019_02_27_original_pre_3_12gestures_6_subjects_fc6_1024_fc7_1024/K4_K4_2019-02-22_23.32

fc6_linear
Giang		Hai  		Long 		Minh 		Thuy 		Tuyen		Final accuracy
loss	acc 	loss	acc 	loss	acc 	loss	acc 	loss	acc 	loss	acc 	
2.2324	0.4722	0.8722	0.6389	0.6390	0.8056	2.0469	0.5556	1.9068	0.6389	1.1388	0.6667		0.6296
1.5964	0.6111	0.8586	0.7222	0.5575	0.7500	1.0086	0.6389	1.9546	0.6111	1.0922	0.6667		0.6667
1.8849	0.6111	1.0916	0.6667	0.7146	0.7500	1.1697	0.6944	1.5997	0.5278	0.8872	0.7222		0.6620
1.9124	0.6389	0.8558	0.6944	0.7089	0.7500	0.9221	0.6944	1.3352	0.6667	1.0157	0.7222		0.6944
1.9087	0.6389	0.8366	0.7778	0.6317	0.7778	1.0181	0.6667	1.4043	0.5556	0.9165	0.7500		0.6944
1.9251	0.5833	0.7241	0.7778	0.7133	0.7222	1.0774	0.6667	1.4336	0.6111	0.8773	0.7500		0.6852
1.9140	0.5833	0.7426	0.7778	0.6804	0.7500	1.0836	0.6667	1.3739	0.6111	0.8767	0.7500		0.6898
fc6_linear_accuracy:0.7222

fc6_rbf
Giang		Hai  		Long 		Minh 		Thuy 		Tuyen		Final accuracy
loss	acc 	loss	acc 	loss	acc 	loss	acc 	loss	acc 	loss	acc 	
1.5514	0.5278	0.9517	0.7222	0.7847	0.6944	1.1860	0.6389	1.5498	0.6944	1.0032	0.6944		0.6620
1.3347	0.5278	0.8795	0.7500	0.7706	0.7778	0.8067	0.7778	2.2157	0.5278	0.8506	0.6667		0.6713
1.7212	0.5833	0.7697	0.6944	0.6756	0.7778	0.7702	0.7778	1.3566	0.7222	0.7550	0.7500		0.7176
1.4796	0.5278	0.6947	0.7778	0.6099	0.7778	0.6711	0.7500	1.0292	0.6944	0.8808	0.7500		0.7130
1.4090	0.6389	0.6316	0.8056	0.5776	0.7778	0.6065	0.7778	1.1162	0.6944	0.8504	0.7222		0.7361
1.5588	0.5833	0.6230	0.7500	0.9382	0.6944	0.6442	0.7500	1.0872	0.6111	0.9271	0.7222		0.6852
1.4166	0.5833	0.6536	0.7222	0.7960	0.7222	0.6205	0.8056	1.0643	0.6944	0.8120	0.7500		0.7130
fc6_rbf_accuracy:0.7500

fc7_linear
Giang		Hai  		Long 		Minh 		Thuy 		Tuyen		Final accuracy
loss	acc 	loss	acc 	loss	acc 	loss	acc 	loss	acc 	loss	acc 	
2.5583	0.6389	0.8095	0.6944	0.5993	0.7500	1.4127	0.6111	1.3890	0.6389	1.3527	0.6944		0.6713
2.1987	0.5000	0.8820	0.7222	0.7063	0.6944	0.9923	0.5278	1.1673	0.6389	1.0683	0.6667		0.6250
2.1306	0.5556	0.6577	0.7222	0.7052	0.6667	0.9451	0.6111	1.3134	0.6389	1.0156	0.6944		0.6481
2.0980	0.6389	0.5668	0.7500	0.7399	0.6944	0.8445	0.6667	1.1884	0.6667	1.1324	0.7222		0.6898
2.1434	0.6389	0.7451	0.8333	0.6478	0.7778	0.7803	0.6667	1.2484	0.6944	1.0367	0.7222		0.7222
2.0243	0.5556	0.6504	0.8333	0.6293	0.8056	0.7467	0.6944	1.3260	0.6944	1.0203	0.7222		0.7176
2.0580	0.5556	0.6011	0.8333	0.6481	0.7778	0.7268	0.6944	1.3084	0.6667	0.9839	0.7222		0.7083
fc7_linear_accuracy:0.7315

fc7_rbf
Giang		Hai  		Long 		Minh 		Thuy 		Tuyen		Final accuracy
loss	acc 	loss	acc 	loss	acc 	loss	acc 	loss	acc 	loss	acc 	
1.5422	0.5278	0.9397	0.6944	0.7905	0.6389	1.3322	0.5556	1.2143	0.6111	1.0067	0.6944		0.6204
1.4508	0.5833	0.8587	0.7500	0.8522	0.6944	0.9093	0.6944	1.3606	0.6111	0.8468	0.6389		0.6620
1.5405	0.5556	0.8179	0.7222	0.6731	0.7500	0.8484	0.7500	1.1704	0.5556	0.8506	0.6944		0.6713
1.4779	0.5278	0.6397	0.7778	0.6692	0.7222	0.7489	0.7222	1.0272	0.6667	0.9102	0.7222		0.6898
1.4800	0.5833	0.6144	0.8056	0.6578	0.7500	0.6720	0.7500	1.1260	0.6667	0.9705	0.7222		0.7130
1.5337	0.5833	0.6314	0.7500	0.5842	0.7778	0.6057	0.8056	1.0639	0.7500	0.8069	0.8056		0.7454
1.5073	0.5833	0.6119	0.8056	0.6239	0.7778	0.6520	0.7222	1.0882	0.6944	0.8921	0.7222		0.7176
fc7_rbf_accuracy:0.7546

prob
Giang		Hai  		Long 		Minh 		Thuy 		Tuyen		Final accuracy
loss	acc 	loss	acc 	loss	acc 	loss	acc 	loss	acc 	loss	acc 	
1.0514	0.6111	1.0710	0.5000	1.0347	0.5556	1.2096	0.5000	1.0449	0.5000	0.8541	0.6389		0.5509
1.1338	0.4444	0.7656	0.5833	0.6992	0.6111	0.9264	0.6389	0.8302	0.6667	0.6755	0.7222		0.6111
1.1263	0.5556	0.5253	0.7500	0.5605	0.7222	0.7412	0.6389	1.1216	0.5556	0.7803	0.7222		0.6574
1.5446	0.4167	0.8265	0.5833	0.5419	0.6944	0.5741	0.7500	1.0380	0.6389	0.8761	0.6944		0.6296
1.6051	0.5000	0.5127	0.7500	0.5756	0.8056	0.5250	0.7778	1.5350	0.6111	0.9990	0.7222		0.6944
1.2854	0.5000	0.5150	0.7222	0.5041	0.7778	0.4159	0.7778	1.2435	0.6667	0.9030	0.7222		0.6944
1.3259	0.5278	0.5172	0.7500	0.4769	0.7778	0.4526	0.8056	1.2173	0.6667	0.8516	0.7500		0.7130
prob_accuracy:0.7315

