    90      0      0      0      0      0      0      0      0      0      0      0
     0     79      0      0      0      0      0      2      1      8      0      0
     0      0     90      0      0      0      0      0      0      0      0      0
     0      0      0     75      0      0      0      0      0      0     15      0
     0      0      0      0     81      0      0      0      0      0      0      9
     0      0      0      0      0     86      4      0      0      0      0      0
     0      0      0      0      0      0     90      0      0      0      0      0
     0      2      0      0      0      0      0     88      0      0      0      0
     0      3      0      0      0      0      0      0     86      1      0      0
     0      6      0      0      0      0      0      0      2     82      0      0
     0      0      0     10      0      0      0      0      0      0     76      4
     0      0      0      0      6      0      0      0      0      0      0     84
