    90      0      0      0      0      0      0      0      0      0      0      0
     0     87      0      0      0      0      0      0      0      3      0      0
     0      0     90      0      0      0      0      0      0      0      0      0
     0      0      0     39      0      0      0      0      0      0     49      2
     0      0      0      0     43      0      0      0      0      0      0     47
     0      0      0      0      0     86      4      0      0      0      0      0
     0      0      0      0      0      0     90      0      0      0      0      0
     0     36      0      0      0      0      0     48      3      3      0      0
     0     24      0      0      0      0      0      0     65      1      0      0
     0     14      0      0      0      0      0      0      0     76      0      0
     0      0      0      0      0      0      0      0      0      0     86      4
     0      0      0      0      5      0      0      0      0      0      0     85
