    90      0      0      0      0      0      0      0      0      0      0      0
     0     81      0      0      0      0      0      0      3      6      0      0
     0      0     90      0      0      0      0      0      0      0      0      0
     0      0      0     78      0      0      0      0      0      0     12      0
     0      0      0      0     83      0      1      0      0      0      0      6
     0      0      0      0      0     90      0      0      0      0      0      0
     0      0      0      0      0      1     89      0      0      0      0      0
     0      1      0      0      0      0      0     88      0      1      0      0
     0      3      0      0      0      0      0      0     83      4      0      0
     0      4      0      0      0      0      0      1      2     83      0      0
     0      0      0      3      1      0      0      0      0      0     83      3
     0      0      0      0     10      0      0      0      0      0      1     79
