    56      0      0     22     12      0      0      0      0      0      0      0
     0     36      0      4      2      0      0     17     31      0      0      0
     0      0     47      0      0      0     14     23      6      0      0      0
     0      0      0     48     28      2     10      0      2      0      0      0
     0      0      0     10     72      1      7      0      0      0      0      0
     0      0      0      1      1     63     25      0      0      0      0      0
     0      0      0      0      0      1     89      0      0      0      0      0
     0      7      0      0      6      0      0     28     49      0      0      0
     0     10      0      0      1      0      0     17     60      2      0      0
     0     41      0      0      0      0      0     20     20      9      0      0
     0      0      0     58     28      0      3      0      0      0      1      0
     0      0      0     10     68      5      7      0      0      0      0      0
