output/result_backup/table_26Jan2019_fc6_1024_fc7_1024/K5_K3_2019-01-26_21.18

fc6_linear
Binh 		Giang		Hung 		Tan  		Thuan		Final accuracy
loss	acc 	loss	acc 	loss	acc 	loss	acc 	loss	acc 	
0.4405	0.8667	0.3631	0.8571	0.7090	0.7355	0.2819	0.9200	0.4646	0.8833		0.8525
0.3491	0.8741	0.3753	0.8381	0.6381	0.7548	0.2101	0.9300	0.3855	0.8833		0.8561
0.3281	0.8889	0.3936	0.8095	0.6395	0.7484	0.1964	0.9200	0.3593	0.8917		0.8517
0.3130	0.9037	0.3974	0.8095	0.6519	0.7484	0.1917	0.9200	0.3801	0.8833		0.8530
0.3167	0.8963	0.4077	0.8095	0.6512	0.7613	0.1905	0.9200	0.3844	0.8833		0.8541
0.3095	0.9037	0.4017	0.8095	0.6535	0.7484	0.1895	0.9200	0.3816	0.8833		0.8530
0.3125	0.8963	0.4007	0.8190	0.6473	0.7613	0.1859	0.9300	0.3975	0.8833		0.8580
fc6_linear_accuracy:0.8688

fc6_rbf
Binh 		Giang		Hung 		Tan  		Thuan		Final accuracy
loss	acc 	loss	acc 	loss	acc 	loss	acc 	loss	acc 	
1.2331	0.6074	1.0004	0.6952	1.4241	0.5935	0.2501	0.9300	0.7159	0.7833		0.7219
0.5429	0.7778	0.4590	0.8095	0.7715	0.7161	1.5443	0.5900	0.5059	0.8250		0.7437
0.4342	0.8519	0.4510	0.8095	0.8632	0.6774	0.2309	0.9200	0.3996	0.8750		0.8268
0.5181	0.8593	0.4709	0.8095	0.7285	0.7484	0.2322	0.9200	0.4445	0.8667		0.8408
0.5759	0.8444	0.4653	0.8095	0.8371	0.6968	0.2381	0.9200	0.4673	0.8667		0.8275
0.5524	0.8444	0.4828	0.8095	0.8052	0.6968	0.2965	0.8900	0.4562	0.8667		0.8215
0.6101	0.8148	0.4745	0.8095	0.8244	0.6903	0.2320	0.9200	0.4619	0.8667		0.8203
fc6_rbf_accuracy:0.8444

fc7_linear
Binh 		Giang		Hung 		Tan  		Thuan		Final accuracy
loss	acc 	loss	acc 	loss	acc 	loss	acc 	loss	acc 	
0.5168	0.8519	0.4532	0.8476	0.5757	0.7871	0.2451	0.9300	0.6444	0.8500		0.8533
0.4046	0.8593	0.3213	0.8857	0.6186	0.7935	0.1777	0.9400	0.5743	0.8583		0.8674
0.3846	0.8667	0.3053	0.8857	0.6425	0.7742	0.1697	0.9400	0.5689	0.8583		0.8650
0.3726	0.8593	0.3103	0.8857	0.6711	0.7677	0.1671	0.9400	0.5438	0.8583		0.8622
0.3661	0.8667	0.3180	0.8857	0.6595	0.7677	0.1668	0.9400	0.5564	0.8583		0.8637
0.3677	0.8667	0.3215	0.8857	0.6522	0.7677	0.1660	0.9400	0.5555	0.8583		0.8637
0.3610	0.8667	0.3199	0.8857	0.6561	0.7677	0.1665	0.9400	0.5545	0.8583		0.8637
fc7_linear_accuracy:0.8689

fc7_rbf
Binh 		Giang		Hung 		Tan  		Thuan		Final accuracy
loss	acc 	loss	acc 	loss	acc 	loss	acc 	loss	acc 	
0.5504	0.8370	0.4434	0.8571	0.6146	0.8000	0.2531	0.9100	0.2314	0.9250		0.8658
0.3874	0.8519	0.3310	0.8857	0.6146	0.7935	0.1995	0.9300	0.4366	0.8667		0.8656
0.3902	0.8593	0.3174	0.8857	0.6239	0.7935	0.1910	0.9300	0.4245	0.8667		0.8670
0.3835	0.8593	0.3194	0.8857	0.6414	0.7742	0.1884	0.9300	0.4391	0.8667		0.8632
0.3869	0.8593	0.3333	0.8857	0.6476	0.7806	0.1851	0.9400	0.4618	0.8667		0.8665
0.3808	0.8593	0.3593	0.8762	0.6422	0.7871	0.1874	0.9400	0.4649	0.8667		0.8658
0.3854	0.8593	0.3547	0.8857	0.6381	0.7871	0.1858	0.9400	0.4696	0.8667		0.8677
fc7_rbf_accuracy:0.8820

prob
Binh 		Giang		Hung 		Tan  		Thuan		Final accuracy
loss	acc 	loss	acc 	loss	acc 	loss	acc 	loss	acc 	
0.4633	0.8741	0.5140	0.8952	0.6280	0.7548	0.4957	0.8600	0.6086	0.9250		0.8618
0.4132	0.8519	0.3173	0.8667	0.6139	0.7871	0.2236	0.9400	0.2501	0.9000		0.8691
0.3871	0.8444	0.3630	0.8476	0.6583	0.7935	0.1819	0.9400	0.3541	0.8833		0.8618
0.4087	0.8444	0.3296	0.8476	0.7184	0.8000	0.1965	0.9500	0.4103	0.8667		0.8617
0.3938	0.8444	0.3604	0.8286	0.7690	0.8000	0.1967	0.9400	0.3887	0.8833		0.8593
0.3871	0.8519	0.3464	0.8476	0.7692	0.8000	0.1950	0.9500	0.4199	0.8667		0.8632
0.3911	0.8519	0.3513	0.8381	0.7682	0.8000	0.1937	0.9300	0.4182	0.8667		0.8573
prob_accuracy:0.8889

