    18      0      0      0      0      0      0      0      0      0      0      0
     0     11      0      0      0      0      0      0      0      7      0      0
     0      0     18      0      0      0      0      0      0      0      0      0
     0      0      0     18      0      0      0      0      0      0      0      0
     0      0      0      0     14      0      0      0      0      0      0      4
     0      0      0      0      1      5     12      0      0      0      0      0
     0      0      0      0      0      0     18      0      0      0      0      0
     0      0      0      0      0      0      0      8      0     10      0      0
     0      3      0      0      0      0      0      0     14      1      0      0
     0      0      0      0      0      0      0      0      0     18      0      0
     0      0      0      9      2      0      2      0      0      0      3      2
     0      0      0      0      7      0      0      0      0      0      0     11
