    18      0      0      0      0      0      0      0      0      0      0      0
     1      5      0      0      0      0      0      0      1     11      0      0
     0      0     18      0      0      0      0      0      0      0      0      0
     0      0      0     15      3      0      0      0      0      0      0      0
     0      0      0      2     12      0      0      0      0      0      0      4
     0      0      0      0      0     13      5      0      0      0      0      0
     0      0      0      0      0      0     18      0      0      0      0      0
     0      5      0      0      0      0      0      8      0      5      0      0
     0      0      0      0      0      0      0      0     17      1      0      0
     0      3      0      0      0      0      0      0      0     15      0      0
     0      0      0      3      4      0      0      0      0      0     11      0
     0      0      0      0      6      0      0      0      0      0      0     12
