output/result_backup/table_2019_02_27_original_pre_3_12gestures_6_subjects_fc6_1024_fc7_1024/K3_K2_2019-02-21_03.14

fc6_linear
Giang		Hai  		Long 		Minh 		Thuy 		Tuyen		Final accuracy
loss	acc 	loss	acc 	loss	acc 	loss	acc 	loss	acc 	loss	acc 	
5.5357	0.1111	3.4783	0.1111	2.7648	0.2778	3.7928	0.1667	2.8470	0.3611	4.7791	0.0833		0.1852
2.7367	0.1389	3.3261	0.0833	3.1696	0.3333	2.2321	0.3333	2.7972	0.2778	2.7806	0.3333		0.2500
3.3820	0.0833	3.9496	0.2500	2.4740	0.3889	3.2155	0.4722	2.5499	0.1944	3.3906	0.3611		0.2917
2.8409	0.1389	4.6927	0.1944	2.5532	0.5278	2.9423	0.3611	2.4659	0.2778	2.8466	0.4722		0.3287
2.3287	0.3056	2.9620	0.2222	2.3714	0.4722	2.8813	0.4722	2.9614	0.1667	2.4693	0.3889		0.3380
2.7163	0.1944	2.8505	0.1667	2.3958	0.4167	3.1104	0.4444	2.8806	0.2222	2.5155	0.4722		0.3194
2.6699	0.1389	2.7003	0.2222	2.7769	0.4444	2.7574	0.4444	2.8016	0.2500	2.7394	0.4444		0.3241
fc6_linear_accuracy:0.3981

fc6_rbf
Giang		Hai  		Long 		Minh 		Thuy 		Tuyen		Final accuracy
loss	acc 	loss	acc 	loss	acc 	loss	acc 	loss	acc 	loss	acc 	
3.9554	0.0833	3.0036	0.3333	2.1575	0.3333	4.3960	0.1667	3.1494	0.2778	3.1720	0.2500		0.2407
2.5388	0.1944	2.5667	0.3889	1.9574	0.4722	1.9380	0.5000	2.6022	0.2222	2.0940	0.4167		0.3657
3.3051	0.1667	2.5089	0.2778	2.3594	0.3889	2.0442	0.4167	2.4302	0.2500	1.8214	0.5278		0.3380
2.3554	0.2222	2.7376	0.3056	1.7556	0.6111	2.3901	0.3333	2.2907	0.2778	1.9145	0.5278		0.3796
2.0991	0.1944	2.1907	0.4167	2.0914	0.4444	2.0499	0.4167	2.5245	0.2778	2.5806	0.3333		0.3472
2.3706	0.1111	2.5774	0.2222	2.0290	0.5000	2.1576	0.5556	2.3796	0.3611	2.2069	0.4167		0.3611
2.6432	0.1944	2.6527	0.2500	2.5850	0.3333	2.1575	0.4167	2.4632	0.3333	2.3038	0.4167		0.3241
fc6_rbf_accuracy:0.4491

fc7_linear
Giang		Hai  		Long 		Minh 		Thuy 		Tuyen		Final accuracy
loss	acc 	loss	acc 	loss	acc 	loss	acc 	loss	acc 	loss	acc 	
3.4540	0.1111	2.7134	0.3056	2.4575	0.2500	3.0012	0.1667	2.2527	0.3611	3.1187	0.3333		0.2546
2.9723	0.1667	3.4236	0.1111	2.2838	0.3333	2.3043	0.3056	2.7860	0.3056	2.5862	0.4444		0.2778
2.5752	0.1944	3.1535	0.0556	2.1397	0.4722	2.6246	0.1944	3.2657	0.2222	3.1122	0.3056		0.2407
2.4231	0.1389	3.5122	0.0833	2.4039	0.4167	2.4770	0.3056	2.7612	0.3056	3.4034	0.2778		0.2546
2.2386	0.2500	3.5468	0.1111	2.2447	0.4444	2.6679	0.1667	3.0643	0.1944	2.6021	0.3889		0.2593
2.2187	0.2500	3.3792	0.1389	2.0896	0.5278	2.6247	0.2500	2.9848	0.1944	3.0032	0.3611		0.2870
2.1919	0.2500	3.4464	0.1389	2.2364	0.4444	2.5866	0.2222	2.9573	0.1944	3.0177	0.3333		0.2639
fc7_linear_accuracy:0.3657

fc7_rbf
Giang		Hai  		Long 		Minh 		Thuy 		Tuyen		Final accuracy
loss	acc 	loss	acc 	loss	acc 	loss	acc 	loss	acc 	loss	acc 	
2.6266	0.1667	2.1792	0.2778	1.8534	0.3333	1.9528	0.3056	2.0947	0.1944	2.5303	0.2222		0.2500
2.6490	0.1944	2.3238	0.3333	1.8443	0.3611	1.9755	0.3056	2.1250	0.2500	2.0614	0.4444		0.3148
2.4206	0.1667	2.5357	0.2222	1.9463	0.5833	2.1933	0.1944	2.5662	0.3611	2.1429	0.4167		0.3241
2.2289	0.1944	2.6200	0.1944	2.1434	0.4722	2.2081	0.1944	2.1917	0.2500	2.3998	0.4444		0.2917
2.1072	0.2222	2.8257	0.1667	2.2846	0.3333	2.3448	0.1944	2.2902	0.3333	2.3406	0.3889		0.2731
2.0454	0.2222	2.7046	0.1944	2.1053	0.4444	2.1157	0.2222	2.2880	0.3333	2.6388	0.3889		0.3009
2.0572	0.2778	2.7946	0.1944	2.1329	0.4722	2.2293	0.1944	2.3296	0.3611	2.4872	0.3889		0.3148
fc7_rbf_accuracy:0.3843

prob
Giang		Hai  		Long 		Minh 		Thuy 		Tuyen		Final accuracy
loss	acc 	loss	acc 	loss	acc 	loss	acc 	loss	acc 	loss	acc 	
2.8837	0.1944	2.4276	0.1667	1.9523	0.3889	2.4272	0.2500	2.4645	0.1667	2.5255	0.3611		0.2546
2.7025	0.3056	3.2202	0.1111	2.3230	0.3333	2.3578	0.2500	2.6820	0.2222	2.9416	0.3333		0.2593
2.8877	0.2500	3.1642	0.0556	1.9367	0.4444	2.6922	0.1667	3.0796	0.1667	2.9446	0.3333		0.2361
2.3901	0.3333	3.0665	0.0556	2.0018	0.4167	2.4360	0.2500	3.3665	0.2778	3.1733	0.2778		0.2685
2.3820	0.3056	3.4225	0.1389	2.7015	0.2500	3.1650	0.1667	2.7212	0.3333	3.0229	0.3056		0.2500
2.2929	0.3611	3.6268	0.1389	2.2144	0.4167	2.8643	0.2778	2.8334	0.3056	2.9077	0.3333		0.3056
2.2206	0.3611	3.6782	0.1111	2.2274	0.4167	2.9648	0.3056	2.8526	0.3333	3.1009	0.3333		0.3102
prob_accuracy:0.3287

