output/result_backup/table_22Jan2019_clean_1_pre_3/K3_K5_22-01-2019_00.03.31

fc6_linear
Binh 		Giang		Hung 		Tan  		Thuan		Final accuracy
loss	acc 	loss	acc 	loss	acc 	loss	acc 	loss	acc 	
0.2500	0.9259	0.3957	0.8476	0.2192	0.9667	0.2694	0.9200	0.1982	0.9333		0.9187
0.1649	0.9630	0.3364	0.9048	0.2054	0.9600	0.2700	0.9200	0.1925	0.9417		0.9379
0.1477	0.9704	0.3315	0.8857	0.2155	0.9400	0.2646	0.9300	0.1944	0.9417		0.9336
0.1379	0.9704	0.3123	0.9143	0.2130	0.9533	0.2666	0.9300	0.1984	0.9417		0.9419
0.1301	0.9778	0.3087	0.9143	0.2186	0.9333	0.2709	0.9200	0.2024	0.9417		0.9374
0.1282	0.9778	0.3055	0.9143	0.2187	0.9267	0.2635	0.9300	0.1991	0.9417		0.9381
0.1269	0.9704	0.3051	0.9143	0.2169	0.9400	0.2686	0.9300	0.1963	0.9417		0.9393
fc6_linear_accuracy:0.9461

fc6_rbf
Binh 		Giang		Hung 		Tan  		Thuan		Final accuracy
loss	acc 	loss	acc 	loss	acc 	loss	acc 	loss	acc 	
0.1204	0.9704	0.4224	0.8667	0.2238	0.9333	0.2991	0.9100	0.2410	0.9083		0.9177
0.0912	0.9852	0.3348	0.8857	0.2072	0.9533	0.2884	0.9200	0.2311	0.9167		0.9322
0.0888	0.9852	0.3039	0.9238	0.2239	0.9467	0.2955	0.9100	0.2373	0.9167		0.9365
0.5624	0.9185	0.2929	0.9333	0.2146	0.9533	0.2881	0.9100	0.2366	0.9167		0.9264
0.0995	0.9778	0.2961	0.9333	0.2235	0.9467	0.2847	0.9100	0.2326	0.9167		0.9369
0.0946	0.9852	0.2965	0.9333	0.2192	0.9467	0.2931	0.9000	0.2323	0.9167		0.9364
0.0960	0.9778	0.2949	0.9333	0.2179	0.9467	0.2892	0.9100	0.2354	0.9167		0.9369
fc6_rbf_accuracy:0.9417

fc7_linear
Binh 		Giang		Hung 		Tan  		Thuan		Final accuracy
loss	acc 	loss	acc 	loss	acc 	loss	acc 	loss	acc 	
0.2029	0.9407	0.4273	0.8381	0.3117	0.8333	0.2651	0.9300	0.2097	0.9417		0.8968
0.1466	0.9704	0.3606	0.8857	0.2607	0.9133	0.2703	0.9300	0.2083	0.9333		0.9265
0.1354	0.9704	0.3366	0.9143	0.2818	0.8867	0.2749	0.9300	0.2148	0.9083		0.9219
0.1271	0.9778	0.3226	0.9143	0.2707	0.8933	0.2773	0.9300	0.2179	0.9000		0.9231
0.1211	0.9778	0.3210	0.9143	0.2776	0.8867	0.2775	0.9200	0.2201	0.9000		0.9197
0.1188	0.9778	0.3160	0.9429	0.2746	0.8933	0.2823	0.9200	0.2187	0.9000		0.9268
0.1198	0.9778	0.3272	0.9143	0.2760	0.8867	0.2787	0.9200	0.2223	0.9000		0.9197
fc7_linear_accuracy:0.9411

fc7_rbf
Binh 		Giang		Hung 		Tan  		Thuan		Final accuracy
loss	acc 	loss	acc 	loss	acc 	loss	acc 	loss	acc 	
0.1831	0.9556	0.4260	0.8571	0.2783	0.9200	0.2855	0.9200	0.2645	0.9083		0.9122
0.1870	0.9704	0.3542	0.8857	0.2595	0.9200	0.2948	0.9200	0.2664	0.9083		0.9209
0.0888	0.9926	0.3152	0.9048	0.2716	0.9200	0.2908	0.9200	0.2738	0.9083		0.9291
0.0892	0.9926	0.3157	0.9048	0.2610	0.9200	0.2942	0.9100	0.2795	0.8917		0.9238
0.0884	0.9926	0.3084	0.9333	0.2663	0.9200	0.2969	0.9000	0.2740	0.9083		0.9309
0.0866	0.9926	0.3057	0.9333	0.2646	0.9200	0.2988	0.9000	0.2750	0.9083		0.9309
0.0871	0.9926	0.3040	0.9333	0.2655	0.9200	0.3018	0.9000	0.2744	0.9083		0.9309
fc7_rbf_accuracy:0.9349

prob
Binh 		Giang		Hung 		Tan  		Thuan		Final accuracy
loss	acc 	loss	acc 	loss	acc 	loss	acc 	loss	acc 	
0.1633	0.9481	0.3298	0.8857	0.3633	0.8133	0.3234	0.8700	0.2811	0.9000		0.8834
0.0876	0.9704	0.3003	0.8857	0.5388	0.7267	0.3494	0.8500	0.3617	0.8583		0.8582
0.0944	0.9704	0.2654	0.8952	0.2575	0.8867	0.3464	0.8600	0.3187	0.8833		0.8991
0.0806	0.9778	0.2464	0.9238	0.3175	0.8800	0.3836	0.8400	0.2507	0.9083		0.9060
0.0794	0.9778	0.2468	0.9048	0.2500	0.8933	0.3706	0.8500	0.2545	0.9083		0.9068
0.0813	0.9778	0.2500	0.9048	0.2559	0.8800	0.3728	0.8500	0.2633	0.9083		0.9042
0.0814	0.9778	0.2461	0.9048	0.2633	0.8800	0.3667	0.8500	0.2677	0.9083		0.9042
prob_accuracy:0.9147

