    15      0      0      0      0      0      0      0      0      0      0      0
     0      2      0      0      0      0      0      1      0     12      0      0
     0      0     15      0      0      0      0      0      0      0      0      0
     0      0      0     15      0      0      0      0      0      0      0      0
     0      0      0      2     11      0      1      0      0      0      0      1
     0      0      0      0      1      5      9      0      0      0      0      0
     0      0      0      0      0      0     15      0      0      0      0      0
     0      0      0      0      0      0      0      4      0     11      0      0
     0      0      0      0      0      0      0      1      3     11      0      0
     0      0      0      0      0      0      0      0      0     15      0      0
     0      0      0     13      2      0      0      0      0      0      0      0
     0      0      0      0      7      0      0      0      0      0      0      8
