    18      0      0      0      0      0      0      0      0      0      0      0
     0      0      0      0      0      0      0      2      0     16      0      0
     0      0     18      0      0      0      0      0      0      0      0      0
     0      0      0     17      1      0      0      0      0      0      0      0
     0      0      0      1     17      0      0      0      0      0      0      0
     0      0      0      0      0     17      1      0      0      0      0      0
     0      0      0      0      0      2     16      0      0      0      0      0
     0      0      0      0      0      0      0     16      0      2      0      0
     0      0      0      0      0      0      0      0     18      0      0      0
     0      0      0      0      0      0      0      0      0     18      0      0
     0      0      0     13      1      0      0      0      0      0      4      0
     0      0      0      0     18      0      0      0      0      0      0      0
