    18      0      0      0      0      0      0      0      0      0      0      0
     1     17      0      0      0      0      0      0      0      0      0      0
     0      0     18      0      0      0      0      0      0      0      0      0
     0      0      0     16      2      0      0      0      0      0      0      0
     0      0      0      0     10      0      0      0      0      0      0      8
     0      0      0      0      0     18      0      0      0      0      0      0
     0      0      0      0      0      1     17      0      0      0      0      0
     0      0      0      0      0      0      0     18      0      0      0      0
     0      0      0      0      0      0      0      0     18      0      0      0
     0      0      0      0      0      0      0      0      0     18      0      0
     0      0      0      0      0      0      0      0      0      0     18      0
     0      0      0      0      0      0      0      0      0      0      0     18
