     0      3      0      1     11      3      0      0      0      0      0      0
     0     18      0      0      0      0      0      0      0      0      0      0
     0      0     18      0      0      0      0      0      0      0      0      0
     0      0      2     13      2      0      0      0      1      0      0      0
     0      0      1      2     11      0      0      0      0      0      0      4
     0      0      3      0      3     12      0      0      0      0      0      0
     0      0      3      0      4      1      7      0      1      0      0      2
     0     18      0      0      0      0      0      0      0      0      0      0
     0      9      0      0      0      0      0      0      8      1      0      0
     0     18      0      0      0      0      0      0      0      0      0      0
     0      0      0     13      2      0      0      0      1      0      0      2
     0      0      4      0      9      0      0      0      0      0      0      5
