    18      0      0      0      0      0      0      0      0      0      0      0
     0      9      0      0      0      0      0      0      0      9      0      0
     0      0     18      0      0      0      0      0      0      0      0      0
     0      0      0     18      0      0      0      0      0      0      0      0
     0      0      0      2     13      0      0      0      0      0      0      3
     0      0      0      0      0     17      1      0      0      0      0      0
     0      0      0      0      0      1     17      0      0      0      0      0
     0      0      0      0      0      0      0     13      1      4      0      0
     0      0      0      0      0      0      0      0     14      4      0      0
     0      1      0      0      0      0      0      0      0     17      0      0
     0      0      0      8      0      0      0      0      0      0      9      1
     0      0      0      0      7      0      0      0      0      0      0     11
