    16      0      0      0      0      1      0      0      0      0      0      1
     0      1      0      0      0      0      0      1      0     16      0      0
     0      0     14      0      0      0      4      0      0      0      0      0
     0      0      0     12      3      0      3      0      0      0      0      0
     0      0      0      0     12      2      4      0      0      0      0      0
     0      0      0      0      0      7     11      0      0      0      0      0
     0      0      0      0      0      0     18      0      0      0      0      0
     0      1      0      0      0      0      0     13      0      4      0      0
     0      1      0      0      0      0      0      0      8      9      0      0
     0      0      0      0      0      0      0      0      0     18      0      0
     0      0      0     11      0      1      2      0      0      0      2      2
     0      0      0      0     14      1      3      0      0      0      0      0
