     0      0      0      0     14      0      0      0      2      0      0      2
     0     18      0      0      0      0      0      0      0      0      0      0
     0      0     18      0      0      0      0      0      0      0      0      0
     0      0      0     18      0      0      0      0      0      0      0      0
     0      0      0      0     18      0      0      0      0      0      0      0
     0      0      1      0      8      7      1      0      1      0      0      0
     0      0      6      9      2      0      0      0      0      0      0      1
     0     17      0      0      0      0      0      1      0      0      0      0
     0     11      0      0      0      0      0      0      7      0      0      0
     0     18      0      0      0      0      0      0      0      0      0      0
     0      0      0     18      0      0      0      0      0      0      0      0
     0      0      0      0     12      0      0      0      0      0      0      6
