    10      0      0      0      0      3      2      0      0      0      0      0
     0     15      0      0      0      0      0      0      0      0      0      0
     0      0     15      0      0      0      0      0      0      0      0      0
     0      0      0      5      0      0      0      0      0      0     10      0
     0      0      0      0     15      0      0      0      0      0      0      0
     0      0      0      0      0      9      6      0      0      0      0      0
     0      0      0      0      0      3     12      0      0      0      0      0
     0      4      0      0      0      0      0     10      1      0      0      0
     0      0      0      0      0      0      0      0     15      0      0      0
     0      2      0      0      0      0      0      0      0     13      0      0
     0      0      0      0      0      0      0      0      0      0     15      0
     0      0      0      0     15      0      0      0      0      0      0      0
