output/table_26Jan2019_fc6_2048_fc7_2048/K1_K1_2019-01-25_17.57

fc6_linear
Binh 		Giang		Hung 		Tan  		Thuan		Final accuracy
loss	acc 	loss	acc 	loss	acc 	loss	acc 	loss	acc 	
1.0945	0.6714	1.8094	0.6762	0.3007	0.9032	0.5633	0.8381	0.0982	0.9667		0.8111
0.9423	0.6857	1.5744	0.6571	0.2252	0.9226	0.5006	0.8381	0.0601	0.9917		0.8190
0.9831	0.6857	1.4828	0.6762	0.2171	0.9290	0.4522	0.8381	0.0566	0.9917		0.8241
0.9342	0.6929	1.4838	0.6762	0.2261	0.9290	0.4086	0.8476	0.0514	1.0000		0.8291
0.9094	0.7071	1.4121	0.6857	0.2172	0.9161	0.4187	0.8476	0.0515	1.0000		0.8313
0.9120	0.7000	1.4111	0.6762	0.2152	0.9161	0.4193	0.8476	0.0510	1.0000		0.8280
0.9096	0.7071	1.4234	0.6762	0.2202	0.9161	0.4169	0.8476	0.0520	1.0000		0.8294
fc6_linear_accuracy:0.8313

fc6_rbf
Binh 		Giang		Hung 		Tan  		Thuan		Final accuracy
loss	acc 	loss	acc 	loss	acc 	loss	acc 	loss	acc 	
1.2343	0.6429	1.6390	0.7333	0.3625	0.8387	0.3731	0.8381	0.2017	0.9167		0.7939
0.9993	0.6786	1.4889	0.7143	0.1885	0.9419	0.3980	0.8381	0.0819	1.0000		0.8346
1.0083	0.6714	1.5170	0.6667	0.1916	0.9419	0.4175	0.8381	0.0702	1.0000		0.8236
0.9595	0.6857	1.4206	0.6952	0.2089	0.9419	0.4102	0.8476	0.0668	1.0000		0.8341
0.9489	0.6786	1.9075	0.5524	0.1969	0.9419	0.3795	0.8476	0.0638	1.0000		0.8041
0.9550	0.6786	1.5808	0.6095	0.1966	0.9419	0.4595	0.8381	0.0846	0.9917		0.8120
0.9400	0.6786	1.4710	0.6762	0.1961	0.9419	0.3979	0.8381	0.1303	0.9750		0.8220
fc6_rbf_accuracy:0.8346

fc7_linear
Binh 		Giang		Hung 		Tan  		Thuan		Final accuracy
loss	acc 	loss	acc 	loss	acc 	loss	acc 	loss	acc 	
1.0806	0.6714	1.5568	0.6762	0.3219	0.9032	0.6841	0.8381	0.0867	0.9667		0.8111
1.0528	0.6429	1.4191	0.7048	0.2132	0.9161	0.5624	0.8381	0.0578	1.0000		0.8204
1.0592	0.6571	1.3746	0.7048	0.1987	0.9161	0.4630	0.8476	0.0565	1.0000		0.8251
1.0310	0.6500	1.3625	0.7143	0.2042	0.9290	0.4250	0.8476	0.0520	1.0000		0.8282
0.9536	0.6857	1.3325	0.7143	0.1990	0.9226	0.4304	0.8476	0.0522	1.0000		0.8340
1.0047	0.6643	1.3217	0.7143	0.1955	0.9226	0.4304	0.8476	0.0532	1.0000		0.8298
1.0075	0.6714	1.3344	0.7143	0.1982	0.9226	0.4231	0.8476	0.0522	1.0000		0.8312
fc7_linear_accuracy:0.8340

fc7_rbf
Binh 		Giang		Hung 		Tan  		Thuan		Final accuracy
loss	acc 	loss	acc 	loss	acc 	loss	acc 	loss	acc 	
1.3793	0.6500	1.8694	0.7048	0.3604	0.8516	0.4122	0.8286	0.1090	0.9750		0.8020
1.1265	0.6500	1.4527	0.7143	0.2249	0.9226	0.4369	0.8381	0.0604	1.0000		0.8250
1.1448	0.6500	1.3393	0.7238	0.2194	0.9226	0.4268	0.8381	0.0609	1.0000		0.8269
1.1241	0.6500	1.3430	0.7143	0.2857	0.8968	0.3984	0.8476	0.0566	1.0000		0.8217
1.0936	0.6500	1.2948	0.7238	0.2236	0.9161	0.4094	0.8476	0.0570	1.0000		0.8275
1.0919	0.6500	1.3049	0.7238	0.2204	0.9226	0.4120	0.8476	0.0580	1.0000		0.8288
1.1069	0.6500	1.3072	0.7238	0.2262	0.9161	0.4047	0.8476	0.0572	1.0000		0.8275
fc7_rbf_accuracy:0.8288

prob
Binh 		Giang		Hung 		Tan  		Thuan		Final accuracy
loss	acc 	loss	acc 	loss	acc 	loss	acc 	loss	acc 	
1.5137	0.4857	1.1632	0.7619	0.3228	0.9419	0.3118	0.8667	0.2130	0.9917		0.8096
1.7497	0.5786	1.5317	0.7143	0.1726	0.9290	0.2652	0.8762	0.0631	0.9750		0.8146
1.7061	0.5786	1.5158	0.7714	0.1585	0.9355	0.3652	0.8667	0.0350	1.0000		0.8304
1.7962	0.5786	1.6919	0.7238	0.1792	0.9226	0.5006	0.8381	0.0244	1.0000		0.8126
1.8581	0.5857	1.6718	0.7524	0.1716	0.9290	0.3702	0.8667	0.0196	1.0000		0.8268
1.8126	0.5857	1.6789	0.7429	0.1593	0.9355	0.4051	0.8667	0.0190	1.0000		0.8261
1.8404	0.5786	1.6253	0.7524	0.1658	0.9355	0.4366	0.8667	0.0194	1.0000		0.8266
prob_accuracy:0.8304

