     6      0      0      0      4      5      0      0      0      0      0      0
     0      2      0      0      0      0      0      0      1     12      0      0
     0      0     15      0      0      0      0      0      0      0      0      0
     0      0      0      9      1      3      2      0      0      0      0      0
     0      0      0      0     12      2      1      0      0      0      0      0
     0      0      0      0      0     13      2      0      0      0      0      0
     0      0      0      0      0      0     15      0      0      0      0      0
     0      0      0      0      0      0      0      0      0     15      0      0
     0      0      0      0      0      0      0      0      2     13      0      0
     0      0      0      0      0      0      0      0      0     15      0      0
     0      0      0     12      1      2      0      0      0      0      0      0
     0      0      0      2      6      6      0      0      1      0      0      0
