    18      0      0      0      0      0      0      0      0      0      0      0
     0     18      0      0      0      0      0      0      0      0      0      0
     0      0     16      0      2      0      0      0      0      0      0      0
     0      0      0     14      4      0      0      0      0      0      0      0
     0      0      0      0     18      0      0      0      0      0      0      0
     0      0      0      0      0     18      0      0      0      0      0      0
     0      0      0      0      0      6     12      0      0      0      0      0
     0     16      0      0      0      0      0      0      1      1      0      0
     0      1      0      0      0      0      0      0     17      0      0      0
     0     16      0      0      0      0      0      0      0      2      0      0
     0      0      0      7      8      0      2      0      0      0      1      0
     0      0      0      0     18      0      0      0      0      0      0      0
