output/result_backup/table_22Jan2019_clean_1_pre_3/K3_K3_21-01-2019_22.15.05

fc6_linear
Binh 		Giang		Hung 		Tan  		Thuan		Final accuracy
loss	acc 	loss	acc 	loss	acc 	loss	acc 	loss	acc 	
0.0834	0.9778	0.2151	0.9048	0.1113	0.9613	0.1769	0.9000	0.0280	1.0000		0.9488
0.0839	0.9778	0.2258	0.8952	0.1051	0.9613	0.1620	0.9100	0.0318	0.9917		0.9472
0.0828	0.9778	0.2302	0.8857	0.0999	0.9677	0.1477	0.9100	0.0337	0.9917		0.9466
0.0834	0.9778	0.2148	0.8952	0.1022	0.9613	0.1428	0.9300	0.0325	0.9917		0.9512
0.0808	0.9778	0.2158	0.8952	0.0998	0.9806	0.1387	0.9300	0.0320	0.9917		0.9551
0.0816	0.9778	0.2132	0.8952	0.1005	0.9742	0.1354	0.9500	0.0313	0.9917		0.9578
0.0816	0.9778	0.2123	0.9048	0.1010	0.9613	0.1388	0.9300	0.0306	0.9917		0.9531
fc6_linear_accuracy:0.9626

fc6_rbf
Binh 		Giang		Hung 		Tan  		Thuan		Final accuracy
loss	acc 	loss	acc 	loss	acc 	loss	acc 	loss	acc 	
0.0982	0.9704	0.1723	0.9238	0.1844	0.9226	0.3203	0.8600	0.0467	0.9917		0.9337
0.0937	0.9778	0.1860	0.9143	0.1526	0.9613	0.2139	0.9000	0.0431	0.9917		0.9490
0.0932	0.9778	0.1866	0.9143	0.1220	0.9677	0.1970	0.9100	0.0413	0.9917		0.9523
0.0911	0.9778	0.1745	0.9333	0.1223	0.9677	0.1888	0.9200	0.0393	0.9917		0.9581
0.0892	0.9778	0.1723	0.9333	0.1238	0.9677	0.1766	0.9200	0.0397	0.9917		0.9581
0.0886	0.9778	0.1778	0.9333	0.1201	0.9677	0.1724	0.9200	0.0393	0.9917		0.9581
0.0889	0.9778	0.1816	0.9238	0.1198	0.9677	0.1716	0.9200	0.0396	0.9917		0.9562
fc6_rbf_accuracy:0.9581

fc7_linear
Binh 		Giang		Hung 		Tan  		Thuan		Final accuracy
loss	acc 	loss	acc 	loss	acc 	loss	acc 	loss	acc 	
0.0723	0.9778	0.1870	0.9143	0.1303	0.9548	0.1595	0.9300	0.0322	0.9917		0.9537
0.0735	0.9778	0.2025	0.9143	0.1139	0.9613	0.1443	0.9200	0.0359	0.9917		0.9530
0.0738	0.9778	0.1997	0.9143	0.1122	0.9613	0.1280	0.9500	0.0367	0.9917		0.9590
0.0745	0.9778	0.1986	0.9143	0.1105	0.9613	0.1300	0.9500	0.0340	0.9917		0.9590
0.0728	0.9778	0.2002	0.9238	0.1084	0.9613	0.1257	0.9500	0.0349	0.9917		0.9609
0.0725	0.9778	0.1944	0.9238	0.1090	0.9613	0.1257	0.9500	0.0352	0.9917		0.9609
0.0723	0.9778	0.1903	0.9238	0.1098	0.9613	0.1259	0.9500	0.0353	0.9917		0.9609
fc7_linear_accuracy:0.9609

fc7_rbf
Binh 		Giang		Hung 		Tan  		Thuan		Final accuracy
loss	acc 	loss	acc 	loss	acc 	loss	acc 	loss	acc 	
0.0930	0.9630	0.1432	0.9429	0.1754	0.9161	0.2570	0.8700	0.0502	0.9917		0.9367
0.0868	0.9778	0.1725	0.9238	0.1342	0.9419	0.1815	0.9100	0.0447	0.9917		0.9490
0.0842	0.9778	0.1714	0.9238	0.1281	0.9613	0.1726	0.9200	0.0440	0.9917		0.9549
0.0838	0.9778	0.1663	0.9238	0.1443	0.9419	0.1639	0.9200	0.0422	0.9917		0.9510
0.0813	0.9778	0.1678	0.9238	0.1241	0.9677	0.1547	0.9200	0.0425	0.9917		0.9562
0.0817	0.9778	0.1679	0.9238	0.1258	0.9677	0.1542	0.9200	0.0439	0.9917		0.9562
0.0806	0.9778	0.1716	0.9238	0.1241	0.9677	0.1615	0.9200	0.0433	0.9917		0.9562
fc7_rbf_accuracy:0.9600

prob
Binh 		Giang		Hung 		Tan  		Thuan		Final accuracy
loss	acc 	loss	acc 	loss	acc 	loss	acc 	loss	acc 	
0.0832	0.9704	0.3220	0.8667	0.0679	0.9871	0.2472	0.8900	0.1107	0.9583		0.9345
0.0575	0.9704	0.2645	0.9143	0.1524	0.9226	0.2147	0.9000	0.0337	0.9833		0.9381
0.0628	0.9778	0.2073	0.9238	0.0899	0.9613	0.2365	0.9100	0.0338	0.9833		0.9512
0.0511	0.9778	0.2299	0.9238	0.1199	0.9226	0.1510	0.9200	0.0253	0.9917		0.9472
0.0624	0.9778	0.2692	0.9238	0.0721	0.9742	0.1818	0.9100	0.0231	0.9917		0.9555
0.0588	0.9778	0.2635	0.9238	0.0767	0.9677	0.1834	0.9100	0.0222	0.9917		0.9542
0.0552	0.9778	0.2521	0.9238	0.0845	0.9548	0.1849	0.9100	0.0247	0.9917		0.9516
prob_accuracy:0.9601

