    45      0      0      0      0      0      0      0      0      0      0      0
     0     42      2      0      0      0      0      0      0      1      0      0
     1      1     41      0      0      0      2      0      0      0      0      0
     0      1      0     34      0      0      0      0      0      0     10      0
     0      0      0      0     36      1      0      0      0      0      0      8
     0      0      0      0      0     44      1      0      0      0      0      0
     0      0      0      0      0      0     45      0      0      0      0      0
     0      0      0      0      0      0      0     45      0      0      0      0
     0      0      1      0      0      0      0      0     44      0      0      0
     0      0      0      0      0      0      0      0      0     45      0      0
     0      0      0      1      0      0      0      1      0      0     43      0
     0      0      0      0      1      0      0      0      0      0      0     44
