    45      0      0      0      0      0      0      0      0      0      0      0
     0     43      0      0      0      2      0      0      0      0      0      0
     4      1     36      0      0      1      3      0      0      0      0      0
     0      1      0     43      0      1      0      0      0      0      0      0
     1      0      0      0      0      4      0      0      0      0      0     40
     0      0      0      0      0     45      0      0      0      0      0      0
     0      0      0      0      0      1     44      0      0      0      0      0
     0      0      0      0      0      0      0     44      0      1      0      0
     0      4      1      0      0      0      0      0     40      0      0      0
     0     29      0      0      0      0      0      0      0     16      0      0
     0      0      0     43      0      0      0      0      0      0      2      0
     0      0      0      0      0      0      0      0      0      0      0     45
