    18      0      0      0      0      0      0      0      0      0      0      0
     0     10      0      0      0      0      0      0      0      8      0      0
     0      0     18      0      0      0      0      0      0      0      0      0
     0      0      0     10      3      0      0      0      0      0      5      0
     0      0      0      0     18      0      0      0      0      0      0      0
     0      0      0      0      0     18      0      0      0      0      0      0
     0      0      0      0      0      2     16      0      0      0      0      0
     0      4      0      0      0      0      0      1      3     10      0      0
     0      3      0      0      0      0      0      0      7      8      0      0
     0      0      0      0      0      0      0      0      0     18      0      0
     0      0      0      1      3      0      0      0      0      0     14      0
     0      0      0      0      9      0      0      0      0      0      3      6
