    15      0      0      0      0      0      0      0      0      0      0      0
     0     15      0      0      0      0      0      0      0      0      0      0
     0      0     15      0      0      0      0      0      0      0      0      0
     0      0      0     15      0      0      0      0      0      0      0      0
     0      0      0      0     12      0      0      0      0      0      0      3
     0      0      0      0      0     14      1      0      0      0      0      0
     0      0      0      0      0      0     15      0      0      0      0      0
     0      0      0      0      0      0      0     13      1      1      0      0
     0      0      0      0      0      0      0      0     15      0      0      0
     0      1      0      0      0      0      0      1      0     13      0      0
     0      0      0      4      0      0      0      0      0      0     11      0
     0      0      0      0      5      0      0      0      0      0      0     10
