output/result_set_table_22Jan2019_segmented/Kinect_5_test_on_Kinect_1_22-01-2019_02.04.31

fc6_linear
Binh 		Giang		Hung 		Tan  		Thuan		Final accuracy
loss	acc 	loss	acc 	loss	acc 	loss	acc 	loss	acc 	
2.6272	0.1562	2.0581	0.4286	1.7185	0.3871	1.6735	0.5455	1.9421	0.3333		0.3701
2.3262	0.1562	1.8826	0.4762	1.6795	0.3871	1.6381	0.5455	1.8785	0.3333		0.3797
2.3453	0.1562	1.8192	0.4762	1.7519	0.3871	1.6351	0.5455	1.8286	0.3333		0.3797
2.2839	0.1562	1.7566	0.4762	1.7252	0.3871	1.6355	0.5455	1.8381	0.3333		0.3797
2.2123	0.1562	1.7614	0.4762	1.7349	0.3871	1.6271	0.5455	1.8217	0.3333		0.3797
fc6_linear_accuracy:0.3797

fc6_rbf
Binh 		Giang		Hung 		Tan  		Thuan		Final accuracy
loss	acc 	loss	acc 	loss	acc 	loss	acc 	loss	acc 	
1.7418	0.1875	1.8789	0.4762	2.1343	0.3548	1.6639	0.5455	1.8497	0.3333		0.3795
1.9931	0.2500	1.7415	0.5238	2.1973	0.3548	1.6359	0.5455	1.8257	0.3333		0.4015
1.8536	0.2188	1.6707	0.5238	1.9671	0.3548	1.6339	0.5455	1.7519	0.3333		0.3952
1.9672	0.2188	1.7095	0.5238	2.0193	0.3548	1.6612	0.5455	1.7168	0.3333		0.3952
1.9108	0.2188	1.6234	0.5238	1.9828	0.3548	1.6506	0.5455	1.7171	0.3333		0.3952
fc6_rbf_accuracy:0.4015

fc7_linear
Binh 		Giang		Hung 		Tan  		Thuan		Final accuracy
loss	acc 	loss	acc 	loss	acc 	loss	acc 	loss	acc 	
2.3527	0.1562	1.9542	0.4286	1.7720	0.4194	1.5961	0.6364	1.9344	0.3333		0.3948
2.2478	0.1562	1.8913	0.4286	1.7756	0.4194	1.5812	0.6364	1.8518	0.3333		0.3948
2.1752	0.1562	1.7961	0.4286	1.7514	0.3871	1.5892	0.6364	1.7942	0.3333		0.3883
2.1936	0.1562	1.7280	0.4762	1.7187	0.3871	1.5991	0.6364	1.7839	0.3333		0.3978
2.1889	0.1562	1.7236	0.4286	1.5732	0.3871	1.5804	0.6364	1.8204	0.3333		0.3883
fc7_linear_accuracy:0.3978

fc7_rbf
Binh 		Giang		Hung 		Tan  		Thuan		Final accuracy
loss	acc 	loss	acc 	loss	acc 	loss	acc 	loss	acc 	
2.1986	0.1562	1.8832	0.5238	2.0233	0.3548	1.6303	0.5455	1.8586	0.3333		0.3827
2.0903	0.1562	1.7822	0.5238	1.9885	0.3548	1.6253	0.5455	1.7651	0.3333		0.3827
2.1543	0.1562	1.7677	0.5238	1.9189	0.3548	1.6615	0.5455	1.7108	0.3333		0.3827
2.1617	0.1562	1.6970	0.5238	1.9089	0.3548	1.6560	0.5455	1.6933	0.3333		0.3827
2.1979	0.1562	1.6745	0.5714	1.9041	0.3548	1.6683	0.5455	1.6844	0.3333		0.3923
fc7_rbf_accuracy:0.3923

prob
Binh 		Giang		Hung 		Tan  		Thuan		Final accuracy
loss	acc 	loss	acc 	loss	acc 	loss	acc 	loss	acc 	
3.9917	0.1562	2.8073	0.3333	1.8894	0.4516	1.6485	0.5909	3.1298	0.3333		0.3731
4.3847	0.1562	3.2165	0.3810	1.9309	0.4194	1.9817	0.5455	3.5377	0.3333		0.3671
5.1031	0.1562	3.5228	0.3810	2.1445	0.4194	1.9922	0.4091	3.6389	0.3333		0.3398
5.0613	0.1562	3.5848	0.4286	1.9304	0.4516	2.1126	0.4545	3.8206	0.3333		0.3649
4.9153	0.1562	3.5652	0.4286	1.9972	0.4839	2.0967	0.5455	3.8565	0.3333		0.3895
prob_accuracy:0.3895

