     0      0      0     17      1      0      0      0      0      0      0      0
     0      0      0      1      0      0      0      0      0     17      0      0
     0      0     18      0      0      0      0      0      0      0      0      0
     0      0      0     18      0      0      0      0      0      0      0      0
     0      0      0     18      0      0      0      0      0      0      0      0
     0      0     11      7      0      0      0      0      0      0      0      0
     0      0      9      9      0      0      0      0      0      0      0      0
     0      0      0      9      0      0      0      4      0      5      0      0
     0      0      0      3      0      0      0      0      0     15      0      0
     0      0      0      0      0      0      0      0      0     18      0      0
     0      0      0     18      0      0      0      0      0      0      0      0
     0      0      0     18      0      0      0      0      0      0      0      0
