     6      0      0      0      0     12      0      0      0      0      0      0
     0     13      0      0      0      0      0      0      0      5      0      0
     0      0     14      0      0      0      4      0      0      0      0      0
     0      0      0      0      0      2      0      0      0      0     15      1
     0      0      0      0      8      5      0      0      0      0      3      2
     0      0      0      0      0     13      5      0      0      0      0      0
     0      0      0      0      0      1     17      0      0      0      0      0
     0      0      0      0      0      0      0     17      0      1      0      0
     0      1      0      0      0      0      0      0     15      2      0      0
     0      0      0      0      0      0      0      0      0     18      0      0
     0      0      0      0      0      3      0      1      0      0     14      0
     0      0      0      0      6      1      0      0      0      0      3      8
