     0     13      0      5      0      0      0      0      0      0      0      0
     0     18      0      0      0      0      0      0      0      0      0      0
     0      0     18      0      0      0      0      0      0      0      0      0
     0      0      0     18      0      0      0      0      0      0      0      0
     0      0      0      0     17      0      0      0      0      0      0      1
     0      5      3      9      0      0      0      0      1      0      0      0
     0      4      3     11      0      0      0      0      0      0      0      0
     0     11      0      6      0      0      0      1      0      0      0      0
     0      7      0      0      0      0      0      1     10      0      0      0
     0     18      0      0      0      0      0      0      0      0      0      0
     0      0      0     18      0      0      0      0      0      0      0      0
     0      0      0      0     13      0      0      0      0      0      0      5
