     0      8      0      0      6      1      1      2      0      0      0      0
     0     17      0      0      0      0      0      0      0      1      0      0
     0      0     18      0      0      0      0      0      0      0      0      0
     0      0      0     15      3      0      0      0      0      0      0      0
     0      0      0      3     15      0      0      0      0      0      0      0
     0      0      0      0      1     12      5      0      0      0      0      0
     0      0      3      0      0      2     13      0      0      0      0      0
     0     12      0      1      0      0      0      5      0      0      0      0
     0      4      0      0      0      0      0      0     13      1      0      0
     0     15      0      0      0      0      0      0      0      3      0      0
     0      0      0     15      3      0      0      0      0      0      0      0
     0      0      0      3     15      0      0      0      0      0      0      0
