    11      0      0      1      2      1      0      0      0      0      0      0
     0      1      0      0      0      0      0      0      0     14      0      0
     0      0     15      0      0      0      0      0      0      0      0      0
     0      0      0      6      6      3      0      0      0      0      0      0
     0      0      0      0     15      0      0      0      0      0      0      0
     0      0      0      0      0     15      0      0      0      0      0      0
     0      0      0      0      0      4     11      0      0      0      0      0
     0      0      0      0      0      0      0      0      0     15      0      0
     0      0      0      0      0      0      0      0      0     15      0      0
     0      0      0      0      0      0      0      0      0     15      0      0
     0      0      0      6      4      0      0      0      0      0      4      1
     0      0      0      0      8      3      0      0      0      0      0      4
