    18      0      0      0      0      0      0      0      0      0      0      0
     0     11      0      0      0      0      0      0      3      4      0      0
     0      0     18      0      0      0      0      0      0      0      0      0
     0      0      0      4      4      0      0      0      0      0     10      0
     0      0      0      0     17      0      0      0      0      0      0      1
     0      0      0      0      0     18      0      0      0      0      0      0
     0      0      0      0      0      0     18      0      0      0      0      0
     0      0      0      0      0      0      0     15      0      3      0      0
     0      0      0      0      0      0      0      0     17      1      0      0
     0      0      0      0      0      0      0      0      0     18      0      0
     0      0      0      0      1      0      0      0      0      0     16      1
     0      0      0      0      5      0      0      0      0      0      0     13
