    18      0      0      0      0      0      0      0      0      0      0      0
     0     18      0      0      0      0      0      0      0      0      0      0
     0      0     18      0      0      0      0      0      0      0      0      0
     0      0      0     15      3      0      0      0      0      0      0      0
     0      0      0      0     18      0      0      0      0      0      0      0
     0      0      0      0      0     18      0      0      0      0      0      0
     0      0      0      0      0      0     18      0      0      0      0      0
     0      1      0      0      0      0      0     17      0      0      0      0
     0      1      0      0      0      0      0      0     17      0      0      0
     0      7      0      0      0      0      0      0      0     11      0      0
     0      0      0      3      3      0      0      0      0      0     12      0
     0      0      0      0     18      0      0      0      0      0      0      0
