    14      0      0      1      0      0      0      0      0      0      0      0
     0     11      0      0      0      0      0      0      0      4      0      0
     0      0     15      0      0      0      0      0      0      0      0      0
     0      0      0     15      0      0      0      0      0      0      0      0
     0      0      0      0     15      0      0      0      0      0      0      0
     0      0      0      0      0     15      0      0      0      0      0      0
     0      0      0      0      0      1     14      0      0      0      0      0
     0      9      0      0      0      0      0      1      0      5      0      0
     0      1      0      0      0      0      0      0     11      3      0      0
     0      5      0      0      0      0      0      0      0     10      0      0
     1      0      0      8      0      0      0      0      0      0      6      0
     0      0      0      0     15      0      0      0      0      0      0      0
