    18      0      0      0      0      0      0      0      0      0      0      0
     0     16      0      0      0      0      0      0      0      2      0      0
     0      0     18      0      0      0      0      0      0      0      0      0
     0      0      0     16      2      0      0      0      0      0      0      0
     0      0      0      3     15      0      0      0      0      0      0      0
     0      0      0      0      0     18      0      0      0      0      0      0
     0      0      0      0      0      5     13      0      0      0      0      0
     0      4      0      0      0      0      0      8      3      3      0      0
     0      1      0      0      0      0      0      0     17      0      0      0
     0     13      0      0      0      0      0      2      0      3      0      0
     0      0      0     16      2      0      0      0      0      0      0      0
     0      0      0      3     15      0      0      0      0      0      0      0
