    15      0      0      0      0      0      0      0      0      0      0      0
     0      3      0      0      0      0      0      0      0     12      0      0
     0      0     15      0      0      0      0      0      0      0      0      0
     0      0      0     13      1      0      0      0      0      0      0      1
     0      0      0      0      8      0      0      0      0      0      0      7
     0      0      0      0      0     14      1      0      0      0      0      0
     0      0      0      0      1      3     11      0      0      0      0      0
     0      0      0      0      0      0      0      0      0     15      0      0
     0      0      0      0      0      0      0      0      0     15      0      0
     0      0      0      0      0      0      0      0      0     15      0      0
     0      0      0      9      0      0      0      0      0      0      3      3
     0      0      0      1      7      0      0      0      0      0      0      7
