    90      0      0      0      0      0      0      0      0      0      0      0
     0     73      0      0      0      0      0      6      1     10      0      0
     0      0     90      0      0      0      0      0      0      0      0      0
     0      0      0     69      0      0      0      0      0      0     21      0
     0      0      0      0     74      0      0      0      0      0      0     16
     0      0      0      0      0     90      0      0      0      0      0      0
     0      0      0      0      0      0     90      0      0      0      0      0
     0      3      0      0      0      0      0     87      0      0      0      0
     0      1      0      0      0      0      0      0     84      5      0      0
     0      3      0      0      0      0      0      1      1     85      0      0
     0      0      0     12      0      0      0      0      0      0     78      0
     0      0      0      0     14      0      0      0      0      0      0     76
