    90      0      0      0      0      0      0      0      0      0      0      0
     0     90      0      0      0      0      0      0      0      0      0      0
     0      0     90      0      0      0      0      0      0      0      0      0
     0      0      0     16      0      0      0      0      0      0     74      0
     0      0      0      0     58      0      0      0      0      0      2     30
     0      0      0      0      0     86      4      0      0      0      0      0
     0      0      0      0      0      0     90      0      0      0      0      0
     0     38      0      0      0      0      0     52      0      0      0      0
     0     48      0      0      0      0      0      0     28     14      0      0
     0     33      0      0      0      0      0      0      0     57      0      0
     0      0      0      0      0      0      0      0      0      0     90      0
     0      0      0      0      5      0      0      0      0      0      0     85
