    18      0      0      0      0      0      0      0      0      0      0      0
     0     16      0      0      1      0      0      0      0      1      0      0
     0      0     18      0      0      0      0      0      0      0      0      0
     0      0      0     14      3      0      1      0      0      0      0      0
     0      0      0      0     17      0      0      0      0      0      0      1
     0      0      0      0      0     12      6      0      0      0      0      0
     0      0      0      0      0      0     18      0      0      0      0      0
     0      2      0      0      0      0      0     11      1      4      0      0
     0      1      0      0      0      1      0      0     16      0      0      0
     0      1      0      0      0      0      0      0      0     17      0      0
     0      0      0      8      4      0      2      0      0      0      4      0
     0      0      0      0     11      0      0      0      0      0      0      7
