output/experiments/K1_K1_24-01-2019_20.27.37_num_frm_14_86.12%

fc6_linear
Binh 		Giang		Hung 		Tan  		Thuan		Final accuracy
loss	acc 	loss	acc 	loss	acc 	loss	acc 	loss	acc 	
0.7218	0.7643	1.7949	0.7333	0.3154	0.8968	0.1692	0.9333	0.1649	0.9417		0.8539
0.7828	0.7500	1.3315	0.7238	0.2587	0.9161	0.1068	0.9619	0.0903	0.9750		0.8654
0.7499	0.7643	1.2809	0.7333	0.2410	0.9161	0.0849	0.9714	0.0867	0.9750		0.8720
0.7190	0.7714	1.2556	0.7333	0.2426	0.9161	0.0946	0.9619	0.0797	0.9750		0.8716
0.7286	0.7714	1.2566	0.7429	0.2287	0.9226	0.0951	0.9619	0.0798	0.9750		0.8748
0.7333	0.7714	1.2226	0.7429	0.2279	0.9226	0.0946	0.9619	0.0741	0.9750		0.8748
0.7230	0.7714	1.2446	0.7333	0.2334	0.9226	0.0962	0.9619	0.0730	0.9750		0.8728
fc6_linear_accuracy:0.8748

fc6_rbf
Binh 		Giang		Hung 		Tan  		Thuan		Final accuracy
loss	acc 	loss	acc 	loss	acc 	loss	acc 	loss	acc 	
0.9994	0.7643	1.8428	0.7333	0.3230	0.8968	0.2392	0.9333	0.2378	0.9083		0.8472
0.8187	0.8143	1.3822	0.7333	0.2505	0.9226	0.1682	0.9524	0.1375	0.9500		0.8745
0.7440	0.8143	1.2923	0.7429	0.2413	0.9161	0.1328	0.9619	0.1409	0.9250		0.8720
0.6989	0.8143	1.4769	0.7048	0.4500	0.8968	0.1303	0.9714	0.1127	0.9500		0.8675
0.7139	0.8143	1.2591	0.7429	0.2372	0.9290	0.1323	0.9429	0.1134	0.9500		0.8758
0.7150	0.8143	1.2197	0.7524	0.2395	0.9290	0.1303	0.9524	0.1100	0.9583		0.8813
0.7248	0.8143	1.2268	0.7429	0.2423	0.9161	0.1310	0.9524	0.1103	0.9583		0.8768
fc6_rbf_accuracy:0.8813

fc7_linear
Binh 		Giang		Hung 		Tan  		Thuan		Final accuracy
loss	acc 	loss	acc 	loss	acc 	loss	acc 	loss	acc 	
0.7739	0.7500	1.6438	0.8095	0.2744	0.9032	0.1010	0.9810	0.1124	0.9500		0.8787
0.8157	0.7429	1.2263	0.8095	0.1720	0.9677	0.0701	0.9905	0.0825	0.9667		0.8955
0.7621	0.7571	1.1397	0.8095	0.1596	0.9677	0.0629	1.0000	0.0884	0.9667		0.9002
0.7205	0.7643	1.1051	0.8095	0.1676	0.9613	0.0678	0.9810	0.0844	0.9667		0.8965
0.7282	0.7643	1.1091	0.8095	0.1598	0.9613	0.0715	0.9810	0.0815	0.9667		0.8965
0.7206	0.7643	1.0850	0.8095	0.1556	0.9613	0.0666	0.9905	0.0791	0.9667		0.8984
0.7287	0.7643	1.0918	0.8095	0.1580	0.9613	0.0692	0.9905	0.0796	0.9667		0.8984
fc7_linear_accuracy:0.9002

fc7_rbf
Binh 		Giang		Hung 		Tan  		Thuan		Final accuracy
loss	acc 	loss	acc 	loss	acc 	loss	acc 	loss	acc 	
0.9418	0.7429	1.8849	0.8095	0.1612	0.9484	0.1639	0.9619	0.1430	0.9500		0.8825
0.8514	0.7429	1.2860	0.8000	0.1272	0.9742	0.0927	0.9810	0.0887	0.9667		0.8929
0.7661	0.7643	1.1781	0.8095	0.1290	0.9677	0.0710	1.0000	0.0942	0.9667		0.9016
0.7265	0.7643	1.1458	0.8095	0.1324	0.9677	0.0744	1.0000	0.0849	0.9667		0.9016
0.7341	0.7643	1.1311	0.8095	0.1365	0.9613	0.0777	0.9810	0.0798	0.9667		0.8965
0.7354	0.7643	1.1111	0.8095	0.1345	0.9677	0.0770	0.9714	0.0796	0.9667		0.8959
0.7403	0.7643	1.1078	0.8095	0.1342	0.9677	0.0784	0.9714	0.0785	0.9750		0.8976
fc7_rbf_accuracy:0.9016

prob
Binh 		Giang		Hung 		Tan  		Thuan		Final accuracy
loss	acc 	loss	acc 	loss	acc 	loss	acc 	loss	acc 	
0.6451	0.7214	1.0818	0.7714	0.3424	0.8839	0.3835	0.8952	0.4760	0.8000		0.8144
0.9522	0.6143	1.2623	0.8095	0.1282	0.9677	0.1692	0.9238	0.1774	0.9500		0.8531
0.8877	0.6786	1.4299	0.7905	0.1161	0.9677	0.1905	0.8857	0.1681	0.9500		0.8545
0.8043	0.6714	1.4624	0.8095	0.1821	0.9419	0.1475	0.9333	0.1140	0.9500		0.8612
0.9088	0.6786	1.4898	0.8095	0.1677	0.9290	0.1301	0.9333	0.0876	0.9417		0.8584
0.9518	0.6714	1.6447	0.8000	0.1446	0.9484	0.1373	0.9143	0.0802	0.9500		0.8568
0.9340	0.6714	1.5775	0.8095	0.1475	0.9419	0.1347	0.9048	0.0885	0.9500		0.8555
prob_accuracy:0.8612

