    90      0      0      0      0      0      0      0      0      0      0      0
     0     82      0      0      0      0      0      0      0      8      0      0
     0      0     90      0      0      0      0      0      0      0      0      0
     0      0      0     82      0      0      0      0      0      0      8      0
     0      0      0      0     82      0      0      0      0      0      0      8
     0      0      0      0      0     87      3      0      0      0      0      0
     0      0      0      0      0      0     90      0      0      0      0      0
     0      0      0      0      0      0      0     90      0      0      0      0
     0      1      0      0      0      0      0      0     87      2      0      0
     0      3      0      0      0      0      0      0      5     82      0      0
     0      0      0      9      0      0      0      0      0      0     81      0
     0      0      0      0     13      0      0      0      0      0      0     77
