    90      0      0      0      0      0      0      0      0      0      0      0
     0     82      0      0      0      0      0      0      0      8      0      0
     0      0     90      0      0      0      0      0      0      0      0      0
     0      0      0     83      0      0      0      0      0      0      7      0
     0      0      0      0     80      0      0      0      0      0      0     10
     0      0      0      0      0     90      0      0      0      0      0      0
     0      0      0      0      0      0     90      0      0      0      0      0
     0      0      0      0      0      0      0     90      0      0      0      0
     0      1      0      0      0      0      0      0     87      2      0      0
     0      3      0      0      0      0      0      1      7     79      0      0
     0      0      0      4      0      0      0      0      0      0     86      0
     0      0      0      0     17      0      0      0      0      0      0     73
