    90      0      0      0      0      0      0      0      0      0      0      0
     0     89      0      0      0      0      0      1      0      0      0      0
     0      0     90      0      0      0      0      0      0      0      0      0
     0      0      0     84      0      0      0      0      0      0      6      0
     0      0      0      0     90      0      0      0      0      0      0      0
     0      0      0      0      0     89      1      0      0      0      0      0
     0      0      0      0      0      0     90      0      0      0      0      0
     0      1      0      0      0      0      0     89      0      0      0      0
     0      4      0      0      0      0      0      0     86      0      0      0
     0     25      0      0      0      0      0      0      6     59      0      0
     0      0      0      7      0      0      0      0      0      0     83      0
     0      0      0      0     46      0      0      0      0      0      0     44
