    15      0      0      0      0      0      0      0      0      0      0      0
     0     15      0      0      0      0      0      0      0      0      0      0
     0      0     15      0      0      0      0      0      0      0      0      0
     0      0      0      8      1      0      0      0      0      0      6      0
     1      0      0      0     11      0      0      0      0      0      0      3
     0      0      0      0      0     14      1      0      0      0      0      0
     0      0      0      0      0      0     15      0      0      0      0      0
     0      0      0      0      0      0      0     12      1      2      0      0
     0      0      0      0      0      0      0      0     15      0      0      0
     0      0      0      0      0      0      0      3      0     12      0      0
     0      0      0      0      0      0      0      0      0      0     15      0
     1      0      0      0      5      0      0      0      0      0      0      9
