    13      0      0      0      0      1      0      0      4      0      0      0
     0      0      0      0      0      0      0      0      0     18      0      0
     0      0     11      0      0      0      6      0      1      0      0      0
     0      0      0     17      0      0      1      0      0      0      0      0
     0      0      0      0     18      0      0      0      0      0      0      0
     0      0      0      0      0     14      2      0      2      0      0      0
     0      0      0      1      0      0     17      0      0      0      0      0
     0      0      0      0      0      0      0      1      2     15      0      0
     0      0      0      0      0      0      0      0     17      1      0      0
     0      0      0      0      0      0      0      0      0     18      0      0
     0      0      0     17      0      0      0      0      0      0      1      0
     0      0      0      0     17      0      0      0      0      0      0      1
