    18      0      0      0      0      0      0      0      0      0      0      0
     1     13      0      0      0      0      0      0      1      3      0      0
     0      0     18      0      0      0      0      0      0      0      0      0
     0      0      0     13      3      0      0      0      0      0      2      0
     0      0      0      0     17      0      0      0      0      0      1      0
     0      0      0      0      0     18      0      0      0      0      0      0
     0      0      0      0      0      2     16      0      0      0      0      0
     0     11      0      0      0      0      0      4      2      1      0      0
     0      0      0      0      0      0      0      0     17      1      0      0
     0      9      0      0      0      0      0      0      3      6      0      0
     0      0      0      2      4      0      0      0      0      0     12      0
     0      0      0      0     14      0      0      0      0      0      0      4
