    90      0      0      0      0      0      0      0      0      0      0      0
     0     66      0      0      0      0      0      2      8     14      0      0
     0      0     89      0      0      0      1      0      0      0      0      0
     0      0      0     74      0      0      1      0      0      0     15      0
     1      0      0      0     78      0      0      0      0      0      0     11
     0      0      0      0      0     89      1      0      0      0      0      0
     0      0      0      0      0      0     90      0      0      0      0      0
     0      1      0      0      0      0      0     86      0      3      0      0
     0      8      0      1      0      0      0      5     71      5      0      0
     0      3      0      0      0      0      0      0      3     84      0      0
     0      0      0     19      0      0      0      0      0      0     66      5
     0      0      0      0     15      0      0      0      0      0      0     75
