    15      0      0      0      0      0      0      0      0      0      0      0
     0      2      0      0      0      0      0      0      0     13      0      0
     0      0     15      0      0      0      0      0      0      0      0      0
     0      0      0     15      0      0      0      0      0      0      0      0
     1      0      0      0      7      0      0      0      0      0      0      7
     0      0      0      0      0     13      1      0      1      0      0      0
     0      0      0      1      0      1     13      0      0      0      0      0
     0      0      0      0      0      0      0      7      1      7      0      0
     0      0      0      0      0      0      0      0     11      4      0      0
     0      0      0      0      0      0      0      0      0     15      0      0
     0      0      0      9      0      0      0      0      0      0      6      0
     1      0      0      1      9      0      0      0      0      0      0      4
