output/result/K2_K2_2019-05-17_20.06

fc6_linear
Giang		Hai  		Long 		Minh 		Thuy 		Tuyen		Final accuracy
loss	acc 	loss	acc 	loss	acc 	loss	acc 	loss	acc 	loss	acc 	
1.3461	0.5000	1.0576	0.5833	1.0845	0.6667	1.0738	0.4722	1.6178	0.5556	1.3718	0.6667		0.5741
1.3507	0.5278	1.0010	0.7222	0.9227	0.7222	1.1009	0.6111	1.3524	0.5833	1.0877	0.7222		0.6481
1.3570	0.6111	0.8999	0.7222	0.9501	0.7222	0.8333	0.5833	1.7998	0.5000	0.9552	0.7778		0.6528
1.3954	0.6111	1.8148	0.6944	0.9350	0.6944	0.8668	0.6111	1.7727	0.5556	0.9113	0.7222		0.6481
1.4390	0.6111	0.9081	0.7222	0.9752	0.7500	0.7779	0.6944	1.5149	0.6389	0.9670	0.7778		0.6991
1.3714	0.6111	0.9885	0.7222	0.9765	0.7500	0.7852	0.7222	1.5106	0.6111	0.8805	0.7500		0.6944
fc6_linear_accuracy:0.7037

fc6_rbf
Giang		Hai  		Long 		Minh 		Thuy 		Tuyen		Final accuracy
loss	acc 	loss	acc 	loss	acc 	loss	acc 	loss	acc 	loss	acc 	
1.4881	0.4167	1.0454	0.5833	0.9465	0.6389	1.1823	0.5000	1.7175	0.4444	1.0937	0.6667		0.5417
1.4001	0.5556	0.9125	0.6667	0.7760	0.6944	1.1422	0.5833	1.5583	0.5278	0.9136	0.6389		0.6111
1.2215	0.5556	0.7880	0.6944	0.7952	0.7500	0.9365	0.5833	1.5296	0.6111	0.8734	0.6944		0.6481
1.3214	0.6111	1.3015	0.6389	0.8100	0.7500	0.8972	0.5278	1.6482	0.5278	0.9103	0.7500		0.6343
1.4181	0.5556	0.8606	0.7222	0.7537	0.7500	0.8365	0.5556	1.4938	0.5833	0.9289	0.6944		0.6435
1.2755	0.5556	0.9379	0.7222	0.8273	0.7222	0.8271	0.5833	1.5523	0.5833	0.9119	0.6944		0.6435
fc6_rbf_accuracy:0.6713

fc7_linear
Giang		Hai  		Long 		Minh 		Thuy 		Tuyen		Final accuracy
loss	acc 	loss	acc 	loss	acc 	loss	acc 	loss	acc 	loss	acc 	
1.3274	0.5278	0.9862	0.6389	1.1392	0.6111	0.9273	0.5833	1.3691	0.6111	1.1935	0.6944		0.6111
1.3710	0.5833	0.9076	0.7500	0.8894	0.7222	0.9130	0.6111	1.3618	0.5000	1.0317	0.7500		0.6528
1.4478	0.5833	1.0608	0.6944	0.8060	0.6944	0.8951	0.6389	1.5237	0.5000	0.8228	0.7500		0.6435
1.4720	0.5556	1.0772	0.7222	0.8180	0.6944	0.8984	0.6389	1.6741	0.5556	0.8743	0.7500		0.6528
1.5223	0.5556	1.0362	0.7222	0.9047	0.7500	0.9279	0.6944	1.4852	0.6111	0.9024	0.7500		0.6806
1.4802	0.5556	1.1295	0.7222	0.8960	0.7500	0.9244	0.7222	1.4017	0.5833	0.8430	0.7500		0.6806
fc7_linear_accuracy:0.6944

fc7_rbf
Giang		Hai  		Long 		Minh 		Thuy 		Tuyen		Final accuracy
loss	acc 	loss	acc 	loss	acc 	loss	acc 	loss	acc 	loss	acc 	
1.4427	0.3889	0.9830	0.5833	0.9577	0.6667	1.1200	0.6111	1.5642	0.5833	1.0117	0.6944		0.5880
1.3640	0.5000	0.9813	0.6667	0.7761	0.7500	1.0528	0.5833	1.5268	0.5556	0.8491	0.7500		0.6343
1.2357	0.5833	0.8922	0.6667	0.7898	0.6944	0.8867	0.6111	1.6403	0.4444	0.9008	0.7222		0.6204
1.3401	0.5000	0.8215	0.6944	0.7320	0.7222	0.8478	0.6111	1.5676	0.5000	0.8880	0.7500		0.6296
1.3551	0.5556	0.8281	0.7222	0.6984	0.7500	0.8426	0.5833	1.4664	0.4722	0.9062	0.6667		0.6250
1.4127	0.5556	0.9016	0.7222	0.7583	0.7500	0.7977	0.6944	1.3724	0.5278	0.8517	0.7222		0.6620
fc7_rbf_accuracy:0.6806

prob
Giang		Hai  		Long 		Minh 		Thuy 		Tuyen		Final accuracy
loss	acc 	loss	acc 	loss	acc 	loss	acc 	loss	acc 	loss	acc 	
1.5036	0.4167	1.3397	0.5000	1.1979	0.5278	1.6415	0.4722	1.6491	0.3889	1.3326	0.6111		0.4861
1.1777	0.5000	0.7650	0.6389	0.7312	0.6944	1.2282	0.4167	1.3735	0.5556	0.5718	0.6667		0.5787
0.9469	0.6667	0.6983	0.6944	0.6658	0.6944	1.1436	0.5556	1.7124	0.4444	0.5602	0.7500		0.6343
1.0466	0.5833	0.8629	0.6667	0.7815	0.6944	1.1044	0.5278	1.7086	0.5000	0.7843	0.7500		0.6204
1.2329	0.5556	1.1205	0.7222	0.8436	0.7222	0.9251	0.6111	1.5148	0.5278	1.1940	0.7500		0.6481
1.0362	0.6111	0.7687	0.7222	0.7668	0.7222	0.8510	0.6111	1.7078	0.4722	0.8859	0.6944		0.6389
prob_accuracy:0.6713

