    11      0      0      0      2      0      0      0      0      0      0      2
     0      0      0      0      0      0      0      0      0     15      0      0
     0      0     15      0      0      0      0      0      0      0      0      0
     0      0      0     13      0      2      0      0      0      0      0      0
     0      0      0      0      7      0      0      0      0      0      0      8
     0      0      3      0      1     11      0      0      0      0      0      0
     0      0      7      4      0      4      0      0      0      0      0      0
     0      5      0      0      0      0      0      2      0      8      0      0
     0      0      0      1      0      2      0      1      5      6      0      0
     0      0      0      0      0      0      0      0      0     15      0      0
     0      0      1     11      0      1      0      0      0      0      2      0
     0      0      0      4      7      0      0      0      0      0      0      4
