    90      0      0      0      0      0      0      0      0      0      0      0
     5     72      0      1      0      0      0      1      8      3      0      0
     0      0     90      0      0      0      0      0      0      0      0      0
     0      0      0     64      0      0      0      0      0      0     25      1
     1      0      0      0     55      0      0      0      0      0      0     34
     0      0      0      0      0     90      0      0      0      0      0      0
     0      0      0      0      0      8     82      0      0      0      0      0
     0      9      0      0      1      0      0     70      9      1      0      0
     0      5      0      0      0      0      0      0     81      4      0      0
     0     13      0      0      0      0      0      0      5     72      0      0
     0      0      0      4      0      0      0      0      0      0     85      1
     0      0      0      0     20      0      0      0      0      0      0     70
