     0     17      0      1      0      0      0      0      0      0      0      0
     0     18      0      0      0      0      0      0      0      0      0      0
     0      3     15      0      0      0      0      0      0      0      0      0
     0      1      0     17      0      0      0      0      0      0      0      0
     0      2      0      3     12      0      0      0      1      0      0      0
     0     10      0      7      1      0      0      0      0      0      0      0
     0      7      0      8      1      0      0      0      2      0      0      0
     0     18      0      0      0      0      0      0      0      0      0      0
     0     18      0      0      0      0      0      0      0      0      0      0
     0     18      0      0      0      0      0      0      0      0      0      0
     0      0      0     16      2      0      0      0      0      0      0      0
     0      1      1      3     12      0      0      0      1      0      0      0
