output/result/K1_K5_2019-02-16_06.23

fc6_linear
Giang		Hai  		Long 		Minh 		Thuan		Thuy 		Tuyen		Final accuracy
loss	acc 	loss	acc 	loss	acc 	loss	acc 	loss	acc 	loss	acc 	loss	acc 	
4.6146	0.1111	5.3358	0.0833	4.7853	0.0556	5.3041	0.2500	5.1206	0.1667	4.7672	0.1667	4.9148	0.1111		0.1349
4.2346	0.1111	4.3320	0.0833	4.7665	0.1111	4.4073	0.1667	4.4784	0.0833	4.5392	0.2222	4.9932	0.1667		0.1349
4.1267	0.1111	4.2087	0.0833	4.5535	0.0000	4.5808	0.2500	3.8876	0.0833	4.2866	0.3056	4.4439	0.1667		0.1429
4.3762	0.1389	4.7614	0.0833	3.9688	0.0278	4.1224	0.2500	3.4461	0.0833	3.5754	0.1944	4.0651	0.1667		0.1349
3.7905	0.1667	4.5474	0.0833	3.9783	0.0556	4.5662	0.2500	3.7226	0.2222	3.8720	0.1389	4.4084	0.1111		0.1468
3.9337	0.1111	4.3847	0.0833	3.8772	0.0000	4.1680	0.2500	3.6976	0.1389	3.9540	0.1389	4.3484	0.1944		0.1310
fc6_linear_accuracy:0.1905

fc6_rbf
Giang		Hai  		Long 		Minh 		Thuan		Thuy 		Tuyen		Final accuracy
loss	acc 	loss	acc 	loss	acc 	loss	acc 	loss	acc 	loss	acc 	loss	acc 	
3.8598	0.1389	4.0190	0.1389	4.0254	0.1667	3.9525	0.1667	4.2741	0.1667	4.3144	0.1111	4.0688	0.1667		0.1508
3.2399	0.1389	3.6811	0.1389	3.6692	0.1667	3.3380	0.2222	3.6046	0.1111	3.4367	0.1944	3.9278	0.0833		0.1508
3.1475	0.1667	3.2637	0.1389	3.4084	0.1667	3.4555	0.1667	3.1702	0.0833	3.0671	0.1944	3.5152	0.2778		0.1706
3.4310	0.1944	4.2694	0.0278	2.9924	0.1944	3.1986	0.1667	3.0367	0.1111	2.9660	0.2500	3.1912	0.1944		0.1627
3.1762	0.1944	3.5067	0.1111	2.8735	0.1111	3.2424	0.1667	3.1369	0.1389	3.0349	0.2500	3.3108	0.1944		0.1667
3.0974	0.1944	3.1392	0.1111	3.1471	0.1667	3.1089	0.1667	3.2063	0.1111	3.0112	0.1944	3.3308	0.1944		0.1627
fc6_rbf_accuracy:0.2063

fc7_linear
Giang		Hai  		Long 		Minh 		Thuan		Thuy 		Tuyen		Final accuracy
loss	acc 	loss	acc 	loss	acc 	loss	acc 	loss	acc 	loss	acc 	loss	acc 	
4.2920	0.0833	5.0879	0.0833	4.8846	0.1111	5.0231	0.2778	4.8556	0.1667	4.3694	0.1944	5.2741	0.0833		0.1429
4.4675	0.1389	4.1927	0.0833	4.0171	0.1111	4.3145	0.2222	4.0363	0.0833	4.1613	0.2222	4.4796	0.1667		0.1468
4.1778	0.1111	4.3044	0.0833	4.4638	0.0278	3.6278	0.2222	3.5616	0.0833	3.7443	0.2500	3.7289	0.1667		0.1349
3.8389	0.1944	3.9669	0.0833	3.4412	0.1389	3.5081	0.1944	3.4715	0.1389	3.7346	0.1389	3.6207	0.1111		0.1429
3.7205	0.1944	4.2561	0.0833	3.3819	0.2500	3.8889	0.2500	3.7424	0.1667	3.6108	0.1944	3.9007	0.1111		0.1786
3.6490	0.1944	4.0854	0.0833	3.5679	0.2778	3.5320	0.1667	3.7490	0.1667	3.8483	0.1944	3.9188	0.1111		0.1706
fc7_linear_accuracy:0.2024

fc7_rbf
Giang		Hai  		Long 		Minh 		Thuan		Thuy 		Tuyen		Final accuracy
loss	acc 	loss	acc 	loss	acc 	loss	acc 	loss	acc 	loss	acc 	loss	acc 	
3.7618	0.1111	4.2651	0.1111	3.5878	0.1667	4.1548	0.2222	4.2540	0.1944	3.4270	0.1667	3.9200	0.1667		0.1627
3.7199	0.1667	3.4441	0.1389	3.6740	0.1944	3.3691	0.2500	3.2919	0.1944	3.1030	0.2222	3.6751	0.2500		0.2024
3.0315	0.1667	3.2723	0.1111	2.9861	0.2222	3.2447	0.2500	2.8923	0.1389	2.8597	0.1944	3.1698	0.2778		0.1944
3.0617	0.1944	3.4009	0.0833	2.8185	0.2500	2.8190	0.2500	2.8517	0.1389	2.7247	0.2500	3.0044	0.1944		0.1944
2.8826	0.1944	3.5063	0.0833	3.0161	0.2222	2.9430	0.1667	3.0221	0.1667	3.0120	0.2222	2.9875	0.1944		0.1786
2.9120	0.2222	3.2882	0.0833	3.0646	0.1667	3.0372	0.1667	3.1411	0.1667	2.9477	0.2222	3.0890	0.2222		0.1786
fc7_rbf_accuracy:0.2262

prob
Giang		Hai  		Long 		Minh 		Thuan		Thuy 		Tuyen		Final accuracy
loss	acc 	loss	acc 	loss	acc 	loss	acc 	loss	acc 	loss	acc 	loss	acc 	
2.3560	0.1389	2.4153	0.1667	2.4148	0.1111	2.0613	0.3333	2.2405	0.1667	2.1373	0.1944	2.3013	0.1389		0.1786
2.6599	0.2500	2.5282	0.2500	2.4559	0.2778	2.0668	0.2500	2.1674	0.2500	2.7563	0.1389	2.8104	0.1667		0.2262
2.9869	0.2222	2.9761	0.0833	2.5721	0.3333	2.1889	0.2500	2.4618	0.2500	2.9745	0.2500	2.6154	0.1944		0.2262
3.2312	0.2222	3.0489	0.1389	2.8491	0.2500	2.1164	0.3333	2.1537	0.2500	2.8898	0.2778	2.8222	0.2222		0.2421
3.1416	0.1944	3.2214	0.1389	2.9876	0.1389	2.5964	0.1667	2.5924	0.1944	3.6426	0.2222	3.0127	0.1389		0.1706
3.1656	0.2222	3.4345	0.1389	3.1181	0.1944	2.6281	0.1667	2.6123	0.2222	3.4583	0.2500	3.2199	0.1944		0.1984
prob_accuracy:0.2738

