    90      0      0      0      0      0      0      0      0      0      0      0
     0     81      0      0      0      0      0      0      0      9      0      0
     0      0     90      0      0      0      0      0      0      0      0      0
     0      0      0     74      0      0      0      0      0      0     16      0
     0      0      0      0     87      0      0      0      0      0      0      3
     0      0      0      0      0     89      1      0      0      0      0      0
     0      0      0      0      0      0     90      0      0      0      0      0
     0      0      0      0      0      0      0     90      0      0      0      0
     0      0      0      0      0      0      0      0     89      1      0      0
     0      3      0      0      0      0      0      0      2     85      0      0
     0      0      0      6      0      0      0      0      0      0     82      2
     0      0      0      0     12      0      0      0      0      0      0     78
