    90      0      0      0      0      0      0      0      0      0      0      0
     0     54      0      0      0      0      0     34      1      1      0      0
     0      0     90      0      0      0      0      0      0      0      0      0
     0      0      0     81      0      0      0      0      0      0      9      0
     0      0      0      0     85      0      0      0      0      0      0      5
     0      0      0      0      0     88      2      0      0      0      0      0
     0      0      0      0      0      0     90      0      0      0      0      0
     0      0      0      0      0      0      0     90      0      0      0      0
     0      0      0      0      0      0      0      1     89      0      0      0
     0     10      0      0      0      0      0     14      7     59      0      0
     0      0      0     16      2      0      0      0      0      0     71      1
     0      0      0      0     25      0      0      0      0      0      0     65
