    14      0      0      0      0      0      0      0      0      0      0      1
     0      2      0      0      0      0      0      0      0     13      0      0
     0      0     15      0      0      0      0      0      0      0      0      0
     0      0      0     15      0      0      0      0      0      0      0      0
     0      0      0      0      9      0      0      0      0      0      0      6
     0      0      0      0      0     13      1      0      1      0      0      0
     0      0      0      1      0      1     13      0      0      0      0      0
     0      0      0      0      0      0      0      9      1      5      0      0
     0      0      0      1      0      0      0      0     10      4      0      0
     0      0      0      0      0      0      0      1      0     14      0      0
     0      0      0     13      0      0      0      0      0      0      2      0
     0      0      0      1      9      0      0      0      0      0      0      5
