    18      0      0      0      0      0      0      0      0      0      0      0
     0      0      0      0      0      0      0      0      0     18      0      0
     0      0     18      0      0      0      0      0      0      0      0      0
     0      0      0      5      0      0      0      0      0      0     13      0
     0      0      0      0      4      0      0      0      0      0      3     11
     0      0      0      0      0     10      8      0      0      0      0      0
     0      0      0      0      0      0     18      0      0      0      0      0
     0      0      0      0      0      0      0     18      0      0      0      0
     0      0      0      0      0      0      0      0     16      2      0      0
     0      0      0      0      0      0      0      0      0     18      0      0
     0      0      0      0      0      0      0      0      0      0     18      0
     0      0      0      0      1      0      0      0      0      0      3     14
