    12      0      0      0      0      0      0      0      0      0      0      6
     0      0      0      0      0      0      0      2      0     16      0      0
     0      0      7      0      0      0      7      0      0      0      0      4
     0      0      0      7      0      0      6      0      0      0      2      3
     0      0      0      0      1      0      6      0      0      0      0     11
     0      0      0      0      0      5     13      0      0      0      0      0
     0      0      0      0      0      0     18      0      0      0      0      0
     0      1      0      0      0      0      0      1      0     16      0      0
     0      5      0      0      0      0      1      0      8      4      0      0
     0      0      0      0      0      0      0      0      0     18      0      0
     0      0      0      3      1      0      6      0      0      0      5      3
     0      0      0      0      0      0      3      0      0      0      0     15
