    90      0      0      0      0      0      0      0      0      0      0      0
     0     86      0      0      0      0      0      0      1      3      0      0
     0      0     90      0      0      0      0      0      0      0      0      0
     0      0      0     81      0      0      0      0      0      0      9      0
     0      0      0      0     74      0      0      0      0      0      0     16
     0      0      0      0      0     90      0      0      0      0      0      0
     0      0      0      0      0      0     90      0      0      0      0      0
     0      1      0      0      0      0      0     88      0      1      0      0
     0      0      0      0      0      0      0      0     88      2      0      0
     0      2      0      0      0      0      0      0      3     85      0      0
     0      0      0      3      0      0      0      0      0      0     85      2
     0      0      0      0      6      0      0      0      0      0      0     84
