/home/dangmanhtruong95/Cuong/c3d_luanvan/output/result/K4_K4_2019-01-30_23.09

fc6_linear
Giang		Hai  		Long 		Minh 		Thuan		Thuy 		Tuyen		Final accuracy
loss	acc 	loss	acc 	loss	acc 	loss	acc 	loss	acc 	loss	acc 	loss	acc 	
1.4489	0.5833	0.6873	0.7778	2.4309	0.5000	1.5221	0.5278	3.8885	0.3611	1.3690	0.6389	1.3805	0.6389		0.5754
1.8496	0.5833	0.7699	0.7778	0.8883	0.6667	0.9298	0.6389	2.1239	0.5000	0.7563	0.6667	1.0409	0.6667		0.6429
2.0925	0.4722	0.6898	0.8333	3.4083	0.5556	0.7746	0.7500	2.5886	0.5833	0.8941	0.6944	1.2106	0.5833		0.6389
2.3346	0.4444	0.6890	0.7778	0.9896	0.6667	0.8405	0.6944	2.4585	0.4722	1.0280	0.5833	1.8872	0.5833		0.6032
2.1937	0.4167	0.7070	0.7222	0.9178	0.6944	1.0151	0.6389	2.3442	0.5556	1.0675	0.6667	1.1047	0.6389		0.6190
2.2655	0.4722	0.6103	0.8056	0.9338	0.6944	1.0628	0.6667	2.3369	0.5556	1.0113	0.6667	0.9686	0.6667		0.6468
fc6_linear_accuracy:0.6865

fc6_rbf
Giang		Hai  		Long 		Minh 		Thuan		Thuy 		Tuyen		Final accuracy
loss	acc 	loss	acc 	loss	acc 	loss	acc 	loss	acc 	loss	acc 	loss	acc 	
1.3385	0.5833	0.9215	0.7222	1.6082	0.5000	1.1954	0.6389	2.7169	0.3056	1.3774	0.6389	1.3439	0.6667		0.5794
1.2149	0.6111	0.8334	0.7778	0.9159	0.6944	0.8159	0.8056	1.4890	0.5000	0.7407	0.7778	0.8888	0.6667		0.6905
1.2736	0.6389	0.7846	0.7222	2.0423	0.4722	0.8650	0.7500	1.6765	0.5278	0.6240	0.8056	0.8057	0.6389		0.6508
1.2579	0.6389	0.7888	0.7222	0.8344	0.6667	0.7785	0.7778	1.7096	0.5000	0.7073	0.6667	0.8557	0.5278		0.6429
1.5260	0.6389	0.8003	0.7778	0.7957	0.6389	0.8320	0.7778	1.9746	0.5278	0.7448	0.6944	0.8030	0.6667		0.6746
1.3436	0.6389	0.7021	0.7222	0.7966	0.6389	0.8504	0.7778	1.9354	0.5278	0.7771	0.7222	0.7918	0.6667		0.6706
fc6_rbf_accuracy:0.7024

fc7_linear
Giang		Hai  		Long 		Minh 		Thuan		Thuy 		Tuyen		Final accuracy
loss	acc 	loss	acc 	loss	acc 	loss	acc 	loss	acc 	loss	acc 	loss	acc 	
2.1212	0.3889	1.0859	0.6111	1.1976	0.6667	1.4832	0.4722	3.2974	0.3333	0.9848	0.5833	1.2953	0.5556		0.5159
2.1082	0.5000	0.7540	0.7778	0.7364	0.7222	1.2119	0.5833	2.2440	0.5556	0.7735	0.6944	1.2180	0.6667		0.6429
2.0471	0.5278	0.7718	0.7222	0.7332	0.6667	1.0228	0.6667	2.4456	0.4444	0.8189	0.7222	1.1105	0.6389		0.6270
2.0767	0.4167	0.6847	0.7500	1.0069	0.6667	1.0378	0.6667	2.2853	0.4722	0.8925	0.6667	1.0039	0.6111		0.6071
2.2388	0.4722	0.6702	0.7222	0.9152	0.6389	1.1614	0.6944	2.1700	0.5000	0.8004	0.6667	0.9855	0.6667		0.6230
2.1423	0.4167	0.6003	0.7222	0.9533	0.6667	1.1672	0.7222	2.1944	0.5278	0.7642	0.7222	0.8976	0.6944		0.6389
fc7_linear_accuracy:0.6746

fc7_rbf
Giang		Hai  		Long 		Minh 		Thuan		Thuy 		Tuyen		Final accuracy
loss	acc 	loss	acc 	loss	acc 	loss	acc 	loss	acc 	loss	acc 	loss	acc 	
1.4758	0.5556	0.9593	0.6944	1.1677	0.5833	0.9507	0.6389	2.0062	0.4444	0.9712	0.6667	1.0964	0.6667		0.6071
1.3170	0.5833	0.7440	0.7222	0.9479	0.6389	1.2207	0.6389	1.4933	0.5000	0.8266	0.7500	0.8843	0.5833		0.6310
1.2034	0.6111	0.8379	0.7222	0.8833	0.5556	0.9154	0.7222	1.6756	0.5278	0.8776	0.6667	0.8296	0.6667		0.6389
1.2207	0.6389	0.7746	0.7222	0.8596	0.6111	0.7583	0.7778	1.8154	0.5000	0.8892	0.6944	0.7332	0.6944		0.6627
1.5559	0.6111	0.8461	0.6667	0.7874	0.6667	0.8908	0.7778	1.8637	0.5278	0.8619	0.6667	0.7013	0.6667		0.6548
1.4894	0.6111	0.7860	0.6944	0.7636	0.6111	0.8949	0.7778	1.8846	0.5278	0.8404	0.6667	0.6902	0.7222		0.6587
fc7_rbf_accuracy:0.6865

prob
Giang		Hai  		Long 		Minh 		Thuan		Thuy 		Tuyen		Final accuracy
loss	acc 	loss	acc 	loss	acc 	loss	acc 	loss	acc 	loss	acc 	loss	acc 	
2.2499	0.4167	2.2429	0.4444	2.2414	0.3333	2.2584	0.3889	2.4218	0.1667	2.1995	0.3611	2.2595	0.3333		0.3492
1.1733	0.4722	0.7757	0.6667	1.0255	0.5556	0.9582	0.5833	2.1553	0.4722	1.0727	0.5833	0.9623	0.5556		0.5556
1.0556	0.5556	0.6207	0.6944	0.8175	0.5278	0.8038	0.6944	2.2069	0.4722	0.9503	0.6389	0.8051	0.5833		0.5952
1.1992	0.4722	0.6560	0.6667	0.8335	0.5278	0.6484	0.7778	2.4591	0.4722	0.9910	0.6389	0.5892	0.6667		0.6032
1.0975	0.5833	0.8834	0.6389	0.7851	0.6111	0.6682	0.7778	2.4219	0.5000	0.9476	0.6667	0.7722	0.6667		0.6349
1.1506	0.5833	0.6363	0.6667	0.8988	0.5833	0.7122	0.7778	2.4933	0.5278	1.0340	0.6111	0.6470	0.6667		0.6310
prob_accuracy:0.6468

