     0     14      0      2      0      1      0      0      0      0      0      1
     0     18      0      0      0      0      0      0      0      0      0      0
     0      0     18      0      0      0      0      0      0      0      0      0
     0      0      0     18      0      0      0      0      0      0      0      0
     0      0      0      3      9      0      0      0      0      0      0      6
     0      6      4      5      0      3      0      0      0      0      0      0
     0      3      8      2      0      5      0      0      0      0      0      0
     0     15      0      3      0      0      0      0      0      0      0      0
     0     15      0      0      0      0      0      0      3      0      0      0
     0     18      0      0      0      0      0      0      0      0      0      0
     0      0      0     18      0      0      0      0      0      0      0      0
     0      1      0      3      7      0      0      0      0      0      0      7
