    15      0      0      0      0      0      0      0      0      0      0      0
     0     15      0      0      0      0      0      0      0      0      0      0
     0      0     15      0      0      0      0      0      0      0      0      0
     0      0      0     15      0      0      0      0      0      0      0      0
     0      0      0      0      3      0      0      0      0      0      0     12
     0      0      0      0      0     13      2      0      0      0      0      0
     0      0      0      0      0      3     12      0      0      0      0      0
     0      4      0      0      0      0      0      7      1      3      0      0
     0      0      0      0      0      0      0      0     15      0      0      0
     0      6      0      0      0      0      0      0      0      9      0      0
     0      0      0      6      0      0      0      0      0      0      9      0
     0      0      0      0      0      0      0      0      0      0      0     15
