    18      0      0      0      0      0      0      0      0      0      0      0
     0     10      0      1      0      0      0      1      0      6      0      0
     0      0     18      0      0      0      0      0      0      0      0      0
     0      0      0     15      3      0      0      0      0      0      0      0
     0      0      0      1     17      0      0      0      0      0      0      0
     0      0      0      0      0     18      0      0      0      0      0      0
     0      0      0      0      0      9      9      0      0      0      0      0
     0      6      0      0      0      0      0      7      2      3      0      0
     0      1      0      0      0      0      0      0     17      0      0      0
     0      1      0      0      0      0      0      0      0     17      0      0
     0      0      0     12      3      0      0      0      0      0      3      0
     0      0      0      0     16      0      0      0      0      0      0      2
