output/result_backup/table_30Jan2019_original_pre_3_12gestures_fc6_1024_fc7_1024/K1_K2_2019-01-30_14.46

fc6_linear
Giang		Hai  		Long 		Minh 		Thuan		Thuy 		Tuyen		Final accuracy
loss	acc 	loss	acc 	loss	acc 	loss	acc 	loss	acc 	loss	acc 	loss	acc 	
6.4405	0.0833	6.5188	0.1944	8.0890	0.1667	4.9695	0.1667	6.7378	0.1667	8.8353	0.0833	6.3497	0.1111		0.1389
5.6293	0.1667	5.7289	0.0833	6.7248	0.0833	5.6742	0.0833	6.0883	0.0833	6.6266	0.1389	6.1091	0.0833		0.1032
6.6547	0.1667	5.4246	0.0833	5.8328	0.0833	5.0337	0.0833	6.1712	0.1667	6.2131	0.0833	5.0645	0.1111		0.1111
5.3129	0.0833	6.1531	0.1111	5.8793	0.0278	4.7187	0.0556	6.2074	0.1667	5.8695	0.0833	4.5404	0.0833		0.0873
4.4956	0.0833	6.2692	0.1389	5.7801	0.0833	4.8131	0.1667	5.8942	0.0833	6.2948	0.0556	5.7269	0.0833		0.0992
4.4007	0.0833	6.0777	0.1667	5.1312	0.0833	5.3182	0.0833	5.8879	0.1389	5.8011	0.1111	5.4367	0.1111		0.1111
fc6_linear_accuracy:0.1587

fc6_rbf
Giang		Hai  		Long 		Minh 		Thuan		Thuy 		Tuyen		Final accuracy
loss	acc 	loss	acc 	loss	acc 	loss	acc 	loss	acc 	loss	acc 	loss	acc 	
4.6690	0.1111	4.6953	0.1111	5.2809	0.0833	4.7594	0.1667	4.3392	0.1667	4.8615	0.0833	3.7502	0.0833		0.1151
4.6786	0.1111	4.2277	0.0833	4.2111	0.0833	3.6757	0.0833	3.5563	0.0833	4.4976	0.1667	4.2573	0.1111		0.1032
3.9603	0.1111	3.5523	0.0833	3.5095	0.1667	3.1148	0.1389	3.2727	0.0278	3.9318	0.1389	3.9825	0.0833		0.1071
4.6739	0.0833	3.1416	0.1667	3.1906	0.1667	3.4492	0.0833	3.3695	0.0833	3.8845	0.1389	3.4109	0.0833		0.1151
4.2812	0.1111	4.1787	0.0833	4.1268	0.0278	3.6618	0.0833	4.1440	0.0833	4.4440	0.1111	3.8043	0.0833		0.0833
4.2410	0.0833	4.1050	0.0833	4.1063	0.0833	3.2654	0.0833	3.8349	0.0833	3.7833	0.2222	3.3156	0.1667		0.1151
fc6_rbf_accuracy:0.1667

fc7_linear
Giang		Hai  		Long 		Minh 		Thuan		Thuy 		Tuyen		Final accuracy
loss	acc 	loss	acc 	loss	acc 	loss	acc 	loss	acc 	loss	acc 	loss	acc 	
5.6066	0.2222	5.2799	0.0833	6.3835	0.0833	5.1604	0.0833	5.0268	0.1389	6.6421	0.0833	5.9921	0.0833		0.1111
5.3404	0.0833	4.8765	0.1111	5.5649	0.0833	5.3065	0.0833	5.4505	0.0833	6.0322	0.1667	5.1027	0.0833		0.0992
5.0684	0.1111	4.3900	0.0556	4.3798	0.0833	4.7172	0.0000	4.6712	0.0833	5.1688	0.1111	4.5222	0.0833		0.0754
4.5335	0.0833	4.0093	0.0833	4.6142	0.0833	4.2102	0.0833	4.4722	0.0833	4.6870	0.1667	4.4388	0.1111		0.0992
4.2965	0.0833	4.2411	0.0833	4.2505	0.0833	4.1499	0.0833	4.2546	0.0833	4.8152	0.1389	3.5985	0.1389		0.0992
3.8049	0.0833	3.8350	0.0833	4.1379	0.0833	3.8772	0.0833	4.0127	0.0833	4.4697	0.1389	3.8168	0.1667		0.1032
fc7_linear_accuracy:0.1389

fc7_rbf
Giang		Hai  		Long 		Minh 		Thuan		Thuy 		Tuyen		Final accuracy
loss	acc 	loss	acc 	loss	acc 	loss	acc 	loss	acc 	loss	acc 	loss	acc 	
4.6561	0.1667	4.3374	0.0833	5.1315	0.0833	4.5222	0.0833	4.2796	0.1667	5.4837	0.1111	3.3818	0.1111		0.1151
4.1654	0.0833	3.7340	0.0833	3.9695	0.0833	3.7950	0.0833	3.9994	0.0833	4.7262	0.0556	4.7330	0.0833		0.0794
4.4477	0.0833	4.1560	0.0833	3.8727	0.0833	3.6860	0.0556	3.7726	0.0833	3.8905	0.0833	3.9459	0.0833		0.0794
4.2019	0.0833	3.9771	0.0833	3.9296	0.0833	3.6353	0.0833	3.8911	0.0833	4.1796	0.1389	4.0122	0.1389		0.0992
4.0790	0.0833	4.2951	0.0833	4.2450	0.0833	4.3745	0.0833	4.2268	0.0833	4.3189	0.1389	3.9972	0.2222		0.1111
4.1709	0.0833	3.9518	0.0833	4.4140	0.0833	4.0805	0.0833	4.0026	0.0833	4.1680	0.1944	4.1113	0.1667		0.1111
fc7_rbf_accuracy:0.1429

prob
Giang		Hai  		Long 		Minh 		Thuan		Thuy 		Tuyen		Final accuracy
loss	acc 	loss	acc 	loss	acc 	loss	acc 	loss	acc 	loss	acc 	loss	acc 	
2.4699	0.0833	2.4722	0.0000	2.4787	0.0833	2.4964	0.0833	2.4806	0.0833	2.4844	0.1111	2.4786	0.1667		0.0873
2.7731	0.0833	2.5450	0.0833	2.6893	0.0833	2.6908	0.0833	2.6055	0.1667	2.2446	0.1111	2.6305	0.0833		0.0992
3.0937	0.0833	3.2108	0.0833	3.1895	0.0833	2.9412	0.0556	2.9768	0.0833	2.6502	0.0556	2.9325	0.1667		0.0873
3.5736	0.0833	3.4460	0.0833	3.8333	0.0833	3.1263	0.0833	3.3310	0.0833	2.9584	0.1389	3.0558	0.0833		0.0913
3.3426	0.0833	3.6548	0.0833	3.8409	0.0833	3.1777	0.0833	3.2584	0.0833	3.2403	0.1667	3.4533	0.1667		0.1071
3.4432	0.0833	3.6900	0.0833	3.9068	0.0833	3.2075	0.0556	3.3579	0.0833	3.3022	0.1389	3.5016	0.1667		0.0992
prob_accuracy:0.1190

