output/result_backup/table_30Jan2019_original_pre_3_12gestures_fc6_1024_fc7_1024/K4_K1_2019-01-30_21.29

fc6_linear
Giang		Hai  		Long 		Minh 		Thuan		Thuy 		Tuyen		Final accuracy
loss	acc 	loss	acc 	loss	acc 	loss	acc 	loss	acc 	loss	acc 	loss	acc 	
5.0144	0.0556	5.9003	0.1389	6.3795	0.1111	4.4730	0.2500	4.3560	0.1944	5.8121	0.0833	8.0481	0.0278		0.1230
5.6669	0.0833	5.3598	0.0833	3.1322	0.2222	4.0210	0.2778	5.0733	0.0833	4.6403	0.2222	3.8948	0.1667		0.1627
3.7511	0.1111	3.4427	0.1944	2.5042	0.2500	3.4063	0.2222	4.2033	0.1944	3.4780	0.1944	4.0914	0.1667		0.1905
4.0943	0.1111	2.9628	0.2222	2.5445	0.3611	3.3402	0.2222	4.3610	0.1944	3.8492	0.1667	4.5624	0.1667		0.2063
3.6135	0.2222	3.0025	0.1944	2.8067	0.2778	2.9751	0.2500	3.7269	0.2500	3.3942	0.1944	3.8810	0.2500		0.2341
3.5800	0.0833	3.0871	0.1944	2.9492	0.3056	2.9949	0.2500	3.5829	0.2500	3.1000	0.2222	3.7966	0.1944		0.2143
fc6_linear_accuracy:0.2579

fc6_rbf
Giang		Hai  		Long 		Minh 		Thuan		Thuy 		Tuyen		Final accuracy
loss	acc 	loss	acc 	loss	acc 	loss	acc 	loss	acc 	loss	acc 	loss	acc 	
4.5665	0.0833	3.8500	0.0833	4.0527	0.1111	3.2159	0.1667	3.7681	0.0833	4.4841	0.1667	4.0561	0.0833		0.1111
3.6064	0.0833	4.1545	0.0833	2.4702	0.3333	2.7672	0.2778	3.3679	0.0833	2.9794	0.2778	2.7799	0.3056		0.2063
3.1641	0.1944	3.0076	0.2222	2.3738	0.2222	2.9878	0.1944	2.6433	0.1389	2.9497	0.2778	2.9565	0.2500		0.2143
2.8004	0.1667	3.1203	0.2222	2.5516	0.3611	2.8749	0.2778	2.7376	0.2222	3.3337	0.1944	3.4511	0.1667		0.2302
3.5587	0.1944	3.0621	0.2222	2.8811	0.2500	3.0206	0.2500	2.8592	0.3333	2.7990	0.1667	3.2117	0.1944		0.2302
3.6510	0.1944	2.8507	0.2222	2.8809	0.3056	3.3071	0.2500	3.1625	0.2222	2.9758	0.1944	3.1705	0.1944		0.2262
fc6_rbf_accuracy:0.2817

fc7_linear
Giang		Hai  		Long 		Minh 		Thuan		Thuy 		Tuyen		Final accuracy
loss	acc 	loss	acc 	loss	acc 	loss	acc 	loss	acc 	loss	acc 	loss	acc 	
5.7159	0.0833	4.1003	0.0556	4.9576	0.1667	3.6223	0.2222	3.9598	0.0833	4.3452	0.1944	3.9740	0.2222		0.1468
4.1490	0.1389	2.7722	0.2222	3.0712	0.2222	3.7235	0.2222	3.7596	0.1111	2.9677	0.3056	3.2404	0.2222		0.2063
4.2574	0.0833	3.5001	0.1667	3.7958	0.1389	3.1623	0.2500	4.0977	0.2500	3.0906	0.1944	3.2049	0.2500		0.1905
3.1734	0.2222	3.3816	0.2778	2.9371	0.2222	3.2762	0.2778	4.0835	0.1667	2.9010	0.2778	3.3613	0.1944		0.2341
3.3175	0.2500	3.2687	0.2500	2.8640	0.2222	2.9229	0.2778	3.3346	0.2500	2.7619	0.3333	3.3092	0.1667		0.2500
3.4784	0.1667	3.4753	0.2500	2.8564	0.2222	3.0447	0.2500	3.4565	0.2222	2.7540	0.2778	3.2725	0.1667		0.2222
fc7_linear_accuracy:0.2659

fc7_rbf
Giang		Hai  		Long 		Minh 		Thuan		Thuy 		Tuyen		Final accuracy
loss	acc 	loss	acc 	loss	acc 	loss	acc 	loss	acc 	loss	acc 	loss	acc 	
3.9787	0.1667	3.3795	0.0556	3.2986	0.1944	2.9655	0.1667	3.1311	0.1944	3.5799	0.1389	3.0468	0.2222		0.1627
2.8738	0.2222	2.7577	0.2500	2.6679	0.2500	2.7374	0.2500	2.5294	0.2500	2.6050	0.2222	2.6285	0.3333		0.2540
3.3803	0.1667	3.0687	0.2500	2.7994	0.2778	2.6978	0.2500	2.7536	0.2222	2.6745	0.1667	3.1640	0.1944		0.2183
3.4600	0.1389	3.2142	0.2222	2.9306	0.2222	3.2046	0.2500	2.8142	0.2222	2.7714	0.2222	3.3906	0.1667		0.2063
3.9473	0.1667	3.5164	0.2222	3.1923	0.2222	3.1624	0.2500	3.4680	0.2222	2.7184	0.2500	3.6239	0.1667		0.2143
3.9495	0.1667	3.5694	0.2222	3.1369	0.2222	3.5429	0.2500	3.5732	0.2500	2.8007	0.2222	3.6850	0.1667		0.2143
fc7_rbf_accuracy:0.2619

prob
Giang		Hai  		Long 		Minh 		Thuan		Thuy 		Tuyen		Final accuracy
loss	acc 	loss	acc 	loss	acc 	loss	acc 	loss	acc 	loss	acc 	loss	acc 	
2.4849	0.0833	2.4673	0.0833	2.4298	0.0833	2.4500	0.1944	2.4786	0.0556	2.4878	0.0833	2.4360	0.0556		0.0913
2.9050	0.1667	2.6328	0.2500	2.4710	0.2500	2.7385	0.2500	2.8708	0.2500	2.4353	0.1111	3.0015	0.2222		0.2143
3.4197	0.2500	3.3283	0.2500	2.6556	0.2222	2.6552	0.2222	2.9298	0.2222	2.6935	0.1944	3.4979	0.1667		0.2183
3.4491	0.1667	3.6455	0.2500	3.0838	0.2222	3.3000	0.2500	3.3333	0.2222	2.9733	0.2222	4.6301	0.1667		0.2143
3.7737	0.1667	3.3380	0.2500	3.1979	0.2222	3.3667	0.2500	3.4851	0.2222	2.8961	0.1944	3.7590	0.1667		0.2103
3.8021	0.1944	3.7836	0.2500	3.3362	0.2222	3.2985	0.2500	3.2951	0.2222	2.8808	0.2222	4.1286	0.1667		0.2183
prob_accuracy:0.2421

