output/result_backup/table_30Jan2019_original_pre_3_12gestures_fc6_1024_fc7_1024/K5_K4_2019-02-01_05.10

fc6_linear
Giang		Hai  		Long 		Minh 		Thuan		Thuy 		Tuyen		Final accuracy
loss	acc 	loss	acc 	loss	acc 	loss	acc 	loss	acc 	loss	acc 	loss	acc 	
4.6842	0.1667	4.0207	0.1667	3.7688	0.0833	4.6519	0.1389	5.2490	0.0833	3.5444	0.2778	3.9142	0.0278		0.1349
3.9901	0.1667	2.7063	0.2778	2.2488	0.2778	4.0007	0.0556	4.9081	0.1389	4.2036	0.2500	3.4106	0.3611		0.2183
3.6556	0.1667	2.1254	0.3333	2.5515	0.3333	4.4405	0.1667	5.2968	0.0833	3.1395	0.2500	2.3725	0.3333		0.2381
3.4604	0.2222	2.2777	0.2778	3.3340	0.1944	3.5383	0.2500	4.6274	0.1111	3.7672	0.2500	3.1686	0.2222		0.2183
3.4387	0.1944	2.3100	0.2222	3.2434	0.1667	3.1432	0.1944	4.6031	0.0833	4.3905	0.2222	2.8098	0.3333		0.2024
3.7004	0.1944	2.4108	0.1944	3.3696	0.1667	2.7664	0.1389	4.3836	0.0833	4.2514	0.1667	2.8544	0.1944		0.1627
fc6_linear_accuracy:0.2738

fc6_rbf
Giang		Hai  		Long 		Minh 		Thuan		Thuy 		Tuyen		Final accuracy
loss	acc 	loss	acc 	loss	acc 	loss	acc 	loss	acc 	loss	acc 	loss	acc 	
3.3570	0.1389	3.9978	0.1667	2.8091	0.1111	3.2847	0.2778	3.7195	0.1667	4.1042	0.1667	2.9218	0.1667		0.1706
2.4069	0.1944	2.5400	0.2222	1.9295	0.3056	3.4333	0.1667	4.5925	0.0833	2.6753	0.3056	2.0289	0.4167		0.2421
2.0038	0.3611	1.7161	0.4167	1.7188	0.4167	2.9589	0.2778	2.7094	0.2500	2.0921	0.3333	1.9066	0.3611		0.3452
2.1915	0.2778	1.6223	0.5278	2.3699	0.2778	2.2880	0.2778	2.7338	0.1944	2.1380	0.3333	3.0335	0.1389		0.2897
2.4204	0.3056	1.6536	0.4722	2.2657	0.2778	2.2301	0.3333	2.9250	0.1389	2.5632	0.3333	3.0477	0.1944		0.2937
2.3102	0.3611	1.7299	0.3889	2.2860	0.3889	2.1533	0.3333	2.7900	0.1389	2.3668	0.2500	2.2108	0.3889		0.3214
fc6_rbf_accuracy:0.3770

fc7_linear
Giang		Hai  		Long 		Minh 		Thuan		Thuy 		Tuyen		Final accuracy
loss	acc 	loss	acc 	loss	acc 	loss	acc 	loss	acc 	loss	acc 	loss	acc 	
5.1750	0.1111	4.1842	0.1944	3.0217	0.0833	4.6052	0.1111	5.4222	0.0833	4.1487	0.1667	4.5995	0.1667		0.1310
4.0697	0.2222	2.6444	0.2500	2.5707	0.2778	4.1998	0.0556	5.3828	0.0000	2.9417	0.2778	3.0255	0.4167		0.2143
3.6751	0.2222	2.5188	0.2778	2.4267	0.3889	3.4016	0.2500	4.3477	0.0833	2.6918	0.3333	3.1531	0.2500		0.2579
3.2370	0.1944	2.6904	0.2778	2.6296	0.2500	3.2784	0.0833	3.7077	0.0833	2.6509	0.3611	3.0703	0.2500		0.2143
3.2445	0.1944	2.4784	0.2222	2.5949	0.3056	3.4726	0.1111	3.4050	0.0833	2.7978	0.3056	2.3473	0.2500		0.2103
3.1030	0.1389	2.5876	0.2778	2.7416	0.2500	3.3637	0.1667	3.4793	0.0833	2.6385	0.3056	2.3416	0.3333		0.2222
fc7_linear_accuracy:0.2857

fc7_rbf
Giang		Hai  		Long 		Minh 		Thuan		Thuy 		Tuyen		Final accuracy
loss	acc 	loss	acc 	loss	acc 	loss	acc 	loss	acc 	loss	acc 	loss	acc 	
3.0316	0.1944	2.6306	0.2778	2.1602	0.2500	3.4201	0.1389	3.4055	0.1389	2.4168	0.3611	3.0627	0.2500		0.2302
3.2314	0.2222	1.6537	0.5000	2.0643	0.2500	2.5820	0.2500	2.4068	0.3056	2.0997	0.3333	2.2636	0.3056		0.3095
2.3569	0.2222	1.6439	0.4722	1.8583	0.3611	2.4641	0.2222	2.6446	0.2778	1.9785	0.4167	2.2879	0.3889		0.3373
2.4824	0.1944	1.7130	0.4444	1.9471	0.3611	2.3814	0.1944	2.9987	0.1944	1.9656	0.3056	2.2950	0.2778		0.2817
2.5587	0.2500	1.8544	0.4722	2.0548	0.4167	2.4401	0.1389	3.3341	0.1944	2.0915	0.3611	2.2391	0.3611		0.3135
2.6299	0.2500	1.6728	0.4167	2.0997	0.3611	2.3974	0.2222	3.1477	0.1389	2.1350	0.3889	2.2982	0.3056		0.2976
fc7_rbf_accuracy:0.3611

prob
Giang		Hai  		Long 		Minh 		Thuan		Thuy 		Tuyen		Final accuracy
loss	acc 	loss	acc 	loss	acc 	loss	acc 	loss	acc 	loss	acc 	loss	acc 	
2.4415	0.1667	2.3977	0.2500	2.4222	0.1667	2.4663	0.1111	2.5125	0.0833	2.4319	0.0833	2.4429	0.1389		0.1429
2.0578	0.1667	1.7518	0.3611	1.9761	0.3333	2.2866	0.1667	2.9152	0.1389	1.9403	0.1667	2.1184	0.2500		0.2262
2.9497	0.2500	1.8194	0.3611	1.8128	0.4722	2.6930	0.1667	2.8333	0.2222	1.8542	0.3333	2.6088	0.2778		0.2976
3.0544	0.2500	1.7202	0.3611	2.4698	0.2778	2.9769	0.1667	3.8325	0.1111	2.5601	0.2500	3.2046	0.2500		0.2381
3.4315	0.1944	2.5047	0.2500	2.2800	0.3056	2.8722	0.1944	3.7404	0.1389	3.1370	0.2500	3.9125	0.2500		0.2262
3.3932	0.2222	2.0683	0.3333	2.7354	0.2778	2.8598	0.1667	4.0925	0.1389	3.0875	0.2500	3.4125	0.2500		0.2341
prob_accuracy:0.3016

