    12      1      0      0      2      2      0      0      0      1      0      0
     0     11      0      0      0      0      0      0      0      7      0      0
     0      0     10      0      0      0      6      1      0      0      0      1
     0      0      0     14      2      0      0      0      0      0      1      1
     0      0      0      0      9      0      1      0      0      0      3      5
     0      0      0      0      1     12      4      0      0      0      0      1
     0      0      0      0      0      0     18      0      0      0      0      0
     0      1      0      0      0      0      0     16      0      1      0      0
     0      3      0      0      0      0      0      0     11      4      0      0
     0      0      0      0      0      0      0      0      0     18      0      0
     0      0      0      3      0      0      0      1      0      0     12      2
     0      0      0      0      2      0      0      0      0      0      3     13
