    18      0      0      0      0      0      0      0      0      0      0      0
     0      2      0      0      0      0      0      2      0     14      0      0
     0      0     18      0      0      0      0      0      0      0      0      0
     0      0      0     18      0      0      0      0      0      0      0      0
     0      0      0      0     18      0      0      0      0      0      0      0
     0      0      0      0      0     18      0      0      0      0      0      0
     0      0      0      0      0      0     18      0      0      0      0      0
     0      0      0      0      0      0      0     16      1      1      0      0
     0      0      0      0      0      0      0      0     17      1      0      0
     0      0      0      0      0      0      0      0      0     18      0      0
     0      0      0      4      2      0      0      0      0      0     11      1
     0      0      0      0     15      0      0      0      0      0      0      3
