    90      0      0      0      0      0      0      0      0      0      0      0
     0     83      0      0      0      0      0      0      0      7      0      0
     0      0     90      0      0      0      0      0      0      0      0      0
     0      0      0     81      0      0      0      0      0      0      9      0
     0      0      0      0     76      0      0      0      0      0      0     14
     0      0      0      0      0     90      0      0      0      0      0      0
     0      0      0      0      0      0     90      0      0      0      0      0
     0      0      0      0      0      0      0     90      0      0      0      0
     0      0      0      0      0      0      0      0     90      0      0      0
     0      5      0      0      0      0      0      0      0     85      0      0
     0      0      0      4      0      0      0      0      0      0     86      0
     0      0      0      0      7      0      0      0      0      0      0     83
