    90      0      0      0      0      0      0      0      0      0      0      0
     0     79      0      0      0      0      0      0      0     11      0      0
     0      0     90      0      0      0      0      0      0      0      0      0
     0      0      0     84      0      0      0      0      0      0      6      0
     0      0      0      0     62      0      0      0      0      0      0     28
     0      0      0      0      0     88      2      0      0      0      0      0
     0      0      0      0      0      0     90      0      0      0      0      0
     0      0      0      0      0      0      0     90      0      0      0      0
     0      0      0      0      0      0      0      0     87      3      0      0
     0      0      0      0      0      0      0      0      0     90      0      0
     0      0      0      5      0      0      0      0      0      0     85      0
     0      0      0      0      5      0      0      0      0      0      0     85
