     0      9      0      3      0      0      0      0      0      0      6      0
     0     18      0      0      0      0      0      0      0      0      0      0
     0      0     18      0      0      0      0      0      0      0      0      0
     0      0      0     12      0      0      0      0      0      0      3      3
     0      0      0      3     11      0      0      0      0      0      0      4
     0      0      0      0      0      1     17      0      0      0      0      0
     0      0      0      0      0      0     18      0      0      0      0      0
     0     16      0      0      0      0      0      0      2      0      0      0
     0      2      0      0      0      0      0      0     16      0      0      0
     0     16      0      0      0      0      0      0      2      0      0      0
     0      0      0      6      0      0      0      0      0      0      9      3
     0      0      0      0      9      0      0      0      0      0      2      7
