    15      0      0      0      0      0      0      0      0      0      0      0
     0     15      0      0      0      0      0      0      0      0      0      0
     0      0     15      0      0      0      0      0      0      0      0      0
     0      0      0     10      0      0      0      0      0      0      5      0
     0      0      0      0      7      0      0      0      0      0      0      8
     0      0      0      0      0     14      1      0      0      0      0      0
     0      0      0      0      0      0     15      0      0      0      0      0
     0      0      0      0      0      0      0     13      1      1      0      0
     0      0      0      0      0      0      0      0     15      0      0      0
     0      3      0      0      0      0      0      3      0      9      0      0
     0      0      0      0      0      0      0      0      0      0     15      0
     0      0      0      0      0      0      0      0      0      0      0     15
