output/result_backup/table_05Feb2019_original_pre_3_12gestures/K3_K3_2019-02-06_15.25

fc6_linear
Giang		Hai  		Long 		Minh 		Thuan		Thuy 		Tuyen		Final accuracy
loss	acc 	loss	acc 	loss	acc 	loss	acc 	loss	acc 	loss	acc 	loss	acc 	
0.8118	0.7778	1.0568	0.7222	0.5720	0.7778	0.9029	0.6944	4.1241	0.2778	1.1970	0.6111	1.3214	0.6111		0.6389
0.6436	0.7778	0.9137	0.7222	0.6181	0.6944	0.6868	0.7500	2.7528	0.4167	1.1244	0.6111	1.0911	0.7222		0.6706
0.7723	0.7500	0.8547	0.7222	0.6213	0.7778	1.0745	0.7500	2.8436	0.4167	0.9305	0.7500	1.0269	0.6667		0.6905
0.7882	0.7222	0.8346	0.6389	0.7167	0.7778	0.9781	0.7222	2.4779	0.4444	0.9638	0.8056	1.0662	0.6944		0.6865
0.8829	0.6667	0.7048	0.7222	0.7014	0.7778	0.9972	0.7222	2.3597	0.3889	0.9118	0.8889	1.0739	0.7222		0.6984
0.8313	0.6944	0.6023	0.7778	0.6380	0.8056	0.8700	0.7222	2.5064	0.4167	0.9005	0.9167	1.0530	0.7500		0.7262
fc6_linear_accuracy:0.7460

fc6_rbf
Giang		Hai  		Long 		Minh 		Thuan		Thuy 		Tuyen		Final accuracy
loss	acc 	loss	acc 	loss	acc 	loss	acc 	loss	acc 	loss	acc 	loss	acc 	
1.1302	0.5833	0.8356	0.6667	0.7677	0.7500	1.0603	0.5833	2.1836	0.4167	0.9857	0.6389	1.0580	0.6111		0.6071
0.9673	0.6944	0.8466	0.7500	0.7647	0.7500	0.8367	0.6944	1.6447	0.5278	0.8024	0.7500	1.1071	0.6667		0.6905
0.8433	0.6389	0.9098	0.6667	0.7323	0.7778	0.8501	0.6389	1.7560	0.5000	0.7750	0.8056	1.0387	0.5556		0.6548
0.8681	0.5833	0.7979	0.7222	0.6807	0.7778	0.8265	0.6667	1.6301	0.5556	0.7176	0.7500	1.0322	0.5833		0.6627
0.8990	0.6667	0.8591	0.6389	0.7196	0.7500	0.7796	0.7222	1.7314	0.5833	0.6355	0.9167	0.9490	0.6944		0.7103
0.8888	0.6667	0.7049	0.6944	0.6788	0.7778	0.7755	0.6944	1.8611	0.5833	0.6218	0.8611	0.9451	0.6944		0.7103
fc6_rbf_accuracy:0.7341

fc7_linear
Giang		Hai  		Long 		Minh 		Thuan		Thuy 		Tuyen		Final accuracy
loss	acc 	loss	acc 	loss	acc 	loss	acc 	loss	acc 	loss	acc 	loss	acc 	
1.0226	0.7222	0.8984	0.7500	0.5036	0.7500	0.7384	0.7222	3.5835	0.3889	1.1602	0.6944	1.1048	0.6111		0.6627
0.7925	0.8056	0.6920	0.7222	0.5778	0.7778	0.7630	0.7778	2.7916	0.4167	0.9340	0.7222	0.9075	0.7500		0.7103
0.7211	0.8056	0.6790	0.7500	0.6229	0.7778	0.8689	0.7500	2.6508	0.4167	0.8561	0.7778	0.9953	0.6389		0.7024
0.9623	0.6944	0.6394	0.7778	0.8125	0.7778	0.8721	0.7500	2.3955	0.5556	0.8349	0.8333	1.0080	0.7222		0.7302
0.9403	0.6944	0.6522	0.7222	0.6867	0.7222	0.7791	0.7500	2.5024	0.4722	0.8504	0.7778	0.9638	0.7500		0.6984
0.9820	0.6667	0.5506	0.8056	0.6848	0.7778	0.7047	0.7778	2.5685	0.4444	0.7911	0.8333	0.9838	0.7500		0.7222
fc7_linear_accuracy:0.7579

fc7_rbf
Giang		Hai  		Long 		Minh 		Thuan		Thuy 		Tuyen		Final accuracy
loss	acc 	loss	acc 	loss	acc 	loss	acc 	loss	acc 	loss	acc 	loss	acc 	
1.0804	0.5278	0.8782	0.7778	0.8144	0.6944	1.0153	0.5833	2.0033	0.4444	0.8747	0.6944	1.0750	0.5556		0.6111
0.9703	0.7222	0.8466	0.7500	0.7926	0.7778	0.9169	0.6389	1.6071	0.5000	0.8699	0.7778	1.0271	0.6667		0.6905
0.8102	0.7778	0.8826	0.6389	0.7593	0.7778	0.8804	0.6667	1.6796	0.5278	0.6609	0.8056	0.9704	0.5833		0.6825
0.8268	0.6944	0.7592	0.7222	0.7070	0.7500	0.7961	0.7222	1.6682	0.5556	0.6728	0.7500	0.9897	0.6944		0.6984
0.8599	0.6389	0.8109	0.6389	0.6650	0.7500	0.7732	0.6944	1.9513	0.5833	0.6205	0.7778	0.8719	0.6389		0.6746
0.8920	0.6389	0.6936	0.7222	0.6441	0.7778	0.7960	0.7222	1.7091	0.6111	0.5793	0.8333	0.9147	0.6667		0.7103
fc7_rbf_accuracy:0.7421

prob
Giang		Hai  		Long 		Minh 		Thuan		Thuy 		Tuyen		Final accuracy
loss	acc 	loss	acc 	loss	acc 	loss	acc 	loss	acc 	loss	acc 	loss	acc 	
1.4335	0.5278	1.3270	0.5000	1.1926	0.5556	1.3226	0.4444	2.5040	0.1389	1.2045	0.5278	1.3938	0.5000		0.4563
0.9625	0.5833	0.8251	0.6667	0.5363	0.8056	0.6617	0.6389	2.9024	0.4722	0.8282	0.6111	0.6239	0.6944		0.6389
0.9319	0.5833	0.7358	0.7500	0.5014	0.8056	0.5480	0.7500	3.3725	0.3889	0.5601	0.7222	1.0763	0.5833		0.6548
0.7334	0.6667	0.6953	0.7500	0.4612	0.7778	0.4838	0.7500	3.3734	0.4444	0.6060	0.6944	1.4662	0.5833		0.6667
1.1074	0.5833	0.7208	0.7222	0.5143	0.7500	0.6281	0.7500	3.5508	0.4444	0.4984	0.8056	1.2109	0.6667		0.6746
0.9109	0.6667	0.5715	0.6944	0.4544	0.8056	0.6467	0.6667	3.6701	0.5000	0.4133	0.7778	1.1171	0.7222		0.6905
prob_accuracy:0.7143

