output/experiments/K1_K1_24-01-2019_23.46.14_num_frm_12_86.27%

fc6_linear
Binh 		Giang		Hung 		Tan  		Thuan		Final accuracy
loss	acc 	loss	acc 	loss	acc 	loss	acc 	loss	acc 	
1.1728	0.6286	2.0205	0.7048	0.3438	0.8968	0.4413	0.8571	0.4868	0.8750		0.7924
1.0178	0.6714	1.4615	0.7048	0.2970	0.9226	0.2246	0.9143	0.1878	0.9667		0.8359
1.0194	0.6571	1.2189	0.7048	0.2855	0.9226	0.1585	0.9524	0.1728	0.9667		0.8407
0.9310	0.7214	1.2659	0.7143	0.2901	0.9226	0.1674	0.9524	0.1621	0.9667		0.8555
0.8907	0.7286	1.2243	0.7143	0.2777	0.9226	0.1442	0.9524	0.1610	0.9667		0.8569
0.8577	0.7357	1.2056	0.7143	0.2807	0.9226	0.1441	0.9524	0.1655	0.9667		0.8583
0.8609	0.7286	1.2146	0.7143	0.2722	0.9226	0.1437	0.9524	0.1621	0.9667		0.8569
fc6_linear_accuracy:0.8583

fc6_rbf
Binh 		Giang		Hung 		Tan  		Thuan		Final accuracy
loss	acc 	loss	acc 	loss	acc 	loss	acc 	loss	acc 	
0.7319	0.7786	1.9307	0.7143	0.2694	0.9290	0.4100	0.8381	0.4157	0.8833		0.8287
0.6944	0.7929	1.5804	0.7143	0.2740	0.9355	0.1978	0.9048	0.2896	0.9500		0.8595
0.8103	0.7643	1.3485	0.7143	0.2628	0.9355	0.1496	0.9524	0.2523	0.9583		0.8650
0.8227	0.7286	1.3990	0.7048	0.2724	0.9355	0.1631	0.9238	0.2285	0.9500		0.8485
0.7099	0.7714	1.3193	0.7238	0.3146	0.9226	0.1462	0.9524	0.2259	0.9583		0.8657
0.7043	0.7714	1.3093	0.7238	0.6445	0.8323	0.1395	0.9619	0.2227	0.9500		0.8479
0.7301	0.7571	1.3136	0.7238	0.4878	0.8645	0.1497	0.9524	0.2222	0.9583		0.8512
fc6_rbf_accuracy:0.8657

fc7_linear
Binh 		Giang		Hung 		Tan  		Thuan		Final accuracy
loss	acc 	loss	acc 	loss	acc 	loss	acc 	loss	acc 	
0.8905	0.7214	1.5367	0.7905	0.1756	0.9548	0.2903	0.9238	0.4010	0.9333		0.8648
0.5637	0.8143	1.0522	0.8095	0.1276	0.9677	0.1365	0.9524	0.2149	0.9500		0.8988
0.5511	0.8071	0.9235	0.8095	0.1208	0.9613	0.1061	0.9619	0.1814	0.9500		0.8980
0.5486	0.8071	0.9971	0.8095	0.1232	0.9613	0.1113	0.9619	0.1631	0.9583		0.8996
0.5446	0.8143	0.9147	0.8095	0.1128	0.9613	0.1061	0.9619	0.1648	0.9750		0.9044
0.5472	0.8143	0.9106	0.8095	0.1105	0.9613	0.1095	0.9619	0.1647	0.9750		0.9044
0.5406	0.8000	0.9142	0.8095	0.1098	0.9613	0.1107	0.9619	0.1647	0.9750		0.9015
fc7_linear_accuracy:0.9044

fc7_rbf
Binh 		Giang		Hung 		Tan  		Thuan		Final accuracy
loss	acc 	loss	acc 	loss	acc 	loss	acc 	loss	acc 	
1.0175	0.7214	1.6361	0.8000	0.1099	0.9742	0.1931	0.9048	0.2781	0.9500		0.8701
0.6240	0.8000	1.2200	0.8095	0.1057	0.9742	0.1337	0.9524	0.1918	0.9500		0.8972
0.6167	0.7929	1.0677	0.8095	0.1014	0.9677	0.1103	0.9619	0.1656	0.9583		0.8981
0.6167	0.8000	1.1076	0.8095	0.1029	0.9677	0.0987	0.9714	0.1527	0.9750		0.9047
0.6162	0.8071	1.0432	0.8095	0.1020	0.9677	0.1024	0.9619	0.1524	0.9750		0.9043
0.6166	0.8000	1.0254	0.8095	0.1000	0.9677	0.1005	0.9619	0.1510	0.9750		0.9028
0.6135	0.8143	1.0237	0.8095	0.1018	0.9677	0.1010	0.9619	0.1504	0.9750		0.9057
fc7_rbf_accuracy:0.9057

prob
Binh 		Giang		Hung 		Tan  		Thuan		Final accuracy
loss	acc 	loss	acc 	loss	acc 	loss	acc 	loss	acc 	
0.5591	0.8000	1.0345	0.6762	0.2490	0.9161	0.4507	0.8952	0.4590	0.8333		0.8242
0.6361	0.7214	1.8904	0.6000	0.1688	0.9613	0.1541	0.9524	0.1572	0.9500		0.8370
0.6617	0.7286	1.5560	0.7238	0.1285	0.9613	0.2051	0.9143	0.1968	0.9417		0.8539
0.7874	0.7071	1.3653	0.7810	0.1602	0.9613	0.1479	0.9143	0.1806	0.9500		0.8627
0.7630	0.7143	1.3709	0.7524	0.1535	0.9548	0.1503	0.9333	0.1528	0.9500		0.8610
0.8143	0.6929	1.4684	0.7143	0.1344	0.9548	0.1369	0.9429	0.1202	0.9500		0.8510
0.8077	0.7000	1.4109	0.7524	0.1404	0.9613	0.1298	0.9333	0.1198	0.9583		0.8611
prob_accuracy:0.8627

