     0      3      0      5      7      0      0      0      3      0      0      0
     0     18      0      0      0      0      0      0      0      0      0      0
     0      0     16      1      1      0      0      0      0      0      0      0
     0      0      0     18      0      0      0      0      0      0      0      0
     0      0      1      2     15      0      0      0      0      0      0      0
     0      0      1      3      3      9      1      0      1      0      0      0
     0      0      0      6      0      2      9      0      1      0      0      0
     0     18      0      0      0      0      0      0      0      0      0      0
     0     18      0      0      0      0      0      0      0      0      0      0
     0     17      0      0      0      0      0      0      0      1      0      0
     0      2      0     16      0      0      0      0      0      0      0      0
     0      0      2      1      9      0      0      0      0      0      0      6
