    45      0      0      0      0      0      0      0      0      0      0      0
     0     38      4      0      0      0      0      0      0      3      0      0
     0      1     43      1      0      0      0      0      0      0      0      0
     1      0      1     41      0      0      0      0      0      0      2      0
     0      0      0      0     40      0      0      0      0      0      0      5
     0      2      0      0      0     41      2      0      0      0      0      0
     0      0      0      0      0      1     44      0      0      0      0      0
     0      0      0      0      0      0      0     45      0      0      0      0
     0      0      0      0      0      0      0      0     45      0      0      0
     0      0      0      0      0      0      0      0      0     45      0      0
     1      0      0      3      0      0      0      0      0      0     41      0
     0      0      0      0      1      0      0      0      0      0      0     44
