    45      0      0      0      0      0      0      0      0      0      0      0
     0     23      3      1      0      1      0      0      0     17      0      0
     0      0     42      2      0      0      0      1      0      0      0      0
     1      0      0     44      0      0      0      0      0      0      0      0
     0      0      0      0     45      0      0      0      0      0      0      0
     0      0      0      1      0     44      0      0      0      0      0      0
     0      0      0      0      0      0     45      0      0      0      0      0
     0      0      0      0      0      0      0     44      0      1      0      0
     0      0      0      0      0      0      0      0     45      0      0      0
     0      0      0      0      0      0      0      0      0     45      0      0
     1      0      0      3      0      0      0      0      0      0     41      0
     0      0      0      0      3      0      0      0      0      0      0     42
