    12      0      0      3      0      0      0      0      0      0      0      0
     0      4      0      0      0      0      0      0      0     11      0      0
     0      0      9      3      0      0      2      1      0      0      0      0
     0      0      0     13      0      0      1      1      0      0      0      0
     0      0      0      3      7      1      0      0      1      0      0      3
     0      0      0      2      1      6      3      0      1      0      0      2
     0      0      0      6      1      3      3      0      2      0      0      0
     0      1      0      0      0      0      1      0      2     11      0      0
     0      0      0      0      0      0      0      0      3     12      0      0
     0      1      0      0      0      0      0      0      0     14      0      0
     0      0      0     14      1      0      0      0      0      0      0      0
     0      0      0      2      4      0      0      0      0      1      0      8
