    11      0      0      0      0      1      0      0      3      3      0      0
     0      0      0      0      0      0      0      0      2     16      0      0
     0      0     12      0      0      0      5      0      1      0      0      0
     0      0      0      6      1      0      1      0      0      0      8      2
     0      0      0      3      8      1      0      0      0      0      0      6
     0      0      0      0      0     11      3      0      4      0      0      0
     0      0      0      0      0      0     18      0      0      0      0      0
     0      0      0      0      0      0      0      0      4     14      0      0
     0      0      0      0      0      0      0      0      8     10      0      0
     0      0      0      0      0      0      0      0      0     18      0      0
     0      0      0      6      0      0      0      0      0      0      9      3
     1      0      0      3      4      3      0      0      1      0      0      6
