    90      0      0      0      0      0      0      0      0      0      0      0
     0     74      0      0      0      0      0      0      2     14      0      0
     0      0     90      0      0      0      0      0      0      0      0      0
     0      0      0     77      0      0      0      0      0      0     13      0
     0      0      0      0     82      0      0      0      0      0      0      8
     0      0      0      0      0     85      5      0      0      0      0      0
     0      0      0      0      0      0     90      0      0      0      0      0
     0      0      0      0      0      0      0     87      0      3      0      0
     0      7      0      0      0      0      0      0     79      4      0      0
     0     12      0      0      0      0      0      0      3     75      0      0
     0      0      0     17      1      0      0      0      0      0     70      2
     0      0      0      0      6      0      0      0      0      0      0     84
