    90      0      0      0      0      0      0      0      0      0      0      0
     0     72      0      0      0      0      0      1      2     15      0      0
     0      0     90      0      0      0      0      0      0      0      0      0
     0      0      0     67      0      0      0      0      0      0     23      0
     0      0      0      0     83      0      0      0      0      0      0      7
     0      0      0      0      0     83      7      0      0      0      0      0
     0      0      0      0      0      1     89      0      0      0      0      0
     0      1      0      0      0      0      0     84      0      5      0      0
     0      9      0      0      0      0      0      1     74      6      0      0
     0     14      0      0      0      0      0      1      3     72      0      0
     0      0      0     10      1      0      0      0      0      0     75      4
     0      0      0      0     15      0      0      0      0      0      0     75
