    90      0      0      0      0      0      0      0      0      0      0      0
     5     61      0      0      0      0      0      0      5     19      0      0
     0      0     90      0      0      0      0      0      0      0      0      0
     0      0      0     84      0      0      0      0      0      0      0      6
     1      0      0      0     19      0      0      0      0      0      0     70
     0      0      0      0      0     84      6      0      0      0      0      0
     0      0      0      0      0      8     82      0      0      0      0      0
     0     15      0      0      1      0      0     49     12      9      0      4
     0     15      0      0      0      0      0      0     65     10      0      0
     0     12      0      0      0      0      0      0      1     77      0      0
     0      0      0     62      0      0      0      0      0      0     11     17
     0      0      0      0      0      0      0      0      0      0      0     90
