    43      0      0      0      0      1      0      0      0      0      1      0
     0     38      4      1      0      0      0      1      0      1      0      0
     0      0     43      2      0      0      0      0      0      0      0      0
     0      0      1     38      0      0      0      0      0      0      6      0
     0      0      0      0     27      0      0      0      0      0      0     18
     0      0      0      1      0     43      1      0      0      0      0      0
     0      0      0      0      0      0     45      0      0      0      0      0
     0      1      0      0      0      0      0     44      0      0      0      0
     0      0      0      0      0      0      0      0     45      0      0      0
     0      3      0      0      0      0      0      0      1     41      0      0
     0      0      0      0      0      0      0      0      0      0     45      0
     0      0      0      0      0      0      0      0      0      0      0     45
