    18      0      0      0      0      0      0      0      0      0      0      0
     0     15      0      0      0      0      1      0      0      2      0      0
     0      0      9      0      0      0      9      0      0      0      0      0
     0      0      0     11      1      0      0      0      0      0      6      0
     0      0      0      0     18      0      0      0      0      0      0      0
     0      0      0      0      0     14      4      0      0      0      0      0
     0      0      0      0      0      0     18      0      0      0      0      0
     0      1      0      0      0      0      0     17      0      0      0      0
     0      1      0      0      0      0      0      0     17      0      0      0
     0      1      0      0      0      0      0      0      0     17      0      0
     0      0      0      0      0      0      0      0      0      0     18      0
     0      0      0      0      7      0      0      0      0      0      3      8
