    90      0      0      0      0      0      0      0      0      0      0      0
     0     72      0      0      0      0      0      0      4     14      0      0
     0      0     90      0      0      0      0      0      0      0      0      0
     0      0      0     73      0      0      0      0      0      0     17      0
     0      0      0      0     78      0      0      0      0      0      0     12
     0      0      0      0      0     88      2      0      0      0      0      0
     0      0      0      0      0      1     89      0      0      0      0      0
     0      2      0      0      0      0      0     87      0      1      0      0
     0      4      0      0      0      0      0      3     77      6      0      0
     0      8      0      0      0      0      0      1      1     80      0      0
     0      0      0     13      0      0      0      0      0      0     77      0
     0      0      0      0      4      0      0      0      0      0      0     86
