    90      0      0      0      0      0      0      0      0      0      0      0
     0     90      0      0      0      0      0      0      0      0      0      0
     0      0     90      0      0      0      0      0      0      0      0      0
     0      0      0     87      0      0      0      0      0      0      3      0
     0      0      0      0     90      0      0      0      0      0      0      0
     0      0      0      0      0     90      0      0      0      0      0      0
     0      0      0      0      0      0     90      0      0      0      0      0
     0      0      0      0      0      0      0     90      0      0      0      0
     0      0      0      0      0      0      0      0     90      0      0      0
     0      0      0      0      0      0      0      0      0     90      0      0
     0      0      0      0      0      0      0      0      0      0     90      0
     0      0      0      0      0      0      0      0      0      0      0     90
