    90      0      0      0      0      0      0      0      0      0      0      0
     3     23      0      0      1      0      0      0      0     62      0      1
     0      0     90      0      0      0      0      0      0      0      0      0
     0      0      0     68      0      0      0      0      0      0     12     10
     0      0      0      1     26      0      1      0      0      0      0     62
     0      0      0      0      0     85      5      0      0      0      0      0
     0      0      0      0      0      1     89      0      0      0      0      0
     0      6      0      0      1      0      0     31     12     39      0      1
     0      0      0      0      0      0      0      0     41     49      0      0
     0      0      0      0      0      0      0      0      0     90      0      0
     0      0      0     45      0      0      0      0      0      0     35     10
     0      0      0      0      6      0      0      0      0      0      0     84
