output/result/table_2019_02_16_12gestures_6_subjects/K3_K5_2019-02-17_20.21

fc6_linear
Giang		Hai  		Long 		Minh 		Thuy 		Tuyen		Final accuracy
loss	acc 	loss	acc 	loss	acc 	loss	acc 	loss	acc 	loss	acc 	
2.5670	0.3056	2.5058	0.3611	3.4750	0.2778	2.8720	0.4167	2.4911	0.4444	3.0343	0.5000		0.3843
2.5829	0.2778	2.3467	0.3889	2.5418	0.4167	2.4463	0.4167	2.7235	0.5000	3.3394	0.1944		0.3657
2.2713	0.4444	2.2753	0.3333	2.7725	0.1667	2.1531	0.3889	2.4142	0.5278	2.6445	0.3889		0.3750
2.2291	0.4444	2.1705	0.3889	3.4150	0.1944	3.5172	0.2500	2.0624	0.5833	2.5468	0.3333		0.3657
1.6970	0.5556	1.8805	0.3889	2.4331	0.2778	1.6787	0.3889	1.9219	0.5833	2.2708	0.3611		0.4259
1.7867	0.5278	2.0855	0.4167	2.4586	0.1944	1.8415	0.3889	1.8394	0.6667	2.3252	0.3611		0.4259
1.7461	0.5278	2.0080	0.3889	2.5726	0.1667	1.6698	0.4444	1.7538	0.6944	2.3440	0.3611		0.4306
fc6_linear_accuracy:0.5046

fc6_rbf
Giang		Hai  		Long 		Minh 		Thuy 		Tuyen		Final accuracy
loss	acc 	loss	acc 	loss	acc 	loss	acc 	loss	acc 	loss	acc 	
2.5965	0.2500	2.1852	0.3611	2.7605	0.1667	2.2662	0.5556	2.8314	0.3611	2.5571	0.3333		0.3380
2.4292	0.3611	1.7691	0.5000	1.7644	0.4167	1.8837	0.4722	1.7919	0.4722	2.4485	0.2500		0.4120
2.1353	0.5000	2.0001	0.4444	1.7006	0.3889	1.6045	0.4444	1.7514	0.5833	2.1160	0.3333		0.4491
2.0534	0.5556	1.5514	0.4722	2.0899	0.2778	2.1946	0.3056	1.7111	0.5278	2.1229	0.3333		0.4120
1.9866	0.4444	1.5808	0.5278	1.4856	0.5278	1.5217	0.4722	1.5012	0.6111	1.8951	0.3889		0.4954
2.0361	0.4444	2.4054	0.4167	1.5091	0.5833	1.3337	0.4444	1.5083	0.6667	1.8990	0.4167		0.4954
1.8951	0.4722	2.1279	0.2500	1.5133	0.5278	1.2891	0.4444	1.4692	0.6667	1.8888	0.3889		0.4583
fc6_rbf_accuracy:0.5509

fc7_linear
Giang		Hai  		Long 		Minh 		Thuy 		Tuyen		Final accuracy
loss	acc 	loss	acc 	loss	acc 	loss	acc 	loss	acc 	loss	acc 	
2.8504	0.3056	2.4662	0.4167	2.2998	0.4167	2.2277	0.5278	2.1742	0.4722	3.4552	0.3333		0.4120
2.4733	0.3889	1.9896	0.4444	2.2894	0.4722	2.1542	0.5000	2.0428	0.5833	2.7353	0.4167		0.4676
2.2826	0.4167	1.9247	0.3611	2.1216	0.2500	2.2895	0.3889	1.7879	0.7222	2.5507	0.4167		0.4259
2.4168	0.2778	1.8390	0.4722	2.3483	0.1667	2.2776	0.4444	1.7730	0.6389	2.3475	0.3056		0.3843
3.7773	0.2500	1.6829	0.4444	1.9908	0.3333	2.0862	0.4167	1.7035	0.6111	2.2143	0.3333		0.3981
1.8617	0.5000	1.7140	0.5000	1.8442	0.3611	1.9517	0.4167	1.6692	0.7222	2.1958	0.3333		0.4722
1.8451	0.5000	1.6666	0.4167	2.0294	0.3611	1.8657	0.4444	1.5975	0.6944	2.2640	0.3333		0.4583
fc7_linear_accuracy:0.5231

fc7_rbf
Giang		Hai  		Long 		Minh 		Thuy 		Tuyen		Final accuracy
loss	acc 	loss	acc 	loss	acc 	loss	acc 	loss	acc 	loss	acc 	
2.4323	0.3611	2.3355	0.3889	2.0766	0.4444	1.9012	0.6389	1.8251	0.5000	2.4627	0.4167		0.4583
2.3209	0.3889	1.8770	0.3889	1.8576	0.5278	1.7988	0.4722	1.9605	0.4167	2.4053	0.4167		0.4352
2.2053	0.4444	1.6896	0.4722	1.7994	0.4167	1.7047	0.5000	1.7996	0.5278	2.2071	0.3889		0.4583
2.1493	0.5000	1.5225	0.6389	1.7536	0.4722	1.5443	0.4722	1.5805	0.5278	2.1015	0.3611		0.4954
2.6920	0.2778	1.5245	0.3889	1.6142	0.5556	1.4306	0.4444	1.4039	0.6944	1.9622	0.3333		0.4491
2.0107	0.4444	1.6498	0.5000	1.4771	0.5000	1.3748	0.5278	1.3552	0.7222	1.9255	0.3333		0.5046
1.9122	0.5000	1.5391	0.5278	1.5202	0.5556	1.2748	0.5000	1.3904	0.5833	1.9629	0.3333		0.5000
fc7_rbf_accuracy:0.5787

prob
Giang		Hai  		Long 		Minh 		Thuy 		Tuyen		Final accuracy
loss	acc 	loss	acc 	loss	acc 	loss	acc 	loss	acc 	loss	acc 	
1.6177	0.4167	1.8854	0.3333	1.4731	0.5278	1.5802	0.3611	1.3762	0.5278	1.6721	0.3889		0.4259
1.6569	0.5000	1.4829	0.3611	1.2374	0.5000	1.5037	0.4444	1.1337	0.6667	1.9088	0.3611		0.4722
1.6025	0.5833	1.4727	0.3611	1.4358	0.4444	1.2746	0.4722	1.3067	0.7222	2.0785	0.3889		0.4954
1.7127	0.6389	1.4002	0.5833	1.7255	0.4722	1.1958	0.5000	1.3151	0.7778	2.1284	0.4167		0.5648
1.9663	0.5556	1.4574	0.5000	1.3743	0.5556	1.1721	0.5000	1.5831	0.6944	2.1663	0.4444		0.5417
1.9202	0.6111	1.4247	0.4444	1.3105	0.5556	1.1391	0.4444	1.4918	0.7500	2.1111	0.4444		0.5417
1.9456	0.5556	1.4335	0.5278	1.3802	0.5556	1.0022	0.4722	1.4515	0.7500	2.0796	0.5000		0.5602
prob_accuracy:0.5926

