    18      0      0      0      0      0      0      0      0      0      0      0
     0     14      0      0      0      0      0      0      0      4      0      0
     0      0     18      0      0      0      0      0      0      0      0      0
     0      0      0     13      0      0      0      0      0      0      2      3
     0      0      0      1      0      0      0      0      0      0      2     15
     0      0      0      0      0     17      1      0      0      0      0      0
     0      0      0      0      0      1     17      0      0      0      0      0
     0      8      0      0      0      0      0      8      2      0      0      0
     0      1      0      0      0      0      0      0     17      0      0      0
     0      8      0      0      0      0      0      0      1      9      0      0
     0      0      0      2      0      0      0      0      0      0     13      3
     0      0      0      0      0      0      0      0      0      0      1     17
