     6      0      0      1      0      0      1      0      0      4      6      0
     0      1      0      0      0      0      0      0      0     17      0      0
     0      0     17      0      0      0      1      0      0      0      0      0
     0      0      0     13      0      0      1      0      0      0      2      2
     0      0      0      3     15      0      0      0      0      0      0      0
     0      0      0      0      0      0     18      0      0      0      0      0
     0      0      0      0      0      0     18      0      0      0      0      0
     0      2      0      0      0      0      0      4      0     12      0      0
     0      0      0      0      0      0      0      0      6     12      0      0
     0      0      0      0      0      0      0      0      0     18      0      0
     0      0      0      7      2      0      0      0      0      0      6      3
     0      0      0      0     11      0      0      0      0      0      0      7
