     0      2      0      1      1      9      2      0      0      3      0      0
     0     18      0      0      0      0      0      0      0      0      0      0
     0      0     18      0      0      0      0      0      0      0      0      0
     0      0      0     18      0      0      0      0      0      0      0      0
     0      0      0      0     18      0      0      0      0      0      0      0
     0      0      0      0      0     15      3      0      0      0      0      0
     0      0      3      0      0      4     11      0      0      0      0      0
     0      9      0      3      0      0      0      5      1      0      0      0
     0      3      0      0      0      0      0      0     15      0      0      0
     0     18      0      0      0      0      0      0      0      0      0      0
     0      0      0     18      0      0      0      0      0      0      0      0
     0      0      0      0     13      0      0      0      0      0      0      5
