output/result_backup/table_26Jan2019_fc6_1024_fc7_1024/K3_K5_2019-01-26_17.57

fc6_linear
Binh 		Giang		Hung 		Tan  		Thuan		Final accuracy
loss	acc 	loss	acc 	loss	acc 	loss	acc 	loss	acc 	
0.4687	0.8963	0.2197	0.9619	0.2278	0.9133	0.3722	0.8300	0.1679	0.9583		0.9120
0.2119	0.9185	0.1213	1.0000	0.2813	0.8733	0.2748	0.9200	0.1700	0.9500		0.9324
0.1633	0.9481	0.1195	1.0000	0.2890	0.8600	0.2707	0.9000	0.1755	0.9583		0.9333
0.1390	0.9630	0.1158	1.0000	0.2978	0.8600	0.2745	0.8800	0.1693	0.9667		0.9339
0.1290	0.9704	0.1110	1.0000	0.2947	0.8600	0.2708	0.9000	0.1695	0.9667		0.9394
0.1292	0.9630	0.1116	1.0000	0.3000	0.8533	0.2677	0.8800	0.1726	0.9500		0.9293
0.1308	0.9704	0.1112	1.0000	0.3058	0.8533	0.2691	0.8900	0.1731	0.9667		0.9361
fc6_linear_accuracy:0.9541

fc6_rbf
Binh 		Giang		Hung 		Tan  		Thuan		Final accuracy
loss	acc 	loss	acc 	loss	acc 	loss	acc 	loss	acc 	
0.3080	0.9037	0.3251	0.9143	0.3271	0.8267	0.3110	0.8800	0.4443	0.8500		0.8749
0.1691	0.9333	0.1655	0.9714	0.4403	0.8133	0.3213	0.8700	0.2359	0.9167		0.9010
0.1475	0.9481	0.2368	0.9429	0.3692	0.8133	0.4305	0.8400	0.5629	0.8167		0.8722
0.3130	0.9185	0.2389	0.9333	0.3863	0.8533	0.4931	0.8600	0.7323	0.8167		0.8764
0.1369	0.9630	0.4039	0.9143	0.2972	0.8600	0.3178	0.8700	0.2348	0.9417		0.9098
0.1345	0.9630	0.3614	0.9238	0.2967	0.8600	0.3160	0.8500	0.2372	0.9250		0.9044
0.1329	0.9630	0.3382	0.9429	0.2965	0.8600	0.3165	0.8700	0.2350	0.9333		0.9138
fc6_rbf_accuracy:0.9232

fc7_linear
Binh 		Giang		Hung 		Tan  		Thuan		Final accuracy
loss	acc 	loss	acc 	loss	acc 	loss	acc 	loss	acc 	
0.3615	0.9037	0.1731	0.9429	0.2657	0.8800	0.3268	0.8600	0.2793	0.8833		0.8940
0.1387	0.9630	0.1150	0.9905	0.3001	0.8533	0.3049	0.9000	0.2217	0.9250		0.9264
0.1267	0.9704	0.1127	1.0000	0.3197	0.8600	0.3005	0.9000	0.2202	0.9333		0.9327
0.1291	0.9704	0.1392	0.9810	0.3171	0.8600	0.3041	0.9000	0.2217	0.9167		0.9256
0.1237	0.9704	0.1097	1.0000	0.3138	0.8600	0.3013	0.9000	0.2204	0.9250		0.9311
0.1211	0.9704	0.1087	1.0000	0.3169	0.8600	0.3006	0.8800	0.2230	0.9167		0.9254
0.1203	0.9704	0.1088	1.0000	0.3170	0.8600	0.3028	0.8800	0.2210	0.9167		0.9254
fc7_linear_accuracy:0.9367

fc7_rbf
Binh 		Giang		Hung 		Tan  		Thuan		Final accuracy
loss	acc 	loss	acc 	loss	acc 	loss	acc 	loss	acc 	
0.2520	0.9185	0.1841	0.9714	0.2797	0.8800	0.2996	0.8700	0.3968	0.8333		0.8947
0.1433	0.9556	0.1115	0.9905	0.3177	0.8333	0.3030	0.8900	0.2288	0.9083		0.9155
0.1342	0.9556	0.1069	1.0000	0.3219	0.8267	0.3135	0.8900	0.2307	0.9167		0.9178
0.1361	0.9630	0.1594	1.0000	0.3259	0.8267	0.3014	0.8900	0.2257	0.9167		0.9193
0.1313	0.9630	0.1068	1.0000	0.3315	0.8400	0.2986	0.8900	0.2220	0.9167		0.9219
0.1334	0.9556	0.1156	1.0000	0.3244	0.8400	0.2979	0.8900	0.2217	0.9250		0.9221
0.1335	0.9556	0.1240	1.0000	0.3240	0.8400	0.2960	0.8900	0.2231	0.9167		0.9204
fc7_rbf_accuracy:0.9316

prob
Binh 		Giang		Hung 		Tan  		Thuan		Final accuracy
loss	acc 	loss	acc 	loss	acc 	loss	acc 	loss	acc 	
0.4507	0.9185	0.4655	0.9524	0.5080	0.8333	0.4715	0.9000	0.5663	0.7667		0.8742
0.1725	0.9556	0.1430	0.9905	0.4131	0.8133	0.3289	0.8700	0.2788	0.8750		0.9009
0.1520	0.9481	0.0859	0.9905	0.3563	0.8200	0.3019	0.8800	0.2937	0.8500		0.8977
0.1438	0.9481	0.0747	0.9905	0.3834	0.8133	0.2929	0.8900	0.2767	0.8583		0.9001
0.1411	0.9556	0.0662	0.9905	0.4742	0.7933	0.3111	0.8800	0.2736	0.8917		0.9022
0.1329	0.9481	0.0650	0.9905	0.4388	0.8000	0.3121	0.8800	0.2904	0.8833		0.9004
0.1338	0.9556	0.0647	0.9905	0.4224	0.8067	0.3038	0.8800	0.2895	0.8833		0.9032
prob_accuracy:0.9142

