    21      0      0      0      1     23      0      0      0      0      0      0
     0     12      0      0      0      2      0      0      0     31      0      0
     0      1     18      0      0     26      0      0      0      0      0      0
     0      1      0     42      0      2      0      0      0      0      0      0
     0      0      0      0     39      6      0      0      0      0      0      0
     0      0      0      0      2     43      0      0      0      0      0      0
     0      0      0      0      6     35      4      0      0      0      0      0
     0      0      0      0      0      0      0     35      0     10      0      0
     0      0      0      0      0      3      0      1     15     26      0      0
     0      1      0      0      0      0      0      0      0     44      0      0
     0      0      0     25      0      1      0      0      0      0     19      0
     0      0      0      0     42      0      0      0      0      0      0      3
