    18      0      0      0      0      0      0      0      0      0      0      0
     0      4      0      0      0      0      0      0      3     11      0      0
     0      0     18      0      0      0      0      0      0      0      0      0
     0      0      0     18      0      0      0      0      0      0      0      0
     0      0      0      1     17      0      0      0      0      0      0      0
     0      0      0      0      0     17      1      0      0      0      0      0
     0      0      0      0      0      0     18      0      0      0      0      0
     0      0      0      0      0      0      0      5      9      4      0      0
     0      0      0      0      0      0      0      0     13      5      0      0
     0      0      0      0      0      0      0      0      0     18      0      0
     0      0      0     17      0      0      0      0      0      0      1      0
     0      0      0      0     16      0      0      0      0      0      0      2
