output/result_set_table_22Jan2019_clean_1_aug_3_first_16/Kinect_1_test_on_Kinect_1_22-01-2019_14.04.19

fc6_linear
Binh 		Giang		Hung 		Tan  		Thuan		Final accuracy
loss	acc 	loss	acc 	loss	acc 	loss	acc 	loss	acc 	
0.5243	0.7929	1.4120	0.8000	0.2508	0.9419	0.1108	0.9619	0.1735	0.9417		0.8877
0.5447	0.8000	1.1908	0.8000	0.1576	0.9484	0.0949	0.9619	0.1330	0.9583		0.8937
0.5575	0.7929	1.1718	0.8000	0.1802	0.9484	0.0865	0.9714	0.1341	0.9667		0.8959
0.5618	0.7929	1.1970	0.8000	0.1678	0.9484	0.1031	0.9714	0.1231	0.9667		0.8959
0.5820	0.7929	1.2272	0.8000	0.1801	0.9548	0.0826	0.9810	0.1265	0.9667		0.8991
0.5766	0.7929	1.1698	0.8000	0.1767	0.9548	0.0834	0.9810	0.1225	0.9667		0.8991
0.5744	0.7929	1.1787	0.8000	0.1721	0.9548	0.0855	0.9810	0.1243	0.9667		0.8991
fc6_linear_accuracy:0.8991

fc6_rbf
Binh 		Giang		Hung 		Tan  		Thuan		Final accuracy
loss	acc 	loss	acc 	loss	acc 	loss	acc 	loss	acc 	
0.5178	0.8286	1.5782	0.8095	0.2043	0.9484	0.1784	0.9333	0.1563	0.9583		0.8956
0.5101	0.8357	1.3389	0.8095	0.1142	0.9742	0.1406	0.9714	0.1262	0.9583		0.9098
0.5325	0.8357	1.3659	0.8095	0.7197	0.9097	0.1235	0.9810	0.1137	0.9583		0.8988
0.5326	0.8286	1.3584	0.8095	0.1153	0.9742	0.1299	0.9810	0.1074	0.9583		0.9103
0.5305	0.8214	1.3526	0.8095	0.1182	0.9742	0.1291	0.9810	0.1061	0.9667		0.9106
0.5445	0.8214	1.3167	0.8095	0.1166	0.9742	0.1287	0.9810	0.1072	0.9667		0.9106
0.5330	0.8286	1.3060	0.8095	0.1141	0.9677	0.1232	0.9810	0.1088	0.9667		0.9107
fc6_rbf_accuracy:0.9107

fc7_linear
Binh 		Giang		Hung 		Tan  		Thuan		Final accuracy
loss	acc 	loss	acc 	loss	acc 	loss	acc 	loss	acc 	
0.6196	0.8143	1.3087	0.8095	0.2924	0.9032	0.0627	0.9905	0.1456	0.9500		0.8935
0.6511	0.7929	1.0824	0.8095	0.1627	0.9613	0.0513	0.9905	0.1100	0.9750		0.9058
0.6703	0.7786	1.1055	0.8095	0.1779	0.9548	0.0483	1.0000	0.1083	0.9667		0.9019
0.6478	0.8000	1.1468	0.8095	0.1520	0.9548	0.0503	1.0000	0.1019	0.9750		0.9079
0.6627	0.8071	1.1594	0.8095	0.1641	0.9548	0.0491	1.0000	0.1059	0.9667		0.9076
0.6685	0.8071	1.1296	0.8095	0.1597	0.9548	0.0504	1.0000	0.1031	0.9667		0.9076
0.6611	0.8071	1.1132	0.8095	0.1558	0.9548	0.0488	1.0000	0.1028	0.9667		0.9076
fc7_linear_accuracy:0.9079

fc7_rbf
Binh 		Giang		Hung 		Tan  		Thuan		Final accuracy
loss	acc 	loss	acc 	loss	acc 	loss	acc 	loss	acc 	
0.6211	0.8071	1.4871	0.8095	0.1328	0.9613	0.1299	0.9714	0.1263	0.9500		0.8999
0.6207	0.8071	1.2336	0.8095	0.0988	0.9677	0.0842	0.9905	0.0918	0.9667		0.9083
0.7091	0.7929	1.1914	0.8095	0.1134	0.9548	0.0743	0.9905	0.0957	0.9750		0.9045
0.6290	0.8071	1.2051	0.8095	0.1056	0.9677	0.0784	0.9905	0.0935	0.9750		0.9100
0.6445	0.8071	1.2213	0.8095	0.1077	0.9742	0.0698	0.9905	0.0935	0.9750		0.9113
0.6409	0.8071	1.1931	0.8095	0.1076	0.9742	0.0708	0.9905	0.0939	0.9750		0.9113
0.6417	0.8071	1.1720	0.8095	0.1074	0.9742	0.0718	0.9905	0.0941	0.9750		0.9113
fc7_rbf_accuracy:0.9113

prob
Binh 		Giang		Hung 		Tan  		Thuan		Final accuracy
loss	acc 	loss	acc 	loss	acc 	loss	acc 	loss	acc 	
0.6176	0.6929	1.0247	0.8095	0.2193	0.9290	0.1877	0.9333	0.1701	0.9583		0.8646
0.6224	0.7000	1.4951	0.8095	0.0915	0.9742	0.1082	0.9429	0.0781	0.9750		0.8803
0.6611	0.7071	1.5021	0.8095	0.1290	0.9548	0.0982	0.9619	0.1481	0.9500		0.8767
0.7281	0.7071	1.5319	0.8095	0.1451	0.9613	0.0675	0.9810	0.0950	0.9750		0.8868
0.6998	0.7143	1.5737	0.8095	0.1574	0.9290	0.0793	0.9714	0.1127	0.9583		0.8765
0.7502	0.7071	1.7585	0.8095	0.1437	0.9290	0.0772	0.9714	0.1237	0.9583		0.8751
0.7096	0.7143	1.7856	0.8095	0.1298	0.9548	0.0751	0.9714	0.1294	0.9583		0.8817
prob_accuracy:0.8868

