    18      0      0      0      0      0      0      0      0      0      0      0
     0     15      0      0      0      0      0      0      2      1      0      0
     0      0     18      0      0      0      0      0      0      0      0      0
     0      0      0      4      0      0      0      0      0      0     14      0
     0      0      0      0      6      0      0      0      0      0      0     12
     0      0      0      0      0     18      0      0      0      0      0      0
     0      0      0      0      0      1     17      0      0      0      0      0
     0      0      0      0      0      0      0     18      0      0      0      0
     0      0      0      0      0      0      0      0     18      0      0      0
     0      0      0      0      0      0      0      0      5     13      0      0
     0      0      0      0      0      0      0      0      0      0     17      1
     0      0      0      0      0      0      0      0      0      0      0     18
