output/result_backup/table_2019_05_17_original_12gestures_6_subjects/K2_K4_2019-05-18_16.19

fc6_linear
Giang		Hai  		Long 		Minh 		Thuy 		Tuyen		Final accuracy
loss	acc 	loss	acc 	loss	acc 	loss	acc 	loss	acc 	loss	acc 	
3.5258	0.2222	5.1061	0.1111	4.5362	0.0833	3.5983	0.1389	6.5509	0.1667	5.3061	0.1389		0.1435
4.7820	0.1667	5.2494	0.1389	4.5575	0.0833	4.5628	0.0833	5.3353	0.0833	4.2667	0.1111		0.1111
3.8510	0.2778	5.4318	0.1389	4.5803	0.1111	4.0125	0.1389	6.1007	0.0833	3.5166	0.2222		0.1620
3.7986	0.3056	4.7746	0.1389	4.1414	0.2222	4.5093	0.0833	5.0279	0.1667	3.6552	0.0833		0.1667
4.1454	0.1667	5.0095	0.0833	4.3192	0.0833	3.7582	0.1111	4.7790	0.1389	4.2731	0.1667		0.1250
4.3608	0.1667	5.0301	0.0833	4.3863	0.0833	3.7772	0.1111	4.6979	0.1389	3.3163	0.2778		0.1435
fc6_linear_accuracy:0.2083

fc6_rbf
Giang		Hai  		Long 		Minh 		Thuy 		Tuyen		Final accuracy
loss	acc 	loss	acc 	loss	acc 	loss	acc 	loss	acc 	loss	acc 	
2.7652	0.1667	3.3776	0.1389	3.6271	0.1667	2.8499	0.1389	4.5789	0.0833	4.0780	0.0833		0.1296
3.3007	0.1111	3.5999	0.0833	3.4885	0.0833	3.5777	0.0833	4.1596	0.1667	3.0738	0.1944		0.1204
3.5068	0.2222	3.9280	0.0833	3.6957	0.1389	3.2698	0.1111	4.0535	0.1389	3.3252	0.1667		0.1435
3.0313	0.2222	3.8921	0.0278	3.7767	0.1667	3.2720	0.1944	4.0674	0.1944	2.8978	0.1944		0.1667
3.3504	0.1667	3.9446	0.0833	3.9232	0.1389	3.2958	0.1111	4.2257	0.1944	3.1294	0.2500		0.1574
3.6124	0.1667	4.1534	0.0833	4.2671	0.0833	3.3123	0.1667	4.3628	0.1667	3.1565	0.2222		0.1481
fc6_rbf_accuracy:0.1944

fc7_linear
Giang		Hai  		Long 		Minh 		Thuy 		Tuyen		Final accuracy
loss	acc 	loss	acc 	loss	acc 	loss	acc 	loss	acc 	loss	acc 	
3.6843	0.2778	4.5695	0.1389	4.5003	0.1667	3.6074	0.0833	5.4831	0.0833	4.2746	0.1389		0.1481
3.4679	0.1667	4.2616	0.1389	4.2201	0.1111	4.1628	0.1111	3.9737	0.0833	4.0716	0.1944		0.1343
3.4347	0.1944	4.6656	0.1111	4.4150	0.1111	4.0316	0.1111	4.1736	0.1389	3.3549	0.1944		0.1435
3.5790	0.1944	4.6716	0.1111	3.9951	0.1111	4.0266	0.1111	4.0596	0.0833	3.0364	0.0833		0.1157
3.7951	0.2222	4.4715	0.0833	3.9854	0.0833	3.9061	0.1111	3.9673	0.1389	3.2295	0.2778		0.1528
3.6625	0.2222	4.5005	0.0833	4.1704	0.0833	3.6704	0.1389	4.1011	0.1111	3.1768	0.1389		0.1296
fc7_linear_accuracy:0.1898

fc7_rbf
Giang		Hai  		Long 		Minh 		Thuy 		Tuyen		Final accuracy
loss	acc 	loss	acc 	loss	acc 	loss	acc 	loss	acc 	loss	acc 	
2.8530	0.1667	3.0259	0.0833	3.4733	0.1111	3.0906	0.0556	4.0545	0.0833	3.5703	0.0833		0.0972
2.9593	0.1944	3.7689	0.1111	3.3544	0.0833	3.4852	0.0833	3.7389	0.0833	3.2086	0.0833		0.1065
3.1798	0.1944	4.0342	0.0833	3.7063	0.1111	3.3275	0.1389	3.8581	0.1111	3.1954	0.1667		0.1343
3.1933	0.2222	3.9991	0.0833	3.9085	0.0833	3.3719	0.1111	3.7960	0.0833	3.1298	0.1111		0.1157
3.3987	0.2222	4.1854	0.1111	4.0820	0.0833	3.3697	0.1389	4.0442	0.1111	3.1640	0.1111		0.1296
3.3463	0.2222	4.1970	0.0833	4.1774	0.0833	3.4186	0.1667	4.0197	0.1111	3.3258	0.1389		0.1343
fc7_rbf_accuracy:0.1481

prob
Giang		Hai  		Long 		Minh 		Thuy 		Tuyen		Final accuracy
loss	acc 	loss	acc 	loss	acc 	loss	acc 	loss	acc 	loss	acc 	
2.6874	0.1111	3.2172	0.0833	3.5482	0.0833	3.2751	0.0556	2.8132	0.0278	3.4775	0.0833		0.0741
4.6540	0.1667	6.0319	0.0833	5.5267	0.0833	6.1250	0.0833	6.1076	0.0833	5.4918	0.0833		0.0972
4.6845	0.0833	8.2192	0.0833	7.8615	0.0833	5.1974	0.0556	6.5334	0.0833	4.5855	0.0833		0.0787
4.8261	0.1389	7.7500	0.0833	6.2192	0.1111	5.8689	0.0833	7.0303	0.0833	5.5494	0.1111		0.1019
4.8943	0.1389	7.8883	0.0833	6.6825	0.1111	5.7047	0.0556	7.4246	0.0833	5.2469	0.1111		0.0972
5.5377	0.1667	8.4275	0.0833	7.2649	0.1111	6.3919	0.0833	7.1319	0.0833	5.9296	0.0833		0.1019
prob_accuracy:0.1065

