    15      0      0      0      0      0      0      0      0      0      0      0
     0     14      0      0      0      0      0      1      0      0      0      0
     0      0     15      0      0      0      0      0      0      0      0      0
     0      0      0     13      1      0      0      0      0      0      1      0
     3      0      0      0     12      0      0      0      0      0      0      0
     0      0      1      0      0     13      1      0      0      0      0      0
     0      0      0      0      0      0     15      0      0      0      0      0
     0      0      0      0      0      0      0     15      0      0      0      0
     0      0      0      0      0      0      0      0     15      0      0      0
     0      3      0      0      0      0      0      4      0      8      0      0
     0      0      0      3      0      0      0      1      1      0      9      1
     2      0      0      0      0      0      0      0      0      0      0     13
