     6      0      0      0      6      0      0      0      0      0      0      3
     0      2      0      0      0      0      0      1      0     12      0      0
     0      0     13      2      0      0      0      0      0      0      0      0
     0      0      0     15      0      0      0      0      0      0      0      0
     0      0      1      0      8      0      0      0      0      0      0      6
     0      0      1      1      1     12      0      0      0      0      0      0
     0      0      3      3      0      6      3      0      0      0      0      0
     0      0      0      0      0      0      0      8      0      7      0      0
     0      0      0      0      0      0      0      1      8      6      0      0
     0      0      0      0      0      0      0      0      0     15      0      0
     0      0      0     13      0      0      0      1      0      0      1      0
     0      0      0      2     11      0      0      0      0      0      0      2
