    15      0      0      0      0      0      0      0      0      0      0      0
     0     12      0      0      0      0      0      0      3      0      0      0
     0      0     15      0      0      0      0      0      0      0      0      0
     0      0      0      6      2      0      0      0      0      0      6      1
     0      0      0      0     11      0      0      0      0      0      1      3
     0      0      0      0      0     14      1      0      0      0      0      0
     0      0      0      0      0      0     15      0      0      0      0      0
     0      8      0      0      0      0      0      6      1      0      0      0
     0      3      0      0      0      0      0      1     11      0      0      0
     0      7      0      0      0      0      0      1      4      3      0      0
     0      0      0      0      0      0      0      0      0      0     14      1
     0      0      0      0      0      0      0      0      0      0      0     15
