output/result_set_compare_08Jan2019/Kinect_1_test_on_Kinect_1_08-01-2019_08.01.21_original

fc6_linear
Binh 		Giang		Hung 		Tan  		Thuan		Final accuracy
loss	acc 	loss	acc 	loss	acc 	loss	acc 	loss	acc 	
1.8249	0.4062	1.3854	0.5714	0.7682	0.7742	0.8856	0.5909	0.7594	0.7917		0.6269
1.5207	0.6250	1.1348	0.7619	0.6722	0.7742	0.6167	0.7273	0.7309	0.7917		0.7360
1.4685	0.6250	1.1661	0.6190	0.6382	0.8065	0.5757	0.6818	0.5073	0.9167		0.7298
1.3688	0.6250	1.1149	0.7619	0.5814	0.8065	0.5582	0.7727	0.4587	0.9167		0.7766
1.3642	0.6250	1.0564	0.7619	0.5354	0.8065	0.5084	0.8182	0.4333	0.9167		0.7856
1.3707	0.6250	1.0815	0.7619	0.5833	0.8065	0.4786	0.8182	0.3863	0.9167		0.7856
1.3571	0.6250	1.1120	0.7619	0.5598	0.8065	0.4874	0.8636	0.3904	0.9167		0.7947
fc6_linear_accuracy:0.7947

fc6_rbf
Binh 		Giang		Hung 		Tan  		Thuan		Final accuracy
loss	acc 	loss	acc 	loss	acc 	loss	acc 	loss	acc 	
1.7398	0.5312	2.0553	0.5238	0.5534	0.7742	2.1862	0.4091	0.6832	0.8333		0.6143
1.7283	0.3125	1.4417	0.6667	0.5967	0.7419	0.5063	0.7727	0.6611	0.8333		0.6654
1.3809	0.6250	1.3887	0.6190	0.4989	0.8387	0.4882	0.8182	0.4933	0.9167		0.7635
1.4015	0.6250	1.2761	0.7143	0.4874	0.7742	0.4638	0.8636	0.4022	0.9167		0.7788
1.3387	0.6250	1.2049	0.7143	0.4713	0.8065	0.4309	0.8636	0.4498	0.9167		0.7852
1.3782	0.6250	1.3463	0.5714	0.6136	0.7419	0.4221	0.8636	0.3977	0.9167		0.7437
1.7208	0.3125	1.2327	0.7143	0.5081	0.8065	0.4036	0.8636	0.4461	0.9167		0.7227
fc6_rbf_accuracy:0.7852

fc7_linear
Binh 		Giang		Hung 		Tan  		Thuan		Final accuracy
loss	acc 	loss	acc 	loss	acc 	loss	acc 	loss	acc 	
1.4893	0.5938	1.4815	0.5714	0.6076	0.7742	0.7304	0.6818	1.1300	0.7917		0.6826
1.3601	0.6250	1.3145	0.6190	0.6632	0.7419	0.5135	0.8182	0.7405	0.7917		0.7192
1.4304	0.6250	1.2741	0.6667	0.6078	0.8065	0.4852	0.7727	0.5914	0.8333		0.7408
1.2637	0.6250	1.1591	0.7143	0.5728	0.8065	0.4676	0.7727	0.5323	0.8750		0.7587
1.2883	0.6250	1.2102	0.5714	0.5558	0.8065	0.4429	0.8182	0.5277	0.8750		0.7392
1.2619	0.6250	1.1821	0.7143	0.5450	0.8065	0.4216	0.8636	0.4930	0.9167		0.7852
1.2627	0.6250	1.1831	0.7143	0.5597	0.8065	0.4301	0.8636	0.4858	0.9167		0.7852
fc7_linear_accuracy:0.7852

fc7_rbf
Binh 		Giang		Hung 		Tan  		Thuan		Final accuracy
loss	acc 	loss	acc 	loss	acc 	loss	acc 	loss	acc 	
1.4063	0.5938	1.7720	0.3810	0.4886	0.7742	0.4807	0.8182	0.8334	0.7917		0.6717
1.3749	0.6250	1.6692	0.5714	0.6358	0.7097	0.3913	0.9545	0.7694	0.7917		0.7305
1.4317	0.5938	1.4571	0.5714	0.5778	0.8065	0.3811	0.9091	0.6234	0.8333		0.7428
1.3192	0.6250	1.2914	0.5238	0.6130	0.7419	0.3695	0.8636	0.5297	0.8333		0.7175
1.3040	0.6250	1.4158	0.4762	0.5536	0.8065	0.3603	0.9091	0.4984	0.9167		0.7467
1.2828	0.6250	1.2706	0.7143	0.5614	0.8065	0.3493	0.8636	0.3909	0.9167		0.7852
1.3635	0.5938	1.2946	0.6667	0.5719	0.7419	0.3162	1.0000	0.4558	0.9167		0.7838
fc7_rbf_accuracy:0.7852

prob
Binh 		Giang		Hung 		Tan  		Thuan		Final accuracy
loss	acc 	loss	acc 	loss	acc 	loss	acc 	loss	acc 	
0.8281	0.6875	0.9835	0.7619	0.8793	0.6129	0.7597	0.5909	1.0375	0.7917		0.6890
1.2582	0.6875	1.1074	0.7619	1.2630	0.6774	0.4937	0.8636	1.0067	0.7917		0.7564
1.4206	0.6875	1.1891	0.6667	1.3136	0.7419	0.2225	0.9091	1.0421	0.7500		0.7510
1.8969	0.6875	1.1374	0.6190	1.3513	0.6452	0.2067	0.9091	1.0645	0.7917		0.7305
1.7002	0.6875	1.1818	0.8095	1.4314	0.6774	0.3097	0.8636	1.5999	0.7917		0.7659
1.8096	0.6875	1.3257	0.6667	1.5363	0.7097	0.3899	0.9091	0.7498	0.8750		0.7696
1.7747	0.6875	1.3514	0.6667	1.5182	0.6452	0.3351	0.8636	0.8892	0.7917		0.7309
prob_accuracy:0.7696

