output/result/K2_K2_2019-02-21_03.20

fc6_linear
Giang		Hai  		Long 		Minh 		Thuy 		Tuyen		Final accuracy
loss	acc 	loss	acc 	loss	acc 	loss	acc 	loss	acc 	loss	acc 	
3.0235	0.2222	3.5455	0.2500	1.5170	0.5278	2.4992	0.2500	2.7386	0.3333	4.8105	0.3056		0.3148
3.8677	0.2778	2.9917	0.2778	1.1514	0.6944	1.8886	0.2500	1.8979	0.4167	2.7526	0.4722		0.3981
3.0058	0.2778	2.5812	0.4444	1.0888	0.6944	1.9197	0.4167	1.7851	0.4167	1.8530	0.3889		0.4398
3.0696	0.2500	2.7687	0.3611	1.0128	0.6111	2.1976	0.4444	1.8304	0.5000	1.7047	0.6389		0.4676
3.1089	0.3056	2.3980	0.4167	0.7958	0.6389	2.4563	0.4444	1.8132	0.5000	1.7671	0.6667		0.4954
2.9839	0.3333	2.4558	0.4444	0.8049	0.7222	4.6481	0.2778	1.8562	0.5000	1.8001	0.6111		0.4815
2.8481	0.3611	2.4972	0.5278	0.7929	0.6944	2.2265	0.3889	1.8699	0.5000	1.7994	0.7222		0.5324
fc6_linear_accuracy:0.5463

fc6_rbf
Giang		Hai  		Long 		Minh 		Thuy 		Tuyen		Final accuracy
loss	acc 	loss	acc 	loss	acc 	loss	acc 	loss	acc 	loss	acc 	
2.6153	0.2500	2.1645	0.3611	1.5775	0.4722	1.9553	0.2778	2.3543	0.4167	2.3576	0.3333		0.3519
3.2173	0.2222	2.3896	0.4167	1.1885	0.5000	1.6563	0.3056	1.6549	0.4722	1.4168	0.5000		0.4028
2.8139	0.2778	1.5928	0.4444	1.1807	0.6111	1.6729	0.3889	1.7911	0.3889	1.3313	0.4444		0.4259
2.4418	0.3056	1.7360	0.5000	0.8973	0.6667	1.7156	0.4444	1.7379	0.4444	1.1577	0.6111		0.4954
2.2763	0.3889	1.6711	0.5278	0.6805	0.7222	1.5101	0.4722	1.8276	0.5000	1.2417	0.5833		0.5324
3.0415	0.1944	1.6901	0.5278	0.7261	0.7222	2.1194	0.4167	1.8159	0.5556	1.1945	0.5556		0.4954
1.9492	0.4722	1.6314	0.5278	0.8233	0.6667	1.9529	0.4167	1.7399	0.5556	1.1807	0.6389		0.5463
fc6_rbf_accuracy:0.5648

fc7_linear
Giang		Hai  		Long 		Minh 		Thuy 		Tuyen		Final accuracy
loss	acc 	loss	acc 	loss	acc 	loss	acc 	loss	acc 	loss	acc 	
3.2103	0.1667	3.3757	0.3611	1.2769	0.4722	1.9607	0.2222	2.5144	0.4444	2.5708	0.2222		0.3148
2.6715	0.3056	2.2154	0.3056	1.3908	0.5278	2.1325	0.2500	2.0519	0.4444	2.3706	0.4167		0.3750
2.5194	0.2500	2.5521	0.3889	1.3047	0.5833	1.9365	0.4444	2.2055	0.4444	1.7790	0.4722		0.4306
3.1413	0.2500	2.2888	0.3611	1.1452	0.4722	1.9657	0.4722	2.1567	0.4444	1.6700	0.6389		0.4398
3.1374	0.3333	2.3044	0.4722	0.8807	0.5556	1.9734	0.4444	2.0491	0.3889	1.5499	0.6111		0.4676
3.1422	0.2778	2.2905	0.4722	0.9334	0.5278	2.0625	0.4167	1.8651	0.3889	1.7565	0.6111		0.4491
2.9947	0.4167	2.2232	0.5000	0.9872	0.5556	2.1109	0.4167	2.0037	0.4167	1.7956	0.6111		0.4861
fc7_linear_accuracy:0.5093

fc7_rbf
Giang		Hai  		Long 		Minh 		Thuy 		Tuyen		Final accuracy
loss	acc 	loss	acc 	loss	acc 	loss	acc 	loss	acc 	loss	acc 	
2.6483	0.1667	2.2447	0.3611	1.5332	0.4722	1.8329	0.2222	1.7961	0.4722	1.4798	0.4444		0.3565
2.4120	0.3889	1.4825	0.4722	1.1701	0.5833	1.5945	0.3333	1.6282	0.4722	1.4126	0.5000		0.4583
2.0131	0.3056	1.5252	0.5278	1.0230	0.6389	1.7841	0.3889	1.7932	0.4167	1.3014	0.4722		0.4583
2.3228	0.3611	1.6585	0.4444	1.0537	0.6111	1.6421	0.3889	1.8346	0.4722	1.2251	0.6389		0.4861
2.5692	0.3611	1.6106	0.5278	0.7777	0.6389	1.5194	0.4722	1.9369	0.4167	1.1489	0.5278		0.4907
2.1843	0.3889	1.6888	0.5278	0.8597	0.6111	1.6448	0.4444	1.9025	0.5278	1.1665	0.5556		0.5093
2.1869	0.3889	1.6442	0.5278	0.8204	0.6111	1.6500	0.4167	1.7744	0.4722	1.2286	0.6111		0.5046
fc7_rbf_accuracy:0.5324

prob
Giang		Hai  		Long 		Minh 		Thuy 		Tuyen		Final accuracy
loss	acc 	loss	acc 	loss	acc 	loss	acc 	loss	acc 	loss	acc 	
2.0626	0.1944	1.6565	0.3889	1.7579	0.3056	1.9364	0.3611	1.6430	0.3056	1.4548	0.4167		0.3287
2.3093	0.3056	1.2741	0.4722	1.1570	0.5833	2.1173	0.3333	1.2386	0.5000	1.0866	0.5833		0.4630
2.3006	0.3611	1.0137	0.5278	0.9235	0.5833	2.3321	0.3611	1.4628	0.4444	0.8933	0.4444		0.4537
2.2164	0.3333	1.4779	0.4167	0.9970	0.5833	1.9477	0.3333	1.4721	0.5278	0.7089	0.6111		0.4676
3.4293	0.2500	1.3613	0.4444	0.7741	0.6389	2.2854	0.4444	1.8448	0.4444	0.7325	0.7222		0.4907
3.1969	0.3056	1.3477	0.4722	0.6378	0.7222	1.8911	0.4722	1.8092	0.5000	0.8156	0.6111		0.5139
3.0163	0.3611	1.4107	0.4722	0.5977	0.7222	1.9059	0.4444	1.9254	0.5278	0.8401	0.6389		0.5278
prob_accuracy:0.5556

