output/table_27Jan_fc6_1024_fc7_1024_conv2a_64/K1_K1_2019-01-27_00.38

fc6_linear
Binh 		Giang		Hung 		Tan  		Thuan		Final accuracy
loss	acc 	loss	acc 	loss	acc 	loss	acc 	loss	acc 	
3.2362	0.5143	3.2802	0.2571	2.6315	0.6581	3.1168	0.4095	4.2930	0.3167		0.4311
3.2089	0.4714	3.2838	0.3714	2.3560	0.6645	2.6958	0.4286	1.9688	0.4333		0.4739
0.7422	0.7143	1.6126	0.4952	1.6024	0.7032	0.8601	0.7810	0.4001	0.8083		0.7004
0.3657	0.8786	1.0744	0.6571	0.1345	0.9613	0.3937	0.8952	0.1066	0.9833		0.8751
0.3327	0.8643	1.0230	0.6381	0.0843	0.9806	0.3373	0.9048	0.0885	0.9833		0.8742
0.3198	0.8786	0.9945	0.6857	0.0799	0.9806	0.0845	0.9714	0.0902	0.9833		0.8999
0.3181	0.8786	1.0236	0.6381	0.0843	0.9806	0.1075	0.9714	0.0877	0.9833		0.8904
0.3210	0.8786	0.9932	0.6857	0.0846	0.9806	0.1140	0.9619	0.0917	0.9833		0.8980
0.3040	0.8929	1.0175	0.6381	0.0831	0.9742	0.1408	0.9619	0.0931	0.9833		0.8901
0.3009	0.8857	0.9953	0.6667	0.0837	0.9742	0.1427	0.9524	0.0928	0.9833		0.8925
fc6_linear_accuracy:0.8999

fc6_rbf
Binh 		Giang		Hung 		Tan  		Thuan		Final accuracy
loss	acc 	loss	acc 	loss	acc 	loss	acc 	loss	acc 	
2.3264	0.4929	2.9777	0.3333	2.2742	0.6387	2.2108	0.5619	3.2159	0.4250		0.4904
1.9765	0.5357	2.7650	0.4381	1.7903	0.6774	1.8627	0.7048	1.0781	0.5833		0.5879
0.5779	0.7714	1.7120	0.3714	1.0640	0.7290	0.6132	0.8000	0.2925	0.9250		0.7194
0.3758	0.8357	1.1167	0.6286	0.1710	0.9613	0.1762	0.9524	0.2067	0.9417		0.8639
0.4156	0.8571	1.0782	0.6381	0.0799	0.9742	0.1726	0.9238	0.1359	0.9583		0.8703
0.3397	0.8571	1.0348	0.6381	0.1568	0.9290	0.1326	0.9333	0.1231	0.9583		0.8632
0.3487	0.8500	1.0843	0.6286	0.0754	0.9806	0.1321	0.9333	0.1174	0.9583		0.8702
0.3591	0.8429	1.0126	0.6381	0.4057	0.9226	0.1308	0.9333	0.1155	0.9583		0.8590
0.3515	0.8500	1.0609	0.6286	0.0763	0.9806	0.1409	0.9333	0.3811	0.8833		0.8552
0.3571	0.8357	1.0282	0.6476	0.0733	0.9806	0.1425	0.9333	0.1188	0.9583		0.8711
fc6_rbf_accuracy:0.8711

fc7_linear
Binh 		Giang		Hung 		Tan  		Thuan		Final accuracy
loss	acc 	loss	acc 	loss	acc 	loss	acc 	loss	acc 	
3.0428	0.3357	3.2164	0.2286	2.8680	0.6387	4.4943	0.3238	3.9396	0.4083		0.3870
2.0535	0.5143	3.6227	0.4190	2.5832	0.6645	3.0587	0.4095	1.6492	0.5167		0.5048
0.9127	0.6786	1.9514	0.3905	2.1185	0.7032	1.5801	0.7143	0.4127	0.8500		0.6673
0.4598	0.8500	1.0316	0.6667	0.1454	0.9742	0.3997	0.8952	0.1217	0.9583		0.8689
0.2897	0.8929	1.0658	0.6286	0.0976	0.9742	0.2348	0.9048	0.1058	0.9667		0.8734
0.2966	0.8857	1.0587	0.6571	0.0885	0.9806	0.0905	0.9714	0.0997	0.9750		0.8940
0.3133	0.8786	1.0691	0.6286	0.0890	0.9806	0.1113	0.9619	0.0964	0.9833		0.8866
0.2988	0.8786	1.0466	0.6571	0.0852	0.9806	0.1225	0.9524	0.0989	0.9750		0.8887
0.3106	0.8786	1.0373	0.6476	0.0832	0.9806	0.1436	0.9524	0.0966	0.9750		0.8868
0.3018	0.8786	1.0231	0.6571	0.0812	0.9806	0.1335	0.9524	0.0963	0.9750		0.8887
fc7_linear_accuracy:0.8940

fc7_rbf
Binh 		Giang		Hung 		Tan  		Thuan		Final accuracy
loss	acc 	loss	acc 	loss	acc 	loss	acc 	loss	acc 	
1.8622	0.5214	3.0140	0.2762	2.5889	0.6387	2.5676	0.5810	3.2088	0.4333		0.4901
1.2695	0.5643	3.1667	0.3810	2.4060	0.6258	1.8906	0.6095	1.3476	0.6000		0.5561
0.6107	0.7857	1.8704	0.3619	1.2673	0.6839	0.8733	0.7333	0.2763	0.9333		0.6996
0.3891	0.8500	1.2137	0.6190	0.1839	0.9548	0.1633	0.9714	0.2528	0.9083		0.8607
0.3163	0.8643	1.1784	0.6095	0.0686	0.9806	0.1670	0.9333	0.1439	0.9500		0.8676
0.3295	0.8643	1.1179	0.6190	0.0688	0.9871	0.1130	0.9524	0.1261	0.9583		0.8762
0.3344	0.8643	1.1462	0.6095	0.0681	0.9871	0.1215	0.9524	0.1188	0.9583		0.8743
0.3317	0.8643	1.0881	0.6190	0.0706	0.9806	0.1228	0.9524	0.1202	0.9583		0.8749
0.3338	0.8643	1.1337	0.6190	0.0716	0.9806	0.1425	0.9429	0.1218	0.9583		0.8730
0.3335	0.8643	1.0804	0.6190	0.0695	0.9806	0.1374	0.9333	0.1238	0.9583		0.8711
fc7_rbf_accuracy:0.8762

prob
Binh 		Giang		Hung 		Tan  		Thuan		Final accuracy
loss	acc 	loss	acc 	loss	acc 	loss	acc 	loss	acc 	
1.6196	0.1786	1.6058	0.2381	1.6420	0.1290	1.6050	0.2381	1.6863	0.0833		0.1734
1.5779	0.4571	1.5924	0.2381	1.5831	0.3677	1.5977	0.3810	1.6457	0.0833		0.3055
0.9217	0.7071	1.3896	0.4190	1.4943	0.6323	1.4448	0.7333	0.9884	0.5917		0.6167
0.3751	0.8571	0.9039	0.6286	0.4237	0.8387	0.4013	0.8095	0.4562	0.8167		0.7901
0.5842	0.8429	0.9477	0.6476	0.0624	0.9871	0.3479	0.8571	0.1464	0.9000		0.8469
0.6681	0.8143	0.9077	0.6476	0.0690	0.9806	0.1165	0.9619	0.1160	0.9500		0.8709
0.6644	0.8143	1.1417	0.6000	0.0619	0.9871	0.1054	0.9619	0.0817	0.9750		0.8677
0.6713	0.8143	0.9995	0.6286	0.0680	0.9806	0.1108	0.9619	0.0992	0.9583		0.8687
0.6478	0.8286	1.1753	0.6000	0.0723	0.9677	0.1093	0.9619	0.1010	0.9667		0.8650
0.7285	0.8214	0.9959	0.6476	0.0621	0.9806	0.1272	0.9429	0.0878	0.9750		0.8735
prob_accuracy:0.8735

