    18      0      0      0      0      0      0      0      0      0      0      0
     0     11      0      0      0      0      0      2      2      3      0      0
     0      0     18      0      0      0      0      0      0      0      0      0
     0      0      0     14      0      0      0      0      0      0      4      0
     0      0      0      0     10      0      0      0      0      0      0      8
     0      0      0      0      0     18      0      0      0      0      0      0
     0      0      0      0      0      0     18      0      0      0      0      0
     0      0      0      0      0      0      0     18      0      0      0      0
     0      0      0      0      0      0      0      0     18      0      0      0
     0      0      0      0      0      0      0      0      1     17      0      0
     0      0      0      0      0      0      0      0      0      0     18      0
     0      0      0      0      0      0      0      0      0      0      0     18
