    11      0      0      0      6      1      0      0      0      0      0      0
     0      0      0      0      0      0      3      0      0     15      0      0
     0      0     14      0      0      0      4      0      0      0      0      0
     0      0      0     14      0      0      1      0      0      0      0      3
     0      0      0      0      2      0      4      0      0      0      2     10
     0      0      0      0      0      3     15      0      0      0      0      0
     0      0      0      0      0      0     18      0      0      0      0      0
     0      0      0      0      0      0      1     13      0      4      0      0
     0      1      0      0      0      0      0      0     16      1      0      0
     0      0      0      0      0      0      0      0      0     18      0      0
     0      0      0     15      0      0      0      0      0      0      2      1
     0      0      0      0      0      0      1      0      0      0      3     14
