    90      0      0      0      0      0      0      0      0      0      0      0
     0     74      0      0      0      0      0      1      5     10      0      0
     0      0     90      0      0      0      0      0      0      0      0      0
     0      0      0     73      0      0      0      0      0      0     17      0
     0      0      0      0     74      0      0      0      0      0      1     15
     0      0      0      0      0     88      2      0      0      0      0      0
     0      0      0      0      0      0     90      0      0      0      0      0
     0      4      0      0      0      0      0     86      0      0      0      0
     0      4      0      0      0      0      0      1     78      7      0      0
     0      7      0      0      0      0      0      0      4     79      0      0
     0      0      0     10      0      0      0      0      0      0     78      2
     0      0      0      0     10      0      0      0      0      0      0     80
