    90      0      0      0      0      0      0      0      0      0      0      0
     0     68      0      0      0      0      0      2      5     15      0      0
     0      0     90      0      0      0      0      0      0      0      0      0
     0      0      0     76      0      0      0      0      0      0     14      0
     0      0      0      1     76      0      0      0      0      0      1     12
     0      0      0      0      0     85      5      0      0      0      0      0
     0      0      0      0      0      0     90      0      0      0      0      0
     0      5      0      0      0      0      0     83      0      2      0      0
     0      5      0      0      0      0      0      3     74      8      0      0
     0      8      0      0      0      0      0      2      3     77      0      0
     0      0      0     24      1      0      0      0      0      0     61      4
     0      0      0      1     15      0      0      0      0      0      0     74
