    90      0      0      0      0      0      0      0      0      0      0      0
     3     42      0      0      0      0      0      0     12     33      0      0
     0      0     90      0      0      0      0      0      0      0      0      0
     0      2      0     51      4      0      0      1      0      0     19     13
     0      0      0      0     50      3      1      0      0      0      0     36
     0      0      0      0      0     90      0      0      0      0      0      0
     0      0      0      0      0      8     82      0      0      0      0      0
     0     24      0      0      0      0      0      6     38     21      0      1
     0     13      0      0      0      0      0      0     52     25      0      0
     0      4      0      0      0      0      0      0      1     85      0      0
     0      0      0     16      1      1      0      0      0      0     56     16
     0      0      0      0     12      1      0      0      0      0      0     77
