    12      0      0      0      0      0      3      0      0      0      0      3
     0      9      0      0      0      0      0      0      0      9      0      0
     0      0     18      0      0      0      0      0      0      0      0      0
     0      0      0     13      0      0      0      0      0      0      2      3
     0      0      0      1     10      0      0      0      0      0      1      6
     0      0      0      0      0      0     18      0      0      0      0      0
     0      0      0      0      0      0     18      0      0      0      0      0
     0      1      0      0      0      0      0     16      0      1      0      0
     0      1      0      0      0      0      0      1     16      0      0      0
     0      0      0      0      0      0      0      0      0     18      0      0
     0      0      0      1      0      0      0      0      0      0     14      3
     0      0      0      0      5      0      0      0      0      0      2     11
