    90      0      0      0      0      0      0      0      0      0      0      0
     0     74      0      0      0      0      0      0      5     11      0      0
     0      0     90      0      0      0      0      0      0      0      0      0
     0      0      0     76      0      0      0      0      0      0     14      0
     0      0      0      0     76      0      0      0      0      0      1     13
     0      0      0      0      0     90      0      0      0      0      0      0
     0      0      0      0      0      0     90      0      0      0      0      0
     0      2      0      0      0      0      0     88      0      0      0      0
     0      2      0      0      0      0      0      1     83      4      0      0
     0      5      0      0      0      0      0      1      3     81      0      0
     0      0      0      6      1      0      0      0      0      0     81      2
     0      0      0      0      7      0      0      0      0      0      0     83
