    90      0      0      0      0      0      0      0      0      0      0      0
     0     64      0      0      0      0      0      1      9     16      0      0
     0      0     90      0      0      0      0      0      0      0      0      0
     0      0      0     72      0      0      0      0      0      0     18      0
     0      0      0      1     75      0      0      1      0      0      0     13
     0      0      0      0      0     90      0      0      0      0      0      0
     0      0      0      0      0      1     89      0      0      0      0      0
     0      3      0      0      0      0      0     87      0      0      0      0
     0      4      0      0      0      0      0      1     75     10      0      0
     0      6      0      0      0      0      0      4      4     76      0      0
     0      0      0     12      1      0      0      0      0      0     72      5
     0      0      0      0     21      0      0      0      0      0      0     69
