    90      0      0      0      0      0      0      0      0      0      0      0
     2     14      0      0      0      0      0      0     13     60      1      0
     0      0     90      0      0      0      0      0      0      0      0      0
     0      0      0     48      0      3      0      0      0      2     28      9
     0      0      0      0      6      6      0      0      0      0      2     76
     0      0      0      0      0     90      0      0      0      0      0      0
     0      0      0      0      0     19     71      0      0      0      0      0
     0     11      0      0      0      0      0      3     14     62      0      0
     0      0      0      0      0      0      0      0     44     46      0      0
     0      0      0      0      0      0      0      0      0     90      0      0
     0      0      0      7      0      2      0      0      0      0     67     14
     0      0      0      0      3      6      0      0      0      0      0     81
