    45      0      0      0      0      0      0      0      0      0      0      0
     0     43      2      0      0      0      0      0      0      0      0      0
     0      2     43      0      0      0      0      0      0      0      0      0
     1      1      1     40      0      0      0      0      0      0      2      0
     0      0      0      0     45      0      0      0      0      0      0      0
     0      1      0      0      0     44      0      0      0      0      0      0
     0      0      0      0      0      0     45      0      0      0      0      0
     0      5      0      0      0      0      0     39      1      0      0      0
     0      0      0      0      0      0      0      0     45      0      0      0
     0      8      0      0      0      0      0      0      0     37      0      0
     1      0      0      1      0      0      0      0      0      0     43      0
     0      0      0      0      8      0      0      0      0      0      0     37
