    18      0      0      0      0      0      0      0      0      0      0      0
     0      4      0      0      0      0      0      0      2     12      0      0
     0      0     18      0      0      0      0      0      0      0      0      0
     0      0      0      8      8      2      0      0      0      0      0      0
     0      0      0      0     18      0      0      0      0      0      0      0
     0      0      0      0      0     18      0      0      0      0      0      0
     0      0      0      0      0      2     16      0      0      0      0      0
     0      1      0      0      0      0      0      0      6     11      0      0
     0      1      0      0      0      0      0      0      4     13      0      0
     0      0      0      0      0      0      0      0      0     18      0      0
     0      0      0      4      8      0      0      0      0      0      6      0
     0      0      0      0     11      0      0      0      0      0      0      7
