     0      0      0      1      7      0      0      0      0      0      0      7
     0      6      0      0      0      0      0      0      0      9      0      0
     0      0      9      6      0      0      0      0      0      0      0      0
     0      0      0     14      1      0      0      0      0      0      0      0
     0      0      0      6      6      0      0      0      0      0      0      3
     0      0      0      4      0     10      1      0      0      0      0      0
     0      0      0     11      0      3      1      0      0      0      0      0
     0      2      0      0      0      0      0      0      3     10      0      0
     0      0      0      0      0      0      0      0     10      5      0      0
     0      0      0      0      0      0      0      0      0     15      0      0
     0      0      0     15      0      0      0      0      0      0      0      0
     0      0      0      6      3      0      0      0      0      0      0      6
