    90      0      0      0      0      0      0      0      0      0      0      0
     0     79      0      0      0      0      0      0      4      7      0      0
     0      0     90      0      0      0      0      0      0      0      0      0
     0      0      0     79      0      0      0      0      0      0     11      0
     0      0      0      0     76      0      0      0      0      0      0     14
     0      0      0      0      0     89      1      0      0      0      0      0
     0      0      0      0      0      0     90      0      0      0      0      0
     0      2      0      0      0      0      0     87      0      1      0      0
     0      2      0      0      0      0      0      0     86      2      0      0
     0      5      0      0      0      0      0      1      1     83      0      0
     0      0      0      9      0      0      0      0      0      0     80      1
     0      0      0      0     14      0      0      0      0      0      0     76
