    90      0      0      0      0      0      0      0      0      0      0      0
     0     83      0      0      0      0      0      0      0      7      0      0
     0      0     90      0      0      0      0      0      0      0      0      0
     0      0      0     68      0      1      0      0      0      0     21      0
     0      0      0      0     68      0      0      0      0      0      0     22
     0      0      0      0      0     88      2      0      0      0      0      0
     0      0      0      0      0      0     90      0      0      0      0      0
     0     20      0      0      0      0      0     70      0      0      0      0
     0     14      0      0      0      0      0      0     72      4      0      0
     0     14      0      0      0      0      0      0      0     76      0      0
     0      0      0      1      0      0      0      0      0      0     89      0
     0      0      0      0     18      0      0      0      0      0      0     72
