    90      0      0      0      0      0      0      0      0      0      0      0
     0     77      0      0      0      0      0      0      1     12      0      0
     0      0     90      0      0      0      0      0      0      0      0      0
     0      0      0     77      0      0      0      0      0      0     13      0
     0      0      0      0     75      0      0      0      0      0      0     15
     0      0      0      0      0     87      3      0      0      0      0      0
     0      0      0      0      0      0     90      0      0      0      0      0
     0      1      0      0      0      0      0     89      0      0      0      0
     0      0      0      0      0      0      0      0     89      1      0      0
     0      9      0      0      0      0      0      0      1     80      0      0
     0      0      0      4      0      0      0      0      0      0     86      0
     0      0      0      0      8      0      0      0      0      0      0     82
