    90      0      0      0      0      0      0      0      0      0      0      0
     0     75      0      0      0      0      0      2      2     11      0      0
     0      0     90      0      0      0      0      0      0      0      0      0
     0      0      0     76      0      0      0      0      0      0     14      0
     0      0      0      0     75      0      0      0      0      0      0     15
     0      0      0      0      0     89      1      0      0      0      0      0
     0      0      0      0      0      0     90      0      0      0      0      0
     0      2      0      0      0      0      0     88      0      0      0      0
     0      0      0      0      0      0      0      0     89      1      0      0
     0      7      0      0      0      0      0      0      2     81      0      0
     0      0      0      6      0      0      0      0      0      0     84      0
     0      0      0      0     16      0      0      0      0      0      0     74
