    90      0      0      0      0      0      0      0      0      0      0      0
     0     87      0      0      0      0      0      0      0      3      0      0
     0      0     90      0      0      0      0      0      0      0      0      0
     0      0      0     25      0      0      0      0      0      0     65      0
     0      0      0      0     48      0      0      0      0      0      1     41
     0      0      0      0      0     89      1      0      0      0      0      0
     0      0      0      0      0      1     89      0      0      0      0      0
     0     28      0      0      0      0      0     58      3      1      0      0
     0      6      0      0      0      0      0      0     81      3      0      0
     0     10      0      0      0      0      0      0      0     80      0      0
     0      0      0      0      0      0      0      0      0      0     90      0
     0      0      0      0     11      0      0      0      0      0      0     79
