output/result_backup/table_22Jan2019_segmented/K1_K3_21-01-2019_21.54.03

fc6_linear
Binh 		Giang		Hung 		Tan  		Thuan		Final accuracy
loss	acc 	loss	acc 	loss	acc 	loss	acc 	loss	acc 	
0.8842	0.5625	1.2848	0.5714	1.3493	0.6452	1.6751	0.5455	1.5866	0.5833		0.5816
0.8437	0.6250	1.1729	0.4762	1.3456	0.6774	1.6833	0.5000	1.8846	0.6250		0.5807
0.8140	0.6250	1.2486	0.4762	1.3360	0.6452	1.6579	0.5455	1.8520	0.6250		0.5834
0.8061	0.6250	1.2005	0.4762	1.3563	0.6452	1.7181	0.4545	1.8285	0.6250		0.5652
0.8136	0.6250	1.2005	0.4762	1.3533	0.6452	1.7093	0.5000	1.8438	0.6250		0.5743
fc6_linear_accuracy:0.6089

fc6_rbf
Binh 		Giang		Hung 		Tan  		Thuan		Final accuracy
loss	acc 	loss	acc 	loss	acc 	loss	acc 	loss	acc 	
0.7223	0.6875	1.5317	0.6190	1.6223	0.4516	1.4520	0.5455	1.7882	0.6250		0.5857
1.0331	0.5000	1.4889	0.5714	1.5032	0.5161	1.7629	0.5455	2.1721	0.6250		0.5516
0.9130	0.5938	1.3560	0.6190	1.5070	0.5484	1.8584	0.5455	1.9876	0.6250		0.5863
0.9196	0.5938	1.4414	0.5238	1.4379	0.5484	1.8152	0.5455	1.9811	0.6250		0.5673
0.9471	0.5625	1.4060	0.5714	1.4824	0.5484	1.8397	0.5455	2.0481	0.6250		0.5706
fc6_rbf_accuracy:0.6051

fc7_linear
Binh 		Giang		Hung 		Tan  		Thuan		Final accuracy
loss	acc 	loss	acc 	loss	acc 	loss	acc 	loss	acc 	
0.8697	0.5625	1.5039	0.5714	1.5734	0.6129	1.7608	0.4545	1.9764	0.5833		0.5569
0.8290	0.5625	1.4260	0.4762	1.4681	0.6452	1.7842	0.5000	2.0226	0.6250		0.5618
0.7976	0.5625	1.3922	0.4286	1.4476	0.6452	1.8364	0.4545	1.9873	0.6250		0.5432
0.7769	0.6250	1.3734	0.4286	1.4502	0.6452	1.8191	0.5000	1.9840	0.6250		0.5647
0.8027	0.5938	1.3818	0.4286	1.4436	0.6452	1.8371	0.5000	1.9715	0.6250		0.5585
fc7_linear_accuracy:0.5933

fc7_rbf
Binh 		Giang		Hung 		Tan  		Thuan		Final accuracy
loss	acc 	loss	acc 	loss	acc 	loss	acc 	loss	acc 	
0.8987	0.6562	1.8226	0.5714	1.7667	0.4839	1.7005	0.5455	1.9697	0.5833		0.5681
0.9736	0.5625	1.6758	0.5238	1.6086	0.5161	1.8119	0.5909	2.1349	0.6250		0.5637
0.9119	0.5625	1.7368	0.4762	1.5960	0.5484	1.8658	0.5455	2.1398	0.6250		0.5515
0.9138	0.5625	1.5760	0.5238	1.5561	0.5806	1.9404	0.5455	2.0697	0.6250		0.5675
0.8932	0.5625	1.6836	0.4762	1.5276	0.5806	1.9059	0.5455	2.0094	0.6250		0.5580
fc7_rbf_accuracy:0.6048

prob
Binh 		Giang		Hung 		Tan  		Thuan		Final accuracy
loss	acc 	loss	acc 	loss	acc 	loss	acc 	loss	acc 	
0.9275	0.5938	0.3744	0.9524	0.8904	0.5484	0.9342	0.5909	1.0133	0.6667		0.6704
0.8660	0.5625	0.3788	0.9048	0.9925	0.6129	1.1501	0.5455	1.6141	0.7083		0.6668
0.9140	0.5625	0.4061	0.8571	1.1737	0.6129	1.2747	0.5455	1.6832	0.6667		0.6489
0.8635	0.5938	0.3962	0.8571	1.1046	0.6452	1.3844	0.5455	1.9419	0.7083		0.6700
0.8808	0.5938	0.4020	0.8571	1.0901	0.6452	1.3945	0.5455	1.8758	0.6667		0.6616
prob_accuracy:0.6981

