    18      0      0      0      0      0      0      0      0      0      0      0
     2     12      0      0      0      0      0      0      0      4      0      0
     0      0     18      0      0      0      0      0      0      0      0      0
     0      0      0     18      0      0      0      0      0      0      0      0
     0      0      0      0      7      0      0      0      0      0      0     11
     0      0      0      0      0     15      3      0      0      0      0      0
     0      0      0      0      0      0     18      0      0      0      0      0
     0      0      0      0      0      0      0     18      0      0      0      0
     0      0      0      0      0      0      0      0     18      0      0      0
     0      0      0      0      0      0      0      0      0     18      0      0
     0      0      0      4      0      0      0      0      0      0     14      0
     0      0      0      0      0      0      0      0      0      0      0     18
