    18      0      0      0      0      0      0      0      0      0      0      0
     0      9      0      0      0      0      0      0      0      9      0      0
     0      0     18      0      0      0      0      0      0      0      0      0
     0      0      0     18      0      0      0      0      0      0      0      0
     0      0      0      0     18      0      0      0      0      0      0      0
     0      0      0      0      0     18      0      0      0      0      0      0
     0      0      1      0      0      1     16      0      0      0      0      0
     0      0      0      0      0      0      0     13      2      3      0      0
     1      0      0      0      0      0      0      0     17      0      0      0
     0      0      0      0      0      0      0      0      1     17      0      0
     0      0      0      7      3      0      0      0      0      0      8      0
     0      0      0      0     15      0      0      0      0      0      0      3
