     0      2      0      0      6      0      0      0      5      0      0      5
     0     17      0      0      0      0      0      0      1      0      0      0
     0      0     18      0      0      0      0      0      0      0      0      0
     0      0      0     15      0      0      0      0      0      0      0      3
     0      0      1      0      5      0      0      0      0      0      0     12
     0      0      0      1      8      2      3      0      4      0      0      0
     0      0      6      4      0      0      8      0      0      0      0      0
     0     18      0      0      0      0      0      0      0      0      0      0
     0     13      0      0      0      0      0      0      5      0      0      0
     0     18      0      0      0      0      0      0      0      0      0      0
     0      0      0     15      0      0      0      0      0      0      0      3
     0      0      0      0      1      0      0      0      0      0      0     17
