    90      0      0      0      0      0      0      0      0      0      0      0
     0     82      0      0      0      0      0      1      2      5      0      0
     0      0     90      0      0      0      0      0      0      0      0      0
     0      0      0     79      0      0      0      0      0      0     11      0
     0      0      0      0     81      0      0      0      0      0      0      9
     0      0      0      0      0     89      1      0      0      0      0      0
     0      0      0      0      0      1     89      0      0      0      0      0
     0      0      0      0      0      0      0     90      0      0      0      0
     0      1      0      0      0      0      0      1     84      4      0      0
     0      5      0      0      0      0      0      0      3     82      0      0
     0      0      0      4      2      0      1      0      0      0     82      1
     0      0      0      0      9      0      0      0      0      0      0     81
