    90      0      0      0      0      0      0      0      0      0      0      0
     0     70      0      0      0      0      0      1      8     11      0      0
     0      0     90      0      0      0      0      0      0      0      0      0
     0      0      0     78      0      0      0      0      0      0     12      0
     0      0      0      1     73      1      0      0      0      0      0     15
     0      0      0      0      0     87      3      0      0      0      0      0
     0      0      0      0      0      1     89      0      0      0      0      0
     0      1      0      0      0      0      0     88      0      1      0      0
     0      1      0      0      0      0      0      2     80      7      0      0
     0      5      0      0      0      0      0      2      2     81      0      0
     0      0      0     16      3      0      0      0      0      0     68      3
     0      0      0      0     15      0      0      0      0      0      0     75
