    82      0      0      0      8      0      0      0      0      0      0      0
     0     41      0      5      3      0      0      4     37      0      0      0
     0      0     74      0      0      2      8      1      5      0      0      0
     0      0      0     53     31      3      3      0      0      0      0      0
     0      0      0      3     82      4      1      0      0      0      0      0
     0      0      0      0      2     82      6      0      0      0      0      0
     0      0      0      0      0     10     80      0      0      0      0      0
     0     14      0      0      8      3      0     12     53      0      0      0
     0     13      0      0      4      0      0      1     72      0      0      0
     0     49      0      0      1      0      0      2     34      4      0      0
     0      0      0     57     26      1      2      0      0      0      4      0
     0      0      0      8     73      8      1      0      0      0      0      0
