     0      0      0     15      0      0      0      0      0      0      0      0
     0      5      0      0      0      0      0      1      5      4      0      0
     0      0      6      1      0      0      1      2      0      0      5      0
     0      0      0     12      0      0      1      0      0      0      2      0
     0      0      0      5      5      3      2      0      0      0      0      0
     0      0      0      0      0     12      1      0      0      0      2      0
     0      0      0      7      0      1      6      0      0      0      1      0
     0      0      0      0      0      0      0      1     11      3      0      0
     0      0      0      0      0      0      0      0     10      5      0      0
     0      0      0      0      0      0      0      1      4     10      0      0
     0      0      0     12      0      0      0      0      0      0      3      0
     0      0      0      4      7      1      3      0      0      0      0      0
