     0      0      0      2     10      0      0      0      0      0      0      6
     0     16      0      1      0      0      0      0      1      0      0      0
     0      0     18      0      0      0      0      0      0      0      0      0
     0      0      0     11      7      0      0      0      0      0      0      0
     0      0      3      0     15      0      0      0      0      0      0      0
     0      0      0      0      5     13      0      0      0      0      0      0
     0      0      2      5      6      5      0      0      0      0      0      0
     0     17      0      1      0      0      0      0      0      0      0      0
     0     17      0      0      0      0      0      0      1      0      0      0
     0     15      1      0      0      0      0      1      1      0      0      0
     0      0      0      9      9      0      0      0      0      0      0      0
     0      0      3      0      7      0      0      0      0      0      0      8
