output/table_26Jan2019_fc6_2048_fc7_2048/K5_K5_2019-01-26_07.51

fc6_linear
Binh 		Giang		Hung 		Tan  		Thuan		Final accuracy
loss	acc 	loss	acc 	loss	acc 	loss	acc 	loss	acc 	
0.0344	1.0000	0.0453	1.0000	0.1502	0.9733	0.1452	0.9500	0.0548	0.9833		0.9813
0.0377	1.0000	0.0387	1.0000	0.1381	0.9867	0.1635	0.9400	0.0584	0.9833		0.9820
0.0371	1.0000	0.0377	1.0000	0.1403	0.9800	0.1598	0.9400	0.0554	0.9833		0.9807
0.0367	1.0000	0.0365	1.0000	0.1370	0.9733	0.1647	0.9400	0.0559	0.9833		0.9793
0.0365	1.0000	0.0357	1.0000	0.1357	0.9733	0.1698	0.9400	0.0593	0.9833		0.9793
0.0363	1.0000	0.0364	1.0000	0.1372	0.9733	0.1662	0.9400	0.0570	0.9833		0.9793
0.0358	1.0000	0.0361	1.0000	0.1348	0.9733	0.1653	0.9400	0.0563	0.9833		0.9793
fc6_linear_accuracy:0.9820

fc6_rbf
Binh 		Giang		Hung 		Tan  		Thuan		Final accuracy
loss	acc 	loss	acc 	loss	acc 	loss	acc 	loss	acc 	
0.0390	1.0000	0.0309	1.0000	0.2453	0.9267	0.1398	0.9400	0.0447	0.9917		0.9717
0.0350	1.0000	0.0269	1.0000	0.5331	0.9267	0.1432	0.9200	0.0490	0.9833		0.9660
0.0344	1.0000	0.0288	1.0000	0.1691	0.9600	0.1468	0.9300	0.0829	0.9667		0.9713
0.0350	1.0000	0.0286	1.0000	0.1463	0.9667	0.1474	0.9300	0.0508	0.9833		0.9760
0.0341	1.0000	0.0291	1.0000	0.1413	0.9667	0.1490	0.9300	0.0508	0.9833		0.9760
0.0347	1.0000	0.0291	1.0000	0.5301	0.9200	0.1475	0.9300	0.0578	0.9833		0.9667
0.0347	1.0000	0.0279	1.0000	0.4561	0.9333	0.1475	0.9300	0.1029	0.9667		0.9660
fc6_rbf_accuracy:0.9760

fc7_linear
Binh 		Giang		Hung 		Tan  		Thuan		Final accuracy
loss	acc 	loss	acc 	loss	acc 	loss	acc 	loss	acc 	
0.0352	1.0000	0.0309	1.0000	0.1316	0.9800	0.1348	0.9500	0.0752	0.9833		0.9827
0.0364	1.0000	0.0268	1.0000	0.1240	0.9733	0.1477	0.9500	0.0854	0.9833		0.9813
0.0361	1.0000	0.0277	1.0000	0.1230	0.9800	0.1427	0.9500	0.0738	0.9833		0.9827
0.0352	1.0000	0.0261	1.0000	0.1248	0.9800	0.1442	0.9500	0.0699	0.9833		0.9827
0.0346	1.0000	0.0272	1.0000	0.1231	0.9800	0.1476	0.9500	0.0692	0.9833		0.9827
0.0341	1.0000	0.0263	1.0000	0.1220	0.9800	0.1476	0.9500	0.0709	0.9833		0.9827
0.0342	1.0000	0.0267	1.0000	0.1213	0.9800	0.1489	0.9500	0.0698	0.9833		0.9827
fc7_linear_accuracy:0.9827

fc7_rbf
Binh 		Giang		Hung 		Tan  		Thuan		Final accuracy
loss	acc 	loss	acc 	loss	acc 	loss	acc 	loss	acc 	
0.0334	1.0000	0.0213	1.0000	0.1483	0.9533	0.1343	0.9500	0.0595	0.9833		0.9773
0.0317	1.0000	0.0219	1.0000	0.1306	0.9733	0.1367	0.9500	0.0600	0.9833		0.9813
0.0330	1.0000	0.0232	1.0000	0.1292	0.9733	0.1345	0.9500	0.0586	0.9833		0.9813
0.0328	1.0000	0.0241	1.0000	0.1611	0.9667	0.1336	0.9500	0.0609	0.9833		0.9800
0.0327	1.0000	0.0248	1.0000	0.1268	0.9800	0.1324	0.9500	0.0580	0.9833		0.9827
0.0320	1.0000	0.0248	1.0000	0.1263	0.9800	0.1323	0.9500	0.0589	0.9833		0.9827
0.0322	1.0000	0.0246	1.0000	0.1302	0.9733	0.1344	0.9500	0.0583	0.9833		0.9813
fc7_rbf_accuracy:0.9827

prob
Binh 		Giang		Hung 		Tan  		Thuan		Final accuracy
loss	acc 	loss	acc 	loss	acc 	loss	acc 	loss	acc 	
0.0386	1.0000	0.0291	1.0000	0.2278	0.9200	0.1192	0.9600	0.0877	0.9750		0.9710
0.0141	1.0000	0.0063	1.0000	0.1232	0.9667	0.0861	0.9600	0.0484	0.9833		0.9820
0.0124	1.0000	0.0040	1.0000	0.0933	0.9800	0.0618	0.9700	0.1022	0.9750		0.9850
0.0089	1.0000	0.0025	1.0000	0.1171	0.9467	0.0709	0.9700	0.1156	0.9667		0.9767
0.0118	0.9926	0.0021	1.0000	0.1110	0.9533	0.0989	0.9600	0.1230	0.9667		0.9745
0.0081	1.0000	0.0020	1.0000	0.1215	0.9467	0.0884	0.9600	0.0902	0.9833		0.9780
0.0076	1.0000	0.0019	1.0000	0.1119	0.9533	0.0902	0.9600	0.0927	0.9833		0.9793
prob_accuracy:0.9850

