    18      0      0      0      0      0      0      0      0      0      0      0
     0     11      0      0      0      0      0      0      0      7      0      0
     0      0     18      0      0      0      0      0      0      0      0      0
     0      0      0     18      0      0      0      0      0      0      0      0
     0      0      0      0     13      0      0      0      0      0      0      5
     0      0      0      0      0     16      2      0      0      0      0      0
     0      0      0      0      0      0     18      0      0      0      0      0
     0      0      0      0      0      0      0     12      1      5      0      0
     0      0      0      0      0      0      0      0     18      0      0      0
     0      0      0      0      0      0      0      0      0     18      0      0
     0      0      0     18      0      0      0      0      0      0      0      0
     0      0      0      0      5      0      0      0      0      0      0     13
