    17      0      0      1      0      0      0      0      0      0      0      0
     0      0      0      0      0      0      0      0      1     17      0      0
     0      0     18      0      0      0      0      0      0      0      0      0
     0      0      0     18      0      0      0      0      0      0      0      0
     0      0      0      0     18      0      0      0      0      0      0      0
     0      0      0      1      0     11      6      0      0      0      0      0
     0      0      0      1      0      4     13      0      0      0      0      0
     0      9      0      0      0      0      0      0      2      7      0      0
     0      0      0      0      0      0      0      0     12      6      0      0
     0      0      0      0      0      0      0      0      0     18      0      0
     0      0      0     14      0      0      0      0      0      0      4      0
     0      0      0      0     18      0      0      0      0      0      0      0
