output/result/K1_K4_2019-02-21_00.47

fc6_linear
Giang		Hai  		Long 		Minh 		Thuy 		Tuyen		Final accuracy
loss	acc 	loss	acc 	loss	acc 	loss	acc 	loss	acc 	loss	acc 	
5.1676	0.2500	5.9733	0.1667	3.6599	0.1944	3.1394	0.1944	3.9568	0.2778	5.3814	0.3056		0.2315
4.0602	0.3056	4.2976	0.1667	2.9292	0.1944	2.7037	0.2778	3.6013	0.2500	3.2310	0.3889		0.2639
2.8853	0.3611	3.1874	0.1667	2.7827	0.2500	2.8824	0.3889	4.4329	0.2500	4.5318	0.1944		0.2685
3.8349	0.2778	3.9732	0.1389	2.5597	0.1944	2.9079	0.3056	4.8585	0.3056	4.0655	0.2778		0.2500
3.1902	0.3611	4.1426	0.1944	3.3770	0.1667	3.2753	0.2778	3.9028	0.3611	3.8222	0.2500		0.2685
3.1613	0.3611	3.3538	0.0556	2.8376	0.1667	3.2909	0.3056	4.2347	0.3889	3.7078	0.3056		0.2639
2.8953	0.3889	3.5138	0.0833	3.0972	0.1667	3.2673	0.2222	4.4649	0.3889	3.3887	0.2778		0.2546
fc6_linear_accuracy:0.3333

fc6_rbf
Giang		Hai  		Long 		Minh 		Thuy 		Tuyen		Final accuracy
loss	acc 	loss	acc 	loss	acc 	loss	acc 	loss	acc 	loss	acc 	
4.3534	0.1944	5.3815	0.0833	2.5677	0.2222	2.4973	0.4167	3.0517	0.2778	3.0276	0.3333		0.2546
2.3661	0.3056	3.5513	0.2500	2.3456	0.2778	2.2967	0.3611	3.2126	0.3333	2.8682	0.2778		0.3009
2.0226	0.3056	2.5405	0.3333	1.9490	0.3611	2.2984	0.3611	2.7921	0.3333	3.9534	0.1944		0.3148
2.6717	0.2778	2.1967	0.4167	2.2122	0.1389	2.1754	0.4444	3.1738	0.3056	3.0834	0.2222		0.3009
2.6905	0.3333	2.4425	0.3333	2.1036	0.2500	2.1812	0.4444	2.4604	0.5000	2.1649	0.3333		0.3657
2.7324	0.3056	2.1415	0.3333	2.1327	0.2778	2.3019	0.4722	2.6083	0.4444	2.3627	0.3333		0.3611
2.7422	0.3056	1.9065	0.3611	2.1583	0.3056	2.3893	0.4722	2.8548	0.4722	2.3076	0.3333		0.3750
fc6_rbf_accuracy:0.4028

fc7_linear
Giang		Hai  		Long 		Minh 		Thuy 		Tuyen		Final accuracy
loss	acc 	loss	acc 	loss	acc 	loss	acc 	loss	acc 	loss	acc 	
5.4751	0.1667	6.3433	0.1111	4.0298	0.1111	3.3314	0.2500	4.8780	0.2500	4.8963	0.2222		0.1852
3.7583	0.3056	3.4580	0.2222	2.8320	0.2222	2.8347	0.3889	3.8821	0.2500	3.5301	0.4167		0.3009
3.3708	0.3333	3.3763	0.0833	2.7881	0.2222	2.7331	0.4722	3.3702	0.3056	3.2741	0.3889		0.3009
3.5216	0.2500	3.5479	0.2222	2.8299	0.1667	2.6883	0.4444	4.2146	0.2500	3.0842	0.3611		0.2824
3.1763	0.2500	3.3501	0.1111	2.9260	0.1667	2.7818	0.4167	3.9527	0.3333	3.1318	0.2500		0.2546
2.9628	0.2500	3.0942	0.2222	2.6018	0.1944	2.9294	0.3056	4.4412	0.3333	3.0741	0.3889		0.2824
2.7812	0.2222	2.9703	0.1944	2.4926	0.1944	3.0926	0.3333	4.3858	0.3333	2.8619	0.3889		0.2778
fc7_linear_accuracy:0.3333

fc7_rbf
Giang		Hai  		Long 		Minh 		Thuy 		Tuyen		Final accuracy
loss	acc 	loss	acc 	loss	acc 	loss	acc 	loss	acc 	loss	acc 	
4.2375	0.2500	4.9647	0.0833	2.3042	0.2778	2.2564	0.3333	2.8314	0.3333	2.5993	0.2500		0.2546
2.5493	0.2500	1.9721	0.3056	2.0164	0.3056	1.9681	0.4722	2.4750	0.3333	2.4196	0.3056		0.3287
2.2921	0.3056	2.3544	0.1944	2.2044	0.2222	1.9209	0.5000	2.3901	0.3333	2.2125	0.2222		0.2963
2.5467	0.2778	2.4176	0.2222	2.4608	0.1667	2.2105	0.3889	2.4575	0.4167	2.1439	0.2778		0.2917
2.4588	0.2778	2.3536	0.2222	2.3638	0.3056	2.1814	0.4722	2.3300	0.4167	2.1266	0.3611		0.3426
2.2659	0.2778	2.5357	0.2222	2.1782	0.3056	2.1723	0.4722	2.4827	0.4167	2.1297	0.3333		0.3380
2.6757	0.3056	2.4090	0.2778	2.2685	0.3333	2.3726	0.4722	2.8214	0.4167	2.2041	0.3611		0.3611
fc7_rbf_accuracy:0.3704

prob
Giang		Hai  		Long 		Minh 		Thuy 		Tuyen		Final accuracy
loss	acc 	loss	acc 	loss	acc 	loss	acc 	loss	acc 	loss	acc 	
2.1527	0.1944	2.3357	0.1111	2.1866	0.2222	1.9909	0.1667	2.1486	0.1944	2.0434	0.2778		0.1944
1.9444	0.3889	1.8699	0.1667	1.7638	0.2778	1.6150	0.2778	1.7956	0.2778	1.7799	0.1944		0.2639
1.8738	0.2500	2.4664	0.1944	1.8454	0.3056	1.9168	0.2778	1.6950	0.4167	1.8748	0.2778		0.2870
2.5422	0.1667	2.9631	0.2500	2.0795	0.3889	1.9356	0.4167	1.7471	0.3889	2.5928	0.2222		0.3056
2.2677	0.1944	3.3625	0.1667	2.2002	0.3056	1.8215	0.3611	1.7421	0.4444	2.1682	0.2222		0.2824
2.4767	0.2222	2.6024	0.2778	2.4159	0.3611	1.8003	0.4722	1.8921	0.4167	1.9645	0.3611		0.3519
2.5694	0.2222	2.7851	0.2778	2.3747	0.3889	1.9309	0.4167	1.8487	0.4167	2.0636	0.3611		0.3472
prob_accuracy:0.3889

