output/result_backup/table_30Jan2019_original_pre_3_12gestures_fc6_1024_fc7_1024/K2_K3_2019-01-30_17.56

fc6_linear
Giang		Hai  		Long 		Minh 		Thuan		Thuy 		Tuyen		Final accuracy
loss	acc 	loss	acc 	loss	acc 	loss	acc 	loss	acc 	loss	acc 	loss	acc 	
4.0073	0.3611	5.6522	0.0833	5.3072	0.1667	4.5425	0.4167	7.4648	0.2222	5.5591	0.1667	4.9652	0.1667		0.2262
2.3066	0.3611	4.1118	0.1944	4.2559	0.1667	3.7366	0.2222	5.4165	0.1667	3.6022	0.3056	5.1680	0.1389		0.2222
2.2588	0.3611	4.0856	0.2500	2.6454	0.4444	2.6957	0.3333	4.3535	0.3611	3.4342	0.3333	2.5414	0.2778		0.3373
2.0720	0.4722	2.9923	0.3889	2.5659	0.4444	1.9262	0.5278	3.9660	0.3333	2.7199	0.5278	2.5867	0.3333		0.4325
1.9092	0.5000	2.5697	0.4444	2.5090	0.6111	1.7680	0.4167	4.0533	0.4167	2.2667	0.4722	2.4200	0.3611		0.4603
1.8969	0.4722	2.5811	0.4167	2.6276	0.5556	1.8784	0.3611	4.1989	0.3889	2.1254	0.4444	2.3196	0.2778		0.4167
fc6_linear_accuracy:0.4841

fc6_rbf
Giang		Hai  		Long 		Minh 		Thuan		Thuy 		Tuyen		Final accuracy
loss	acc 	loss	acc 	loss	acc 	loss	acc 	loss	acc 	loss	acc 	loss	acc 	
2.3109	0.4167	4.3145	0.0833	4.4678	0.2500	3.3698	0.2778	5.5545	0.0833	5.3633	0.0833	4.3303	0.1389		0.1905
1.8713	0.4167	2.5150	0.1667	3.8548	0.2500	2.2517	0.2778	3.6439	0.1667	2.7332	0.1667	2.5995	0.2778		0.2460
1.5753	0.3889	2.3060	0.2222	2.0997	0.4167	1.9150	0.4167	3.2213	0.2500	2.5493	0.3333	2.4753	0.3056		0.3333
1.5739	0.4444	2.1122	0.1944	2.0165	0.4444	1.6036	0.5000	3.0638	0.2778	2.2778	0.3333	2.6143	0.2500		0.3492
1.6801	0.4444	2.1171	0.2222	1.9761	0.5278	1.4866	0.5000	3.7407	0.0833	2.2319	0.3056	2.0994	0.1944		0.3254
1.8192	0.4444	2.4865	0.1667	2.4185	0.5000	1.8936	0.4722	3.6439	0.1944	2.3768	0.3333	2.2647	0.1944		0.3294
fc6_rbf_accuracy:0.3730

fc7_linear
Giang		Hai  		Long 		Minh 		Thuan		Thuy 		Tuyen		Final accuracy
loss	acc 	loss	acc 	loss	acc 	loss	acc 	loss	acc 	loss	acc 	loss	acc 	
3.4393	0.3056	5.7403	0.0556	3.6946	0.1944	4.2694	0.2222	5.9287	0.1944	3.7289	0.3333	4.6423	0.2222		0.2183
2.5611	0.2778	3.3928	0.2778	3.4259	0.2778	2.5839	0.5278	4.1114	0.2778	3.6644	0.3056	3.1602	0.3056		0.3214
2.2628	0.3889	2.7698	0.3889	2.1309	0.4722	1.6157	0.5278	4.3536	0.2778	2.3846	0.3056	2.1694	0.3889		0.3929
2.3918	0.4167	2.7470	0.4167	1.5769	0.5000	1.4850	0.5556	4.2708	0.3056	2.3294	0.3611	2.1540	0.5278		0.4405
2.2423	0.5000	2.5637	0.4722	1.7368	0.5556	1.4605	0.5278	4.3586	0.3056	2.2844	0.3333	1.8653	0.4722		0.4524
2.1626	0.5000	2.6419	0.4722	1.8379	0.5556	1.4742	0.5833	4.0501	0.3333	2.2989	0.3889	1.9194	0.5000		0.4762
fc7_linear_accuracy:0.4802

fc7_rbf
Giang		Hai  		Long 		Minh 		Thuan		Thuy 		Tuyen		Final accuracy
loss	acc 	loss	acc 	loss	acc 	loss	acc 	loss	acc 	loss	acc 	loss	acc 	
2.3928	0.3056	4.1952	0.1389	3.4271	0.2778	3.7738	0.1667	5.0499	0.1944	2.9666	0.2778	3.6534	0.2222		0.2262
1.8416	0.4444	2.2728	0.2500	2.4666	0.3333	1.8075	0.3889	2.9718	0.2778	2.3453	0.2778	2.2742	0.3611		0.3333
1.5460	0.4722	1.9933	0.2500	2.1419	0.4722	1.4735	0.5833	3.3478	0.2778	2.1469	0.3889	2.0460	0.3056		0.3929
1.5445	0.5000	1.9433	0.3333	1.8202	0.4444	1.4652	0.5000	3.2572	0.2778	1.9598	0.3333	2.0856	0.3611		0.3929
1.6727	0.4444	2.1483	0.3889	1.8565	0.5000	1.7110	0.5000	3.6257	0.2778	2.1554	0.3056	1.9820	0.4167		0.4048
1.6101	0.4444	2.1868	0.3056	1.9470	0.5000	1.4130	0.5833	3.9497	0.3333	2.1311	0.5000	1.8877	0.3889		0.4365
fc7_rbf_accuracy:0.4603

prob
Giang		Hai  		Long 		Minh 		Thuan		Thuy 		Tuyen		Final accuracy
loss	acc 	loss	acc 	loss	acc 	loss	acc 	loss	acc 	loss	acc 	loss	acc 	
2.2281	0.3611	2.3577	0.1667	2.3336	0.1389	2.2567	0.2778	2.4373	0.1111	2.2985	0.1111	2.2865	0.2222		0.1984
1.5653	0.4167	2.0801	0.1944	1.7410	0.3333	1.5030	0.4722	2.8915	0.1389	1.6690	0.3056	1.7780	0.3333		0.3135
1.4689	0.4167	2.0791	0.2778	1.6424	0.3611	1.2953	0.5000	2.7942	0.3056	1.5267	0.4167	1.8736	0.3333		0.3730
1.5436	0.4444	2.0952	0.3333	1.6571	0.4167	1.2444	0.6111	3.1493	0.2500	1.6911	0.4722	1.7950	0.3333		0.4087
1.3716	0.4444	2.0559	0.3333	1.7377	0.3333	1.1570	0.5000	3.2875	0.3056	1.6973	0.4444	1.7661	0.2500		0.3730
1.5729	0.4444	2.1755	0.3611	1.6901	0.4444	1.1408	0.6111	3.7361	0.2500	1.7714	0.4444	1.6273	0.3611		0.4167
prob_accuracy:0.4286

