output/result_backup/table_05Feb2019_original_pre_3_12gestures/K1_K2_2019-02-05_19.23

fc6_linear
Giang		Hai  		Long 		Minh 		Thuan		Thuy 		Tuyen		Final accuracy
loss	acc 	loss	acc 	loss	acc 	loss	acc 	loss	acc 	loss	acc 	loss	acc 	
5.6241	0.0833	5.3538	0.0833	5.0938	0.1667	4.9998	0.0833	4.9531	0.1111	6.4776	0.1389	3.7914	0.1667		0.1190
5.1333	0.1389	4.2526	0.1111	4.0398	0.0833	4.2897	0.0556	4.8729	0.0833	7.0369	0.0833	3.8803	0.1111		0.0952
4.2686	0.1111	3.8614	0.1944	4.0966	0.3333	5.0419	0.0833	3.9650	0.1111	5.2830	0.1111	6.3649	0.0833		0.1468
4.1661	0.1111	3.7018	0.1667	4.5886	0.2778	4.9658	0.0833	3.8902	0.0556	5.3653	0.0833	3.6543	0.2778		0.1508
3.6356	0.1389	3.8877	0.1111	4.5570	0.2500	5.2732	0.0833	3.4025	0.0556	5.1441	0.1389	3.2742	0.2222		0.1429
3.8385	0.0833	3.6174	0.1111	4.1969	0.1944	5.5795	0.0833	3.4279	0.1389	4.5453	0.0000	3.6486	0.2500		0.1230
fc6_linear_accuracy:0.1865

fc6_rbf
Giang		Hai  		Long 		Minh 		Thuan		Thuy 		Tuyen		Final accuracy
loss	acc 	loss	acc 	loss	acc 	loss	acc 	loss	acc 	loss	acc 	loss	acc 	
4.2368	0.0833	3.8809	0.1389	3.8022	0.1389	3.8569	0.1667	3.9251	0.1667	4.5942	0.1389	3.6244	0.1667		0.1429
4.1444	0.1111	4.0240	0.1667	3.5039	0.1667	3.6428	0.0833	3.4820	0.0833	3.7959	0.0833	3.6278	0.1389		0.1190
3.5357	0.1389	3.2769	0.1667	3.4645	0.2778	3.5096	0.0833	3.1879	0.1667	4.0567	0.1111	4.3476	0.0833		0.1468
3.3881	0.1389	3.2523	0.2500	3.6948	0.1944	3.4597	0.0556	2.9751	0.2500	3.9411	0.0278	3.1734	0.3333		0.1786
3.3523	0.1389	3.2783	0.1667	3.4236	0.1944	3.4525	0.1111	2.9290	0.2222	3.4699	0.0556	2.9862	0.3333		0.1746
3.4707	0.1389	3.3679	0.1667	3.3668	0.1944	3.6947	0.0833	3.2332	0.0833	3.7168	0.0278	2.8745	0.3333		0.1468
fc6_rbf_accuracy:0.2222

fc7_linear
Giang		Hai  		Long 		Minh 		Thuan		Thuy 		Tuyen		Final accuracy
loss	acc 	loss	acc 	loss	acc 	loss	acc 	loss	acc 	loss	acc 	loss	acc 	
4.9687	0.1111	4.2728	0.1667	4.2956	0.1389	4.7784	0.0833	4.4098	0.0833	5.5684	0.1389	4.2025	0.1389		0.1230
5.4340	0.1111	3.2860	0.1111	4.5793	0.1667	4.1258	0.0833	3.8420	0.1111	5.0145	0.1944	3.8395	0.1389		0.1310
4.1864	0.1389	3.4278	0.1389	4.5394	0.1667	4.2916	0.0833	3.7761	0.2222	4.5629	0.1667	4.2746	0.1667		0.1548
4.1767	0.1944	2.9737	0.1389	3.8521	0.2222	4.2296	0.1389	3.7450	0.1667	4.1193	0.0833	3.2183	0.2500		0.1706
4.0015	0.1667	3.2914	0.0833	3.4802	0.2222	3.8053	0.1667	3.3998	0.1389	3.8849	0.1111	3.3309	0.2500		0.1627
3.8100	0.1667	2.9790	0.1389	3.5179	0.1944	3.8812	0.1111	3.4821	0.1389	3.6828	0.0833	3.5614	0.2500		0.1548
fc7_linear_accuracy:0.2024

fc7_rbf
Giang		Hai  		Long 		Minh 		Thuan		Thuy 		Tuyen		Final accuracy
loss	acc 	loss	acc 	loss	acc 	loss	acc 	loss	acc 	loss	acc 	loss	acc 	
4.0165	0.1111	3.3933	0.1944	3.7696	0.1389	3.7789	0.0833	3.6059	0.1667	4.0169	0.1667	3.7848	0.1667		0.1468
3.6602	0.2500	3.1265	0.1667	3.8638	0.2222	3.5769	0.0833	3.5383	0.1667	4.0993	0.0833	3.9152	0.1389		0.1587
3.3143	0.1389	3.0288	0.1667	3.5344	0.2778	3.5425	0.1111	2.9423	0.1667	3.7915	0.0833	3.2482	0.2500		0.1706
3.3982	0.1667	2.8612	0.2222	3.5090	0.2500	3.4551	0.0833	2.8544	0.2500	3.4159	0.0556	3.2254	0.2778		0.1865
3.1259	0.1667	2.7943	0.1389	3.3857	0.2222	3.2974	0.1944	3.0657	0.1389	3.6392	0.0000	3.0214	0.3333		0.1706
3.1704	0.1667	2.7984	0.1389	3.2308	0.1944	3.1865	0.1667	3.0443	0.2222	3.3881	0.0556	3.1813	0.3333		0.1825
fc7_rbf_accuracy:0.2421

prob
Giang		Hai  		Long 		Minh 		Thuan		Thuy 		Tuyen		Final accuracy
loss	acc 	loss	acc 	loss	acc 	loss	acc 	loss	acc 	loss	acc 	loss	acc 	
2.5241	0.0833	2.5916	0.0278	2.4597	0.1389	2.6430	0.1667	2.5982	0.1111	2.3269	0.1389	2.4691	0.1111		0.1111
2.6349	0.1389	2.3466	0.1667	2.1356	0.2500	2.4945	0.1111	2.3854	0.2222	2.6147	0.1389	2.6363	0.1667		0.1706
2.6139	0.1667	2.4080	0.2222	2.4322	0.2222	2.6638	0.1111	2.3182	0.2500	2.8051	0.0556	2.6774	0.2500		0.1825
3.1124	0.1389	2.7794	0.1111	2.6032	0.2500	2.6218	0.0278	2.5485	0.1667	2.8701	0.1111	2.5386	0.3056		0.1587
3.2274	0.1389	2.4563	0.1667	2.6282	0.2500	2.7306	0.0833	2.7309	0.1667	3.1617	0.1389	2.7245	0.2222		0.1667
2.7005	0.1667	2.5157	0.0833	2.7709	0.2222	2.5920	0.1111	2.5185	0.2778	3.0498	0.0556	2.3442	0.2500		0.1667
prob_accuracy:0.2183

