    45      0      0      0      0      0      0      0      0      0      0      0
     0     43      2      0      0      0      0      0      0      0      0      0
     0      1     44      0      0      0      0      0      0      0      0      0
     0      0      0     45      0      0      0      0      0      0      0      0
     0      0      0      0     45      0      0      0      0      0      0      0
     0      0      0      0      0     45      0      0      0      0      0      0
     0      0      0      0      0      0     45      0      0      0      0      0
     0      0      0      0      0      0      0     45      0      0      0      0
     0      0      0      0      0      0      0      0     45      0      0      0
     0      1      0      0      0      0      0      0      0     44      0      0
     0      0      0     18      0      0      0      0      0      0     27      0
     0      0      0      0     41      0      0      0      0      0      0      4
