     0      0      0      2      1      0      0      0      0      0      0     15
     0     16      2      0      0      0      0      0      0      0      0      0
     0      0     15      3      0      0      0      0      0      0      0      0
     0      1      0     17      0      0      0      0      0      0      0      0
     0      1      4      2      5      0      0      0      0      0      0      6
     0      0      1      0      0     14      0      0      0      0      0      3
     0      0      1      6      2      3      2      0      1      0      0      3
     0     17      0      0      0      0      0      0      1      0      0      0
     0     18      0      0      0      0      0      0      0      0      0      0
     0     15      1      2      0      0      0      0      0      0      0      0
     0      0      1     14      1      0      0      0      0      0      0      2
     0      1      3      0      1      0      0      0      1      0      0     12
