     0      0      0     14      1      0      0      0      0      0      0      0
     0      5      0      0      1      0      0      0      7      2      0      0
     0      0     13      0      0      2      0      0      0      0      0      0
     0      0      0     15      0      0      0      0      0      0      0      0
     0      0      0      6      9      0      0      0      0      0      0      0
     0      0      0      1      3     11      0      0      0      0      0      0
     0      0      0      9      3      3      0      0      0      0      0      0
     0      0      0      0      0      0      0      0     14      1      0      0
     0      0      0      0      0      0      0      0     10      5      0      0
     0      3      0      0      0      0      0      0      6      6      0      0
     0      0      0     14      1      0      0      0      0      0      0      0
     0      0      0      5     10      0      0      0      0      0      0      0
