    43      1      0      0      0      1      0      0      0      0      0      0
     0     41      1      0      1      0      0      0      0      2      0      0
     0      0     39      3      1      2      0      0      0      0      0      0
     0      0      0     39      1      1      0      0      0      0      3      1
     1      0      1      0     29      0      0      0      0      0      0     14
     3      0      0      0      0     37      4      0      0      0      0      1
     0      0      0      0      0      2     43      0      0      0      0      0
     0      1      0      0      0      0      0     44      0      0      0      0
     0      0      0      0      0      0      0      0     45      0      0      0
     0      2      0      0      0      0      0      0      0     43      0      0
     0      0      0      9      0      0      0      0      0      0     36      0
     0      0      0      0      1      0      0      0      0      0      0     44
