output/result_backup/table_30Jan2019_original_pre_3_12gestures_fc6_1024_fc7_1024/K2_K2_2019-01-30_16.08

fc6_linear
Giang		Hai  		Long 		Minh 		Thuan		Thuy 		Tuyen		Final accuracy
loss	acc 	loss	acc 	loss	acc 	loss	acc 	loss	acc 	loss	acc 	loss	acc 	
1.6197	0.3333	1.7722	0.5278	1.4679	0.6667	1.8551	0.4167	5.7115	0.2778	3.0038	0.5000	1.3559	0.6667		0.4841
1.2854	0.5833	1.0451	0.6667	1.1804	0.5000	1.4200	0.5000	3.3448	0.3611	1.7069	0.5833	1.0029	0.6111		0.5437
1.3477	0.5833	1.4748	0.6389	1.2340	0.5278	1.5865	0.5833	3.8038	0.4444	1.8498	0.5833	0.7797	0.7222		0.5833
1.2614	0.6389	1.6738	0.5556	1.0996	0.5833	1.3593	0.5000	3.8805	0.5000	1.6441	0.6111	0.6997	0.7500		0.5913
1.1155	0.6667	1.5881	0.5556	1.3138	0.6389	1.4685	0.5000	3.8016	0.3889	1.4404	0.6667	0.7417	0.7778		0.5992
1.1337	0.6667	1.6911	0.5278	1.2428	0.5278	1.4168	0.5833	3.8408	0.4444	1.5014	0.6389	0.8099	0.7500		0.5913
fc6_linear_accuracy:0.6468

fc6_rbf
Giang		Hai  		Long 		Minh 		Thuan		Thuy 		Tuyen		Final accuracy
loss	acc 	loss	acc 	loss	acc 	loss	acc 	loss	acc 	loss	acc 	loss	acc 	
1.7171	0.3056	1.6592	0.5000	1.2558	0.5556	1.6915	0.3333	3.7121	0.2500	2.2090	0.5000	1.1204	0.6667		0.4444
1.1536	0.6111	1.1377	0.6389	1.1075	0.6667	1.2574	0.5000	2.2829	0.4722	1.6249	0.5833	0.9967	0.6944		0.5952
1.2364	0.6389	1.1509	0.5556	1.0485	0.5833	1.2105	0.5556	2.2273	0.4722	1.5082	0.5833	0.9877	0.6111		0.5714
1.2259	0.5556	1.4145	0.5556	0.8874	0.6389	1.2453	0.5556	2.4993	0.4722	1.5794	0.5556	0.9358	0.5833		0.5595
1.0966	0.6944	1.5042	0.5556	0.9813	0.5833	1.2977	0.5556	2.9328	0.4444	1.4903	0.6111	0.9707	0.6389		0.5833
1.0354	0.6944	1.5249	0.5556	0.9944	0.6111	1.3488	0.6111	3.3702	0.3333	1.5182	0.6111	0.9293	0.6111		0.5754
fc6_rbf_accuracy:0.6270

fc7_linear
Giang		Hai  		Long 		Minh 		Thuan		Thuy 		Tuyen		Final accuracy
loss	acc 	loss	acc 	loss	acc 	loss	acc 	loss	acc 	loss	acc 	loss	acc 	
1.4615	0.5278	1.9456	0.6111	1.7710	0.4444	1.9507	0.4722	2.5089	0.3611	1.8314	0.5833	1.1717	0.6667		0.5238
1.3872	0.3333	1.3307	0.5833	1.2648	0.4444	1.5796	0.5278	2.8996	0.3889	1.5798	0.5556	1.2042	0.5833		0.4881
1.0746	0.6667	1.1725	0.6667	1.3636	0.5000	1.6894	0.5000	3.6778	0.3333	1.8748	0.5833	0.8504	0.6667		0.5595
1.1734	0.6667	1.5535	0.5833	1.3603	0.5278	1.6817	0.5000	3.8218	0.3611	1.8917	0.5556	0.9114	0.6667		0.5516
1.3714	0.6389	1.9687	0.5833	1.3511	0.5278	1.3844	0.5833	3.4912	0.4167	1.7309	0.5833	0.9171	0.6944		0.5754
1.3847	0.6667	2.0248	0.6389	1.3306	0.5278	1.4196	0.5556	3.4072	0.4167	1.7712	0.5556	0.8340	0.7500		0.5873
fc7_linear_accuracy:0.5992

fc7_rbf
Giang		Hai  		Long 		Minh 		Thuan		Thuy 		Tuyen		Final accuracy
loss	acc 	loss	acc 	loss	acc 	loss	acc 	loss	acc 	loss	acc 	loss	acc 	
1.5949	0.4444	1.6325	0.5278	1.4299	0.5000	1.6598	0.5278	2.0807	0.3889	1.9504	0.5278	0.9765	0.6944		0.5159
1.2118	0.6667	1.2557	0.5278	1.0168	0.5833	1.2003	0.5833	1.9494	0.4722	1.5453	0.5000	0.9845	0.6111		0.5635
1.2113	0.6389	1.3843	0.5556	1.0076	0.5278	1.2087	0.4444	1.9421	0.4722	1.6180	0.5556	0.9566	0.5833		0.5397
1.2260	0.6111	1.7097	0.5278	0.9612	0.6111	1.3235	0.5833	2.0578	0.4722	1.6541	0.5556	0.9719	0.5556		0.5595
1.0269	0.6389	1.7014	0.5278	0.9813	0.6111	1.2541	0.6667	3.0553	0.5000	1.6053	0.6111	0.8696	0.6667		0.6032
1.1641	0.6111	1.7972	0.5278	0.9915	0.5833	1.3058	0.5833	3.2354	0.5000	1.7448	0.5833	0.9275	0.6667		0.5794
fc7_rbf_accuracy:0.6151

prob
Giang		Hai  		Long 		Minh 		Thuan		Thuy 		Tuyen		Final accuracy
loss	acc 	loss	acc 	loss	acc 	loss	acc 	loss	acc 	loss	acc 	loss	acc 	
2.1708	0.2500	2.1655	0.2500	2.3005	0.1389	2.1731	0.2500	2.3093	0.1944	2.1472	0.3611	2.1981	0.2500		0.2421
1.3364	0.5000	1.2833	0.5000	1.5191	0.4722	1.2714	0.5278	2.0366	0.4444	1.3814	0.4444	1.1260	0.6389		0.5040
1.0008	0.6389	1.0262	0.5556	1.1677	0.5833	1.1989	0.5000	2.1893	0.5000	1.2134	0.5833	0.7158	0.6389		0.5714
1.0630	0.5000	1.3758	0.4722	1.0514	0.4722	1.1648	0.5000	2.6854	0.5000	1.4146	0.6111	0.6068	0.6944		0.5357
0.8749	0.6111	1.2150	0.5556	1.0130	0.5000	1.1079	0.5278	2.7746	0.5000	1.4587	0.5833	0.8695	0.6111		0.5556
0.9057	0.6111	1.5991	0.5278	0.9341	0.5278	1.0949	0.5833	2.9386	0.4444	1.8783	0.5556	0.5869	0.7778		0.5754
prob_accuracy:0.6071

