     0      0      0      3      8      0      0      0      7      0      0      0
     0      0      0      0      0      0      0      0      9      9      0      0
     0      0     15      3      0      0      0      0      0      0      0      0
     0      0      0     18      0      0      0      0      0      0      0      0
     0      0      0      6     12      0      0      0      0      0      0      0
     0      0      5      9      4      0      0      0      0      0      0      0
     0      0      4     14      0      0      0      0      0      0      0      0
     0      0      0      0      0      0      0     18      0      0      0      0
     0      0      0      0      0      0      0      0     18      0      0      0
     0      0      0      0      0      0      0      0      4     14      0      0
     0      0      0     18      0      0      0      0      0      0      0      0
     0      0      0      4     14      0      0      0      0      0      0      0
