    12      0      0      0      0      3      0      0      0      0      0      0
     0      0      0      0      0      0      0      0      0     15      0      0
     0      0      9      0      0      5      1      0      0      0      0      0
     0      0      0     10      1      4      0      0      0      0      0      0
     0      0      0      0      7      8      0      0      0      0      0      0
     0      0      0      0      0     15      0      0      0      0      0      0
     0      0      0      0      0      8      7      0      0      0      0      0
     0      0      0      0      0      0      0      2      1     12      0      0
     0      0      0      0      0      0      0      0     14      1      0      0
     0      0      0      0      0      0      0      0      1     14      0      0
     0      0      0      9      0      3      3      0      0      0      0      0
     0      0      0      0     11      4      0      0      0      0      0      0
