     0      9      0      8      0      0      0      0      0      0      1      0
     0     14      0      1      0      0      0      0      0      3      0      0
     0      0     18      0      0      0      0      0      0      0      0      0
     0      0      0     15      1      0      0      0      0      0      0      2
     0      0      0      3      8      0      0      0      0      0      0      7
     0      0      0      1      0      4     13      0      0      0      0      0
     0      0      0      0      1      0     17      0      0      0      0      0
     0     17      0      0      0      0      0      0      1      0      0      0
     0      3      0      0      0      0      0      0     14      1      0      0
     0     10      0      0      0      0      0      0      0      8      0      0
     0      0      0     12      1      0      0      0      0      0      3      2
     0      0      0      0      9      0      0      0      0      0      3      6
