    15      0      0      0      0      0      0      0      0      0      0      0
     0     14      0      0      0      0      0      0      0      1      0      0
     0      0     14      0      0      0      0      0      1      0      0      0
     0      0      0     15      0      0      0      0      0      0      0      0
     1      0      0      1     13      0      0      0      0      0      0      0
     0      0      0      0      0     12      1      0      2      0      0      0
     0      0      0      0      0      0     13      0      2      0      0      0
     0      0      0      0      0      0      0     13      0      2      0      0
     0      1      0      0      0      0      0      0     14      0      0      0
     0      4      0      0      0      0      0      2      0      9      0      0
     0      0      0     11      0      0      0      0      0      0      4      0
     1      0      0      2      8      0      0      0      0      0      0      4
