    42      0      0      1      0      2      0      0      0      0      0      0
     0     42      3      0      0      0      0      0      0      0      0      0
     0      2     42      0      0      0      0      1      0      0      0      0
     0      4      0     41      0      0      0      0      0      0      0      0
     0      0      0      0      0      0      0      0      0      0      0     45
     0      1      0      0      0     44      0      0      0      0      0      0
     0      0      0      0      0     18     27      0      0      0      0      0
     0     13      0      0      0      0      0     24      8      0      0      0
     0      0      0      0      0      0      0      0     43      1      0      1
     0     17      0      0      0      0      0      0      0     28      0      0
     1      0      0     27      0      0      0      0      0      0     17      0
     0      0      0      0      0      0      0      0      0      0      0     45
