    18      0      0      0      0      0      0      0      0      0      0      0
     0      6      0      0      0      0      0      0      3      9      0      0
     0      0     18      0      0      0      0      0      0      0      0      0
     0      0      0      6      1      0      0      0      0      0     10      1
     0      0      0      0     12      0      0      0      0      0      0      6
     0      0      0      0      0     18      0      0      0      0      0      0
     0      0      0      0      0      0     18      0      0      0      0      0
     0      0      0      0      0      0      0     13      0      5      0      0
     0      0      0      0      0      0      0      0     16      2      0      0
     0      0      0      0      0      0      0      0      0     18      0      0
     0      0      0      2      0      0      0      0      0      0     15      1
     0      0      0      0      2      0      0      0      0      0      0     16
