    15      0      0      0      0      0      0      0      0      0      0      0
     0     14      0      0      0      0      0      1      0      0      0      0
     0      0     14      0      0      0      0      1      0      0      0      0
     0      0      0     15      0      0      0      0      0      0      0      0
    10      0      0      0      1      0      0      0      0      0      0      4
     0      0      0      0      0     11      2      0      2      0      0      0
     0      0      2      0      0      1      9      0      3      0      0      0
     0      3      0      0      0      0      0     11      1      0      0      0
     0      1      0      0      0      0      0      3     11      0      0      0
     0     11      0      0      0      0      0      3      0      1      0      0
     0      0      2     13      0      0      0      0      0      0      0      0
    10      0      1      0      0      0      0      0      0      0      0      4
