    44      0      0      0      0      1      0      0      0      0      0      0
     0     41      0      0      0      2      0      0      1      1      0      0
     0      1     41      0      0      2      1      0      0      0      0      0
     0      1      0     37      0      0      0      0      0      0      7      0
     1      0      0      0      1      3      0      0      0      0      0     40
     0      0      0      0      0     44      1      0      0      0      0      0
     0      0      0      0      0      2     43      0      0      0      0      0
     0      2      0      0      0      0      0     43      0      0      0      0
     0      7      1      0      0      0      0      0     37      0      0      0
     0     20      0      0      0      0      0      0      0     25      0      0
     0      0      0      4      0      0      0      0      0      0     41      0
     0      0      0      0      0      1      0      0      0      0      0     44
