    90      0      0      0      0      0      0      0      0      0      0      0
     0     67      0      0      0      0      0      3      6     14      0      0
     0      0     90      0      0      0      0      0      0      0      0      0
     0      0      0     70      0      0      0      0      0      0     20      0
     0      0      0      1     71      0      0      0      0      0      1     17
     0      0      0      0      0     89      1      0      0      0      0      0
     0      0      0      0      0      0     90      0      0      0      0      0
     0      3      0      0      0      0      0     83      1      3      0      0
     0      6      0      0      0      0      0      1     72     11      0      0
     0      5      0      0      0      0      0      2      5     78      0      0
     0      0      0     11      0      0      0      0      0      0     74      5
     0      0      0      1     19      0      0      0      0      0      0     70
