    90      0      0      0      0      0      0      0      0      0      0      0
     4     12      0      1      0      0      0      0     10     63      0      0
     0      0     90      0      0      0      0      0      0      0      0      0
     0      0      0     88      0      1      0      0      0      0      0      1
     2      0      0      5     14      4      0      0      0      0      0     65
     0      0      0      0      0     90      0      0      0      0      0      0
     0      0      0      0      0      6     84      0      0      0      0      0
     0      2      0      0      0      0      0      0     30     58      0      0
     0      0      0      0      0      0      0      0     39     51      0      0
     0      0      0      0      0      0      0      0      0     90      0      0
     0      0      0     72      0      1      0      0      0      0      7     10
     0      0      0      7      2      1      0      0      0      0      0     80
