     0      3      0      6      6      2      0      0      0      0      0      1
     0     17      0      1      0      0      0      0      0      0      0      0
     0      0     18      0      0      0      0      0      0      0      0      0
     0      1      0     11      6      0      0      0      0      0      0      0
     0      2      0      0     13      0      0      0      0      0      0      3
     0      0      0      3      2     13      0      0      0      0      0      0
     0      0      1      5      6      5      0      0      0      0      0      1
     0     18      0      0      0      0      0      0      0      0      0      0
     0     18      0      0      0      0      0      0      0      0      0      0
     0     16      0      2      0      0      0      0      0      0      0      0
     0      0      0     12      6      0      0      0      0      0      0      0
     0      2      0      0      8      0      0      0      0      0      0      8
