    45      0      0      0      0      0      0      0      0      0      0      0
     0     39      0      0      0      0      0      0      5      1      0      0
     0      0     45      0      0      0      0      0      0      0      0      0
     0      0      0     44      0      0      1      0      0      0      0      0
     0      0      0      8     21      2      3      0      0      0      0     11
     0      0      0      0      0     43      2      0      0      0      0      0
     0      0      0      0      0      0     45      0      0      0      0      0
     0      0      0      0      0      0      0     31     14      0      0      0
     0      0      0      0      0      0      0      0     45      0      0      0
     0      5      0      0      0      0      0      0      9     31      0      0
     0      0      0     42      0      0      1      0      0      0      0      2
     1      0      0      0      1      0      0      0      0      0      0     43
