    18      0      0      0      0      0      0      0      0      0      0      0
     0      5      0      0      0      0      0      0      0     13      0      0
     0      0     18      0      0      0      0      0      0      0      0      0
     0      0      0     15      3      0      0      0      0      0      0      0
     0      0      0      0     18      0      0      0      0      0      0      0
     0      0      0      0      0     18      0      0      0      0      0      0
     0      0      0      0      0      7     11      0      0      0      0      0
     0      1      0      0      0      0      0     12      0      5      0      0
     0      0      0      0      0      0      0      0     18      0      0      0
     0      0      0      0      0      0      0      0      1     17      0      0
     0      0      0     11      5      0      0      0      0      0      2      0
     0      0      0      0     18      0      0      0      0      0      0      0
