    18      0      0      0      0      0      0      0      0      0      0      0
     0      6      0      0      0      0      0      1      0     11      0      0
     0      0     18      0      0      0      0      0      0      0      0      0
     0      0      0     18      0      0      0      0      0      0      0      0
     0      0      0      0     12      0      0      0      0      0      0      6
     0      0      0      0      0     17      1      0      0      0      0      0
     0      0      0      0      0      0     18      0      0      0      0      0
     0      1      0      0      0      0      0     15      0      2      0      0
     0      0      0      0      0      0      0      0     18      0      0      0
     0      0      0      0      0      0      0      0      0     18      0      0
     0      0      0      1      0      0      0      0      0      0     15      2
     0      0      0      0      3      0      0      0      0      0      0     15
