output/result_backup/table_30Jan2019_original_12gestures/K3_K5_2019-02-05_11.11

fc6_linear
Giang		Hai  		Long 		Minh 		Thuan		Thuy 		Tuyen		Final accuracy
loss	acc 	loss	acc 	loss	acc 	loss	acc 	loss	acc 	loss	acc 	loss	acc 	
3.5973	0.1111	3.3629	0.1389	2.9665	0.2778	3.0729	0.2222	3.8232	0.1667	2.8203	0.2500	3.0514	0.3889		0.2222
2.9926	0.1944	2.4243	0.2778	2.0544	0.4167	1.7166	0.3889	3.2059	0.2222	1.6849	0.3333	2.3459	0.4167		0.3214
2.6468	0.2778	2.3203	0.4167	1.7645	0.5556	1.6563	0.5000	3.4725	0.2500	1.9931	0.4167	2.3300	0.5000		0.4167
2.6186	0.1944	1.9050	0.3333	1.9054	0.5278	1.5881	0.5278	3.0744	0.2778	1.9669	0.5833	2.1941	0.5000		0.4206
2.1611	0.3611	1.9141	0.3333	1.8549	0.4167	1.8379	0.5000	2.8046	0.3056	1.9911	0.6389	2.3866	0.5000		0.4365
2.4559	0.3056	1.7888	0.4722	1.5682	0.4722	1.5944	0.5000	2.7806	0.2500	1.9028	0.5278	2.2695	0.5000		0.4325
fc6_linear_accuracy:0.4802

fc6_rbf
Giang		Hai  		Long 		Minh 		Thuan		Thuy 		Tuyen		Final accuracy
loss	acc 	loss	acc 	loss	acc 	loss	acc 	loss	acc 	loss	acc 	loss	acc 	
3.9620	0.1944	3.1830	0.1944	1.9874	0.3333	2.5297	0.2500	3.1663	0.1944	2.3493	0.3889	2.5660	0.3056		0.2659
2.8354	0.1944	2.5599	0.2500	1.8965	0.3889	1.6471	0.4722	2.6563	0.2500	1.7343	0.5278	2.0296	0.3889		0.3532
2.6118	0.3333	2.0075	0.4444	1.8647	0.4444	1.7295	0.4722	2.2958	0.2500	1.7278	0.5556	1.8285	0.4722		0.4246
2.4638	0.2500	1.9227	0.4167	1.6177	0.5278	1.5223	0.4722	2.2934	0.3611	1.4485	0.5556	1.9492	0.5000		0.4405
2.2288	0.4167	1.7846	0.4722	1.6139	0.4722	1.5621	0.5278	2.3761	0.2500	1.4816	0.6111	1.9164	0.4722		0.4603
2.1489	0.4444	1.8545	0.3889	1.5032	0.5556	1.4785	0.5278	2.3969	0.3056	1.5295	0.6111	1.8732	0.4722		0.4722
fc6_rbf_accuracy:0.4960

fc7_linear
Giang		Hai  		Long 		Minh 		Thuan		Thuy 		Tuyen		Final accuracy
loss	acc 	loss	acc 	loss	acc 	loss	acc 	loss	acc 	loss	acc 	loss	acc 	
4.0986	0.1944	3.1806	0.1944	3.2036	0.3333	3.2297	0.2778	3.6804	0.1944	3.4239	0.3056	3.2909	0.5000		0.2857
2.9591	0.2222	2.0251	0.4444	2.0758	0.4167	1.8168	0.5000	3.2477	0.1667	1.5271	0.3611	2.1386	0.4444		0.3651
2.6833	0.3333	2.3480	0.5000	1.5470	0.4722	1.5932	0.3611	3.5361	0.2500	2.1109	0.3889	2.0841	0.6111		0.4167
2.4660	0.3056	1.8759	0.4167	1.5625	0.4722	1.7215	0.4167	2.8730	0.3056	1.5830	0.5833	2.2740	0.4722		0.4246
2.3946	0.3333	2.0185	0.3056	1.7387	0.3611	1.7875	0.5000	2.7773	0.2500	1.8283	0.5000	2.2461	0.4444		0.3849
2.4510	0.3333	1.9064	0.3333	1.5395	0.4444	1.7883	0.5000	2.6938	0.2500	1.6684	0.5000	2.4591	0.4167		0.3968
fc7_linear_accuracy:0.4722

fc7_rbf
Giang		Hai  		Long 		Minh 		Thuan		Thuy 		Tuyen		Final accuracy
loss	acc 	loss	acc 	loss	acc 	loss	acc 	loss	acc 	loss	acc 	loss	acc 	
3.7609	0.2222	2.8361	0.1389	2.1532	0.3611	2.0927	0.4167	2.5311	0.1944	2.2521	0.3611	2.3529	0.3611		0.2937
2.8398	0.2500	2.0604	0.3889	1.9718	0.4167	1.6212	0.4444	2.5702	0.2500	1.8287	0.5278	1.7934	0.5000		0.3968
2.7347	0.2778	2.0264	0.4167	1.7862	0.3333	1.5866	0.4722	2.3417	0.2500	1.6546	0.4722	1.7763	0.5278		0.3929
2.7828	0.1944	1.7912	0.4444	1.5235	0.4167	1.5828	0.5833	2.2319	0.3333	1.4365	0.6111	1.8523	0.5000		0.4405
2.3585	0.4722	1.7972	0.3889	1.5963	0.4722	1.6411	0.5000	2.2984	0.2778	1.5289	0.6389	2.0207	0.3611		0.4444
2.1882	0.4444	1.8572	0.3889	1.4938	0.5278	1.5273	0.5278	2.2349	0.2778	1.5010	0.6111	1.9685	0.4444		0.4603
fc7_rbf_accuracy:0.5040

prob
Giang		Hai  		Long 		Minh 		Thuan		Thuy 		Tuyen		Final accuracy
loss	acc 	loss	acc 	loss	acc 	loss	acc 	loss	acc 	loss	acc 	loss	acc 	
2.4851	0.1944	2.6108	0.2222	2.4948	0.2222	2.4110	0.2500	2.6923	0.1111	2.4059	0.3056	2.3072	0.4167		0.2460
2.4011	0.2222	2.2773	0.1389	2.0297	0.2500	2.1030	0.3056	2.8554	0.1111	1.7797	0.3611	2.4763	0.1389		0.2183
1.9907	0.3611	1.9371	0.2778	1.7726	0.3889	1.3108	0.5278	2.3895	0.3333	1.5618	0.4444	1.4601	0.5556		0.4127
2.4873	0.3056	2.4095	0.3611	1.7694	0.3611	1.9582	0.4167	3.1658	0.3056	1.7196	0.4167	1.5417	0.4444		0.3730
2.8280	0.3611	2.0431	0.3333	1.9426	0.4444	1.0731	0.5556	3.0661	0.2778	1.6618	0.4167	3.6220	0.2500		0.3770
2.2904	0.4722	1.7372	0.3611	1.7128	0.5278	1.2351	0.5000	2.8996	0.3611	1.4107	0.5833	2.2258	0.3333		0.4484
prob_accuracy:0.4881

