     1      0      0      0      7      0      8      0      0      0      0      2
     0      1      0      0      0      0      1      2      0     14      0      0
     0      0      0      1      4      0     11      0      0      0      0      2
     0      0      0      4     10      0      3      0      0      0      0      1
     0      0      0      3     10      0      1      0      0      0      0      4
     0      0      0      0      0      3     15      0      0      0      0      0
     0      0      0      1      0      0     17      0      0      0      0      0
     0      0      0      0      0      0      0      6      0     12      0      0
     0      2      0      0      0      0      0      1      0     15      0      0
     0      0      0      0      0      0      0      3      0     15      0      0
     0      0      0      3     10      0      3      0      0      0      0      2
     0      0      0      0     11      0      1      0      0      0      0      6
