    15      0      0      0      0      0      0      0      0      0      0      0
     0     11      0      0      0      0      0      0      1      3      0      0
     0      0     15      0      0      0      0      0      0      0      0      0
     0      0      0      0      0      0      0      0      0      0     15      0
     0      0      0      0      4      0      0      0      0      0      4      7
     0      0      0      0      0      9      6      0      0      0      0      0
     0      0      0      0      0      0     15      0      0      0      0      0
     0      5      0      0      0      0      0      6      3      1      0      0
     0      1      0      0      0      0      0      0     13      1      0      0
     0      6      0      0      0      0      0      0      0      9      0      0
     0      0      0      0      0      0      0      0      0      0     15      0
     0      0      0      0      0      0      0      0      0      0      0     15
