    13      0      0      0      3      0      0      2      0      0      0      0
     0     11      0      0      0      0      0      0      0      7      0      0
     0      0     11      0      0      0      7      0      0      0      0      0
     0      0      0     14      3      0      0      0      0      0      1      0
     0      0      0      2     14      0      0      0      0      0      1      1
     0      0      0      0      0      0     18      0      0      0      0      0
     0      0      0      0      0      0     18      0      0      0      0      0
     0      2      0      0      0      0      0     16      0      0      0      0
     0      0      0      0      0      0      0      1     16      1      0      0
     0      0      0      0      0      0      0      0      0     18      0      0
     0      0      0      4      3      0      0      0      0      0     11      0
     0      0      0      3     11      0      0      0      0      0      0      4
