    18      0      0      0      0      0      0      0      0      0      0      0
     0      8      0      0      0      0      0      4      0      6      0      0
     0      0     18      0      0      0      0      0      0      0      0      0
     0      0      0     13      0      0      0      0      0      0      4      1
     0      0      0      0      2      0      0      0      0      0      0     16
     0      0      0      0      0     17      1      0      0      0      0      0
     0      0      0      0      0      0     18      0      0      0      0      0
     0      0      0      0      0      0      0     17      1      0      0      0
     0      0      0      0      0      0      0      0     17      1      0      0
     0      0      0      0      0      0      0      1      0     17      0      0
     0      0      0      1      0      0      0      0      0      0     15      2
     0      0      0      0      1      0      0      0      0      0      0     17
