output/result_backup/table_2019_02_12_original_pre_3_12gestures_fc6_1024_fc7_1024_from_pretrained/K4_K5_2019-02-11_11.46

fc6_linear
Giang		Hai  		Long 		Minh 		Thuan		Thuy 		Tuyen		Final accuracy
loss	acc 	loss	acc 	loss	acc 	loss	acc 	loss	acc 	loss	acc 	loss	acc 	
5.9479	0.1944	4.0345	0.1389	4.8263	0.3056	2.6299	0.5000	3.8961	0.1944	3.8368	0.1111	4.6776	0.1667		0.2302
4.3054	0.2222	3.8946	0.2222	3.4614	0.1667	2.8002	0.3056	3.2624	0.2500	3.5823	0.3333	3.2114	0.3056		0.2579
3.0341	0.3333	2.6345	0.2778	2.5352	0.3333	1.8148	0.5278	3.0877	0.3333	3.3010	0.3056	3.0139	0.2500		0.3373
2.6044	0.3611	2.7624	0.2500	2.3879	0.3611	1.7576	0.5556	2.9927	0.2222	3.2500	0.4444	2.9852	0.2222		0.3452
2.4944	0.3333	2.5686	0.3333	2.4470	0.3611	1.9209	0.5278	3.0141	0.3056	2.5788	0.3056	2.4776	0.2500		0.3452
2.6374	0.3611	2.5294	0.3333	2.2238	0.3889	1.9057	0.4722	3.0089	0.1667	3.5657	0.1944	2.3878	0.3056		0.3175
fc6_linear_accuracy:0.3889

fc6_rbf
Giang		Hai  		Long 		Minh 		Thuan		Thuy 		Tuyen		Final accuracy
loss	acc 	loss	acc 	loss	acc 	loss	acc 	loss	acc 	loss	acc 	loss	acc 	
4.8245	0.0833	3.0787	0.1944	4.1254	0.1389	2.5757	0.3056	3.1051	0.2778	3.9771	0.1389	3.2954	0.2500		0.1984
3.8620	0.1389	2.2934	0.2778	3.5629	0.1389	1.6892	0.5556	2.8691	0.2222	2.8782	0.4167	2.4285	0.3889		0.3056
2.4540	0.3333	1.9648	0.3889	2.2481	0.3333	1.9928	0.4444	2.9274	0.3333	3.1274	0.2778	2.5422	0.3333		0.3492
2.9075	0.3333	2.2405	0.3056	2.2759	0.4444	1.7055	0.5000	2.7087	0.3056	3.7074	0.1389	2.8954	0.2500		0.3254
2.4455	0.3611	2.7755	0.3889	2.4018	0.3611	2.1219	0.5833	3.0542	0.3056	2.6842	0.3889	2.5635	0.2778		0.3810
2.2900	0.3611	2.3891	0.3333	2.5982	0.2500	1.7907	0.5278	3.0558	0.2778	3.8286	0.3056	2.3625	0.3611		0.3452
fc6_rbf_accuracy:0.4167

fc7_linear
Giang		Hai  		Long 		Minh 		Thuan		Thuy 		Tuyen		Final accuracy
loss	acc 	loss	acc 	loss	acc 	loss	acc 	loss	acc 	loss	acc 	loss	acc 	
3.2111	0.3889	2.6199	0.2778	3.2786	0.2778	2.1961	0.3889	3.9139	0.3056	3.7204	0.2778	4.4303	0.2222		0.3056
3.2705	0.2778	2.7868	0.3056	3.3885	0.2778	2.5282	0.4722	2.8731	0.2500	3.2192	0.4167	3.5335	0.3056		0.3294
2.8858	0.3333	2.6417	0.2778	2.3823	0.3611	2.1522	0.5556	2.8608	0.2222	2.8799	0.2500	2.9864	0.2778		0.3254
2.7686	0.3333	2.5664	0.3056	2.4202	0.3611	1.6637	0.6111	2.7394	0.2500	2.7198	0.3333	2.6883	0.3056		0.3571
2.6817	0.3056	2.4876	0.4167	2.2296	0.3611	1.5401	0.5278	2.7174	0.2778	2.3661	0.2500	2.4516	0.3056		0.3492
2.6009	0.3333	2.4220	0.4167	2.2077	0.4167	1.4032	0.6111	2.5328	0.2500	2.3467	0.2778	2.3036	0.2778		0.3690
fc7_linear_accuracy:0.4087

fc7_rbf
Giang		Hai  		Long 		Minh 		Thuan		Thuy 		Tuyen		Final accuracy
loss	acc 	loss	acc 	loss	acc 	loss	acc 	loss	acc 	loss	acc 	loss	acc 	
2.4040	0.3611	1.8831	0.3889	2.2505	0.3056	1.4730	0.4722	2.5091	0.2222	2.6404	0.2500	2.3166	0.2500		0.3214
2.7350	0.3889	2.0125	0.2778	2.0450	0.3611	1.6378	0.5556	2.6707	0.2500	2.7291	0.3056	2.7569	0.3056		0.3492
2.8082	0.3611	2.1981	0.3889	2.2671	0.3056	1.4387	0.6944	2.8827	0.3056	2.9700	0.3333	2.9460	0.3056		0.3849
3.0727	0.3889	2.2229	0.3056	2.4375	0.3333	1.3813	0.6944	2.9461	0.3056	3.0347	0.3333	2.6655	0.3056		0.3810
2.8266	0.3611	2.2523	0.3611	2.3741	0.3333	1.5149	0.6667	2.9289	0.1944	2.5638	0.3333	2.5252	0.3333		0.3690
2.8992	0.3333	2.2575	0.3889	2.3541	0.3889	1.3939	0.6944	2.7744	0.2222	2.5932	0.3056	2.4374	0.3056		0.3770
fc7_rbf_accuracy:0.4048

prob
Giang		Hai  		Long 		Minh 		Thuan		Thuy 		Tuyen		Final accuracy
loss	acc 	loss	acc 	loss	acc 	loss	acc 	loss	acc 	loss	acc 	loss	acc 	
2.2856	0.1944	1.9687	0.3333	1.8783	0.3611	1.4745	0.3889	2.3093	0.3056	2.0543	0.2778	2.0967	0.2500		0.3016
2.1308	0.2778	1.9804	0.3333	1.8263	0.3333	1.2285	0.4444	2.5014	0.3333	2.2739	0.2500	1.8767	0.3889		0.3373
2.3471	0.2500	1.9386	0.3889	1.7653	0.3056	1.0330	0.6389	2.6219	0.3056	1.7772	0.4444	1.9144	0.3333		0.3810
2.3771	0.3333	1.9764	0.3611	1.8283	0.3056	0.9977	0.6111	2.4874	0.3056	1.8057	0.4722	2.2540	0.3333		0.3889
2.2898	0.3611	1.9056	0.3889	2.0399	0.3333	1.4838	0.5556	2.5793	0.3611	2.2569	0.3333	1.6944	0.4444		0.3968
2.5279	0.2778	2.0607	0.3889	1.9863	0.3611	1.1431	0.5556	2.6955	0.3333	2.2034	0.3333	2.3249	0.3333		0.3690
prob_accuracy:0.4325

