    45      0      0      0      0      0      0      0      0      0      0      0
     0     43      2      0      0      0      0      0      0      0      0      0
     0      1     44      0      0      0      0      0      0      0      0      0
     0      0      0     40      0      0      0      0      0      0      5      0
     0      0      0      0     40      0      0      0      0      0      0      5
     0      0      0      0      0     45      0      0      0      0      0      0
     0      0      0      0      0      0     45      0      0      0      0      0
     0      0      0      0      0      0      0     45      0      0      0      0
     0      0      0      0      0      0      0      0     45      0      0      0
     0      0      0      0      0      0      0      0      0     45      0      0
     0      0      0      0      0      0      0      0      0      0     45      0
     0      0      0      0      2      0      0      0      0      0      0     43
