output/result/K1_K5_2019-02-21_01.38

fc6_linear
Giang		Hai  		Long 		Minh 		Thuy 		Tuyen		Final accuracy
loss	acc 	loss	acc 	loss	acc 	loss	acc 	loss	acc 	loss	acc 	
7.1028	0.1111	4.4829	0.0556	6.2005	0.0000	4.7833	0.2778	8.2903	0.0833	5.3796	0.0833		0.1019
5.8109	0.0833	4.0950	0.0833	5.2653	0.0278	5.4661	0.1667	5.9485	0.1111	4.7904	0.1111		0.0972
3.6381	0.0833	4.6734	0.0556	4.3694	0.0000	5.0373	0.1389	5.5268	0.0833	4.9759	0.0833		0.0741
4.5340	0.0833	6.0537	0.1667	4.3093	0.0000	4.4780	0.1111	5.5204	0.0833	4.4934	0.1389		0.0972
4.3556	0.1389	4.3940	0.0556	5.5111	0.0833	3.9324	0.1667	6.6448	0.1944	5.4112	0.2222		0.1435
4.6614	0.0833	4.8246	0.0556	4.2774	0.1111	4.6796	0.3333	6.4901	0.0833	4.6214	0.0833		0.1250
4.9768	0.0833	4.3080	0.0278	4.2629	0.0556	5.2748	0.1667	7.5609	0.0833	3.7436	0.1389		0.0926
fc6_linear_accuracy:0.1944

fc6_rbf
Giang		Hai  		Long 		Minh 		Thuy 		Tuyen		Final accuracy
loss	acc 	loss	acc 	loss	acc 	loss	acc 	loss	acc 	loss	acc 	
4.3166	0.0833	3.7376	0.1111	4.5246	0.0833	3.7207	0.1667	5.0751	0.0833	5.3055	0.2222		0.1250
5.0471	0.0833	2.7425	0.1389	3.3704	0.1389	4.6327	0.1667	4.5617	0.1667	3.7293	0.1111		0.1343
2.7988	0.1389	4.5895	0.0833	3.4227	0.0833	3.2887	0.1944	4.2051	0.1667	3.0437	0.1667		0.1389
3.2855	0.1944	4.1903	0.1111	3.0088	0.0833	3.7901	0.1389	4.0256	0.1667	3.6322	0.1111		0.1343
3.2501	0.1111	3.4407	0.0833	3.3364	0.1667	3.2777	0.2222	4.5774	0.1944	2.7827	0.1667		0.1574
3.0151	0.1389	3.1568	0.0556	3.0705	0.1111	4.2048	0.2500	4.5760	0.0833	3.1376	0.0833		0.1204
3.4104	0.1111	3.3330	0.0833	3.1303	0.1111	3.5327	0.2222	4.2937	0.1944	4.2660	0.0556		0.1296
fc6_rbf_accuracy:0.1944

fc7_linear
Giang		Hai  		Long 		Minh 		Thuy 		Tuyen		Final accuracy
loss	acc 	loss	acc 	loss	acc 	loss	acc 	loss	acc 	loss	acc 	
7.1857	0.1389	4.3734	0.0000	5.3897	0.0833	4.9537	0.1944	5.2950	0.1111	6.2504	0.2500		0.1296
4.2981	0.0556	4.1185	0.0556	4.2951	0.0833	3.8189	0.1667	4.5999	0.1667	4.0090	0.3056		0.1389
3.9545	0.1111	4.3355	0.0556	4.5797	0.0278	4.6165	0.1111	4.3837	0.1111	4.8319	0.2222		0.1065
4.7562	0.0833	4.7914	0.0000	4.5561	0.0556	5.0088	0.1667	4.3093	0.1389	4.1910	0.1944		0.1065
4.6942	0.1667	4.6937	0.0556	4.5780	0.1111	4.8983	0.0833	4.2656	0.1667	4.1105	0.2222		0.1343
4.9978	0.1111	4.7745	0.0556	4.5503	0.0556	5.0881	0.0833	4.2251	0.1667	3.9660	0.1389		0.1019
5.0756	0.1389	4.7364	0.0556	4.4939	0.0278	5.1290	0.0833	4.2461	0.1389	4.1731	0.1667		0.1019
fc7_linear_accuracy:0.1667

fc7_rbf
Giang		Hai  		Long 		Minh 		Thuy 		Tuyen		Final accuracy
loss	acc 	loss	acc 	loss	acc 	loss	acc 	loss	acc 	loss	acc 	
4.4186	0.1667	2.6655	0.1944	4.3148	0.1667	3.1943	0.3611	3.8620	0.2222	4.2665	0.1944		0.2176
3.0517	0.1111	3.0148	0.1111	2.9954	0.0833	2.5582	0.2500	3.3814	0.3333	2.9755	0.2222		0.1852
3.2839	0.1667	3.1841	0.0556	3.2917	0.1389	2.7967	0.2222	2.8466	0.3333	2.8622	0.2222		0.1898
3.5590	0.1667	3.6371	0.0000	3.2763	0.0278	3.2106	0.2500	3.6154	0.1944	3.1102	0.1667		0.1343
3.9758	0.0833	3.8228	0.0556	3.4676	0.1111	3.3357	0.1667	3.6993	0.1667	3.0072	0.2222		0.1343
4.2084	0.1111	3.6310	0.0833	3.5452	0.0278	3.6200	0.1944	3.6860	0.2500	2.8024	0.1667		0.1389
4.1539	0.0833	3.8685	0.0556	3.5662	0.0000	3.6278	0.1389	3.7926	0.1944	2.7731	0.1667		0.1065
fc7_rbf_accuracy:0.2407

prob
Giang		Hai  		Long 		Minh 		Thuy 		Tuyen		Final accuracy
loss	acc 	loss	acc 	loss	acc 	loss	acc 	loss	acc 	loss	acc 	
3.2846	0.1667	2.4663	0.0556	2.7609	0.1389	2.2457	0.1389	2.4465	0.0556	2.4310	0.1111		0.1111
4.0818	0.1389	3.4125	0.0278	3.4052	0.0278	2.4931	0.1389	2.9303	0.1667	3.0082	0.0833		0.0972
4.1968	0.1111	4.2348	0.0833	4.0071	0.0000	2.6675	0.0833	2.9031	0.2222	3.3730	0.1111		0.1019
5.5497	0.1111	4.6920	0.0556	4.4766	0.0278	3.1799	0.0833	3.4404	0.2500	4.1269	0.0833		0.1019
6.3538	0.1111	4.6469	0.0556	4.8831	0.0833	3.5149	0.0833	4.0178	0.2222	4.1742	0.0833		0.1065
5.9085	0.1111	4.9624	0.0556	4.8876	0.0000	3.6238	0.1111	4.0591	0.2222	3.9452	0.1111		0.1019
6.0846	0.0833	5.0420	0.0556	5.0747	0.0000	3.7218	0.0833	4.0340	0.2778	4.0828	0.0833		0.0972
prob_accuracy:0.1528

