    18      0      0      0      0      0      0      0      0      0      0      0
     0      7      0      1      0      0      0      0      2      8      0      0
     0      0     18      0      0      0      0      0      0      0      0      0
     0      0      0     12      0      0      0      0      0      0      6      0
     0      0      0      0      1      0      0      0      0      0      0     17
     0      0      0      0      0     18      0      0      0      0      0      0
     0      0      0      0      0      3     15      0      0      0      0      0
     0      0      0      0      0      0      0     14      0      4      0      0
     0      0      0      0      0      0      0      0     13      5      0      0
     0      0      0      0      0      0      0      0      0     18      0      0
     0      0      0      2      0      0      0      0      0      0     14      2
     0      0      0      0      0      0      0      0      0      0      0     18
