    18      0      0      0      0      0      0      0      0      0      0      0
     0     11      0      0      0      0      0      2      0      5      0      0
     0      0     13      0      0      0      0      5      0      0      0      0
     0      0      0     10      0      0      0      0      0      0      5      3
     0      0      0      0      7      0      0      0      0      0      1     10
     0      0      0      0      0     16      2      0      0      0      0      0
     0      0      0      0      0      0     18      0      0      0      0      0
     0      1      0      0      0      0      0     13      1      3      0      0
     0      0      0      0      0      0      0      0     17      1      0      0
     0      2      0      0      0      0      0      0      0     16      0      0
     0      0      0      0      0      0      0      0      0      0     15      3
     0      0      0      0      4      0      0      0      0      0      0     14
