    18      0      0      0      0      0      0      0      0      0      0      0
     0      8      0      0      0      0      0      0      0     10      0      0
     0      0     18      0      0      0      0      0      0      0      0      0
     0      0      0     18      0      0      0      0      0      0      0      0
     0      0      0      2     15      0      0      0      0      0      0      1
     0      0      0      0      0     16      2      0      0      0      0      0
     0      0      0      0      0      0     18      0      0      0      0      0
     0      0      0      0      0      0      0     16      1      1      0      0
     0      1      0      0      0      0      0      0     17      0      0      0
     0      0      0      0      0      0      0      0      0     18      0      0
     0      0      0      5      0      0      0      0      0      0     13      0
     0      0      0      0      9      0      0      0      0      0      0      9
