    90      0      0      0      0      0      0      0      0      0      0      0
     0     82      0      0      0      0      0      0      1      7      0      0
     0      0     90      0      0      0      0      0      0      0      0      0
     0      0      0     82      0      0      0      0      0      0      8      0
     0      0      0      0     77      0      0      0      0      0      0     13
     0      0      0      0      0     89      1      0      0      0      0      0
     0      0      0      0      0      0     90      0      0      0      0      0
     0      0      0      0      0      0      0     90      0      0      0      0
     0      0      0      0      0      0      0      0     88      2      0      0
     0      4      0      0      0      0      0      0      1     85      0      0
     0      0      0      2      0      0      0      0      0      0     86      2
     0      0      0      0      6      0      0      0      0      0      0     84
