    90      0      0      0      0      0      0      0      0      0      0      0
     0     56      0      0      0      0      0      1      2     31      0      0
     0      0     90      0      0      0      0      0      0      0      0      0
     0      0      0     18      0      0      0      0      0      0     72      0
     0      0      0      0     87      0      0      0      0      0      0      3
     0      0      0      0      0     84      6      0      0      0      0      0
     0      0      0      0      0      0     90      0      0      0      0      0
     0      3      0      0      0      0      0     81      0      6      0      0
     0      0      0      0      0      0      0      0     81      9      0      0
     0      0      0      0      0      0      0      0      0     90      0      0
     0      0      0      0      0      0      0      0      0      0     90      0
     0      0      0      0     38      0      0      0      0      0      0     52
