     0     13      0      5      0      0      0      0      0      0      0      0
     0     18      0      0      0      0      0      0      0      0      0      0
     0      0     18      0      0      0      0      0      0      0      0      0
     0      4      0     13      1      0      0      0      0      0      0      0
     0      5      0      3     10      0      0      0      0      0      0      0
     0      9      0      3      0      6      0      0      0      0      0      0
     0      1      0      9      4      4      0      0      0      0      0      0
     0     18      0      0      0      0      0      0      0      0      0      0
     0     18      0      0      0      0      0      0      0      0      0      0
     0     18      0      0      0      0      0      0      0      0      0      0
     0      7      0      8      3      0      0      0      0      0      0      0
     0      5      0      3     10      0      0      0      0      0      0      0
