    15      0      0      0      0      0      0      0      0      0      0      0
     0     15      0      0      0      0      0      0      0      0      0      0
     0      0     15      0      0      0      0      0      0      0      0      0
     0      0      0     12      0      0      0      0      0      0      3      0
     2      0      0      0      9      0      0      0      0      0      0      4
     0      0      0      0      0     13      2      0      0      0      0      0
     0      0      0      0      0      2     13      0      0      0      0      0
     0      0      0      0      0      0      0     13      1      1      0      0
     0      0      0      0      0      0      0      0     15      0      0      0
     0      2      0      0      0      0      0      2      0     11      0      0
     0      0      0      2      0      0      0      0      0      0     13      0
     0      0      0      0      4      0      0      0      0      0      0     11
