    18      0      0      0      0      0      0      0      0      0      0      0
     0     15      0      0      0      0      0      0      0      3      0      0
     0      0     18      0      0      0      0      0      0      0      0      0
     0      1      0     12      2      1      0      0      0      0      2      0
     0      0      0      0     18      0      0      0      0      0      0      0
     0      0      0      0      0     17      1      0      0      0      0      0
     0      0      0      0      0      2     16      0      0      0      0      0
     0      8      0      0      0      0      0      1      3      6      0      0
     0      4      0      0      0      0      0      0      6      8      0      0
     0      2      0      0      0      0      0      0      0     16      0      0
     0      0      0      6      5      1      0      0      0      0      6      0
     0      0      0      1      8      0      0      0      0      0      0      9
