    13      0      0      0      0      0      0      0      0      0      0      5
     0      7      0      0      0      0      0      1      0     10      0      0
     0      0     16      0      0      0      2      0      0      0      0      0
     0      0      0     10      2      0      1      0      0      0      5      0
     0      0      0      0      6      0      0      0      0      0      0     12
     0      0      0      0      0      2     14      0      0      0      1      1
     0      0      1      0      0      0     17      0      0      0      0      0
     0      1      0      0      0      0      0      4      1     12      0      0
     0      1      0      0      0      0      0      0     16      1      0      0
     0      0      0      0      0      0      0      0      0     18      0      0
     0      0      0      0      2      0      0      0      0      0     15      1
     0      0      0      0      1      0      0      0      0      0      1     16
