    90      0      0      0      0      0      0      0      0      0      0      0
     0     84      0      0      0      0      0      0      1      5      0      0
     0      0     90      0      0      0      0      0      0      0      0      0
     0      0      0     79      0      0      0      0      0      0     11      0
     0      0      0      0     74      0      0      0      0      0      0     16
     0      0      0      0      0     89      1      0      0      0      0      0
     0      0      0      0      0      0     90      0      0      0      0      0
     0      1      0      0      0      0      0     88      0      1      0      0
     0      1      0      0      0      0      0      0     89      0      0      0
     0      4      0      0      0      0      0      0      1     85      0      0
     0      0      0      5      0      0      0      0      0      0     84      1
     0      0      0      0     12      0      0      0      0      0      0     78
