    90      0      0      0      0      0      0      0      0      0      0      0
     0     80      0      0      0      0      0      0      0     10      0      0
     0      0     90      0      0      0      0      0      0      0      0      0
     0      0      0     78      0      0      0      0      0      0     12      0
     0      0      0      0     71      0      0      0      0      0      0     19
     0      0      0      0      0     90      0      0      0      0      0      0
     0      0      0      0      0      0     90      0      0      0      0      0
     0      1      0      0      0      0      0     88      0      1      0      0
     0      2      0      0      0      0      0      0     88      0      0      0
     0      6      0      0      0      0      0      0      1     83      0      0
     0      0      0      4      0      0      0      0      0      0     84      2
     0      0      0      0     15      0      0      0      0      0      0     75
