output/result/K1_K3_2019-02-20_23.55

fc6_linear
Giang		Hai  		Long 		Minh 		Thuy 		Tuyen		Final accuracy
loss	acc 	loss	acc 	loss	acc 	loss	acc 	loss	acc 	loss	acc 	
6.0401	0.1667	6.6139	0.2500	5.3985	0.1667	6.9067	0.2500	8.3432	0.0833	5.1365	0.2778		0.1991
3.9336	0.1389	3.8526	0.2500	3.8862	0.1389	5.2600	0.2500	5.8881	0.0833	3.7739	0.3056		0.1944
4.3841	0.1667	4.5970	0.3611	5.6043	0.0833	5.5633	0.0556	5.3904	0.2222	4.2244	0.1389		0.1713
4.4732	0.1667	3.5521	0.1667	3.6522	0.1944	6.7144	0.0833	5.4324	0.2222	3.2126	0.0833		0.1528
3.6182	0.1667	3.5105	0.1667	4.9789	0.1389	6.3897	0.1389	4.1629	0.0833	3.7406	0.1667		0.1435
4.4177	0.1667	3.3667	0.1389	4.2106	0.1944	5.2566	0.1667	4.0559	0.1944	4.5827	0.1667		0.1713
4.4568	0.1389	3.5861	0.1389	4.2613	0.1389	4.7383	0.1944	4.2887	0.2500	4.1182	0.1667		0.1713
fc6_linear_accuracy:0.2546

fc6_rbf
Giang		Hai  		Long 		Minh 		Thuy 		Tuyen		Final accuracy
loss	acc 	loss	acc 	loss	acc 	loss	acc 	loss	acc 	loss	acc 	
4.2615	0.1667	3.7262	0.1667	4.3562	0.1667	3.6525	0.3889	4.6946	0.1111	4.8343	0.1667		0.1944
3.8751	0.1667	2.4699	0.3611	2.6219	0.2222	3.4223	0.2500	3.7529	0.0833	2.5210	0.3056		0.2315
3.5304	0.0833	3.2095	0.2222	4.5688	0.0833	3.4804	0.1111	4.1714	0.2500	2.9948	0.2500		0.1667
2.5848	0.2500	2.3458	0.3889	2.9902	0.0833	4.2423	0.1389	3.3488	0.2222	2.6878	0.1944		0.2130
2.7145	0.1944	2.6808	0.2778	2.7951	0.1667	4.2188	0.1667	3.2911	0.1944	2.6940	0.1667		0.1944
4.1020	0.1389	2.6234	0.3611	3.0403	0.1667	3.5910	0.2222	3.4110	0.3056	3.2483	0.2222		0.2361
2.9066	0.1944	2.6465	0.3056	2.8620	0.1944	2.8282	0.3056	3.7051	0.2500	2.7169	0.2222		0.2454
fc6_rbf_accuracy:0.3102

fc7_linear
Giang		Hai  		Long 		Minh 		Thuy 		Tuyen		Final accuracy
loss	acc 	loss	acc 	loss	acc 	loss	acc 	loss	acc 	loss	acc 	
3.7548	0.1111	6.7697	0.2222	5.8887	0.0833	5.4377	0.2222	5.5890	0.0833	4.9526	0.1944		0.1528
3.7429	0.1667	3.7303	0.3333	3.9229	0.2222	3.5601	0.2778	4.4147	0.1944	3.6016	0.2222		0.2361
3.9486	0.2500	3.5613	0.1389	3.8117	0.1667	4.9778	0.2778	4.7577	0.1944	4.3578	0.1111		0.1898
3.6754	0.2222	3.9215	0.2222	4.5475	0.2222	4.9509	0.1944	4.8579	0.1944	4.3318	0.1944		0.2083
4.0608	0.1944	3.5896	0.1111	4.0862	0.1111	4.5423	0.1944	4.3040	0.2778	4.5501	0.1667		0.1759
4.1491	0.1667	3.3917	0.2222	4.1524	0.1111	4.7560	0.2500	4.4694	0.1944	4.8621	0.1667		0.1852
4.1471	0.1667	3.4622	0.1944	4.1166	0.1111	4.7943	0.2500	4.6127	0.1944	4.6468	0.1667		0.1806
fc7_linear_accuracy:0.2639

fc7_rbf
Giang		Hai  		Long 		Minh 		Thuy 		Tuyen		Final accuracy
loss	acc 	loss	acc 	loss	acc 	loss	acc 	loss	acc 	loss	acc 	
3.1905	0.2500	3.4364	0.1667	3.1713	0.1389	3.9832	0.2222	4.6878	0.1667	2.4113	0.2500		0.1991
2.3073	0.3056	2.4308	0.3889	2.9124	0.2500	2.8836	0.3056	3.2533	0.1944	2.7100	0.2500		0.2824
3.2743	0.2500	2.6298	0.2778	3.3678	0.1667	2.8599	0.3333	3.1870	0.3333	2.6331	0.2500		0.2685
3.3265	0.2500	2.6753	0.1944	3.1711	0.1389	3.0459	0.3056	3.1490	0.2500	2.9206	0.2500		0.2315
3.6886	0.2500	2.5354	0.3056	3.0581	0.1667	3.1370	0.2778	2.9875	0.2500	3.2397	0.2500		0.2500
3.4228	0.2222	2.4760	0.4444	3.3996	0.1389	2.9657	0.2222	3.2032	0.1944	3.2936	0.2500		0.2454
3.6014	0.2222	2.5235	0.4167	3.2164	0.1944	2.7733	0.3056	3.4345	0.2500	3.0317	0.2500		0.2731
fc7_rbf_accuracy:0.3194

prob
Giang		Hai  		Long 		Minh 		Thuy 		Tuyen		Final accuracy
loss	acc 	loss	acc 	loss	acc 	loss	acc 	loss	acc 	loss	acc 	
2.4086	0.0833	2.2505	0.1667	2.4466	0.1667	2.2691	0.3056	2.2500	0.0556	2.2254	0.1111		0.1481
2.3682	0.1667	2.8907	0.1667	3.0056	0.1667	3.1103	0.1944	2.7259	0.1944	2.5977	0.1111		0.1667
3.1080	0.1389	3.0495	0.2222	3.3108	0.0833	3.0762	0.2778	2.6224	0.2500	2.6795	0.2222		0.1991
3.3797	0.1667	3.6930	0.1667	3.5815	0.0556	4.0778	0.1667	3.1746	0.1944	3.2232	0.1389		0.1481
3.4107	0.0833	3.8700	0.1944	3.5242	0.1111	4.4672	0.1667	3.9385	0.0833	3.5978	0.1667		0.1343
3.9059	0.0833	3.7972	0.1944	3.5873	0.0278	4.5018	0.1667	3.6693	0.1389	3.5555	0.0833		0.1157
4.0283	0.0833	3.9296	0.1944	3.6616	0.0556	4.4892	0.1667	3.7032	0.1944	3.4899	0.0833		0.1296
prob_accuracy:0.2222

