    18      0      0      0      0      0      0      0      0      0      0      0
     0      5      0      0      0      0      0      0      3     10      0      0
     0      0     18      0      0      0      0      0      0      0      0      0
     0      0      0     18      0      0      0      0      0      0      0      0
     0      0      0      3     15      0      0      0      0      0      0      0
     0      0      0      0      0     16      2      0      0      0      0      0
     0      0      0      0      0      0     18      0      0      0      0      0
     0      0      0      0      0      0      0     11      4      3      0      0
     0      0      0      0      0      0      0      0     14      4      0      0
     0      0      0      0      0      0      0      0      0     18      0      0
     0      0      0     16      0      0      0      0      0      0      2      0
     0      0      0      2     14      0      0      0      0      0      0      2
