     0      6      0      1      0      0      0      0      0      0     11      0
     0     14      0      0      0      0      0      0      0      3      1      0
     0      0     18      0      0      0      0      0      0      0      0      0
     0      0      0     10      3      0      0      0      0      0      5      0
     0      0      0      2     15      0      0      0      0      0      1      0
     0      0      0      0      0      0     18      0      0      0      0      0
     0      0      0      0      0      0     18      0      0      0      0      0
     0     18      0      0      0      0      0      0      0      0      0      0
     0      4      0      0      0      0      0      0     13      1      0      0
     0      9      0      0      0      0      0      0      1      8      0      0
     0      0      0      5      3      0      0      0      0      0     10      0
     0      0      0      0     16      0      0      0      0      0      2      0
