output/result_backup/table_05Feb2019_original_pre_3_12gestures/K1_K5_2019-02-06_00.42

fc6_linear
Giang		Hai  		Long 		Minh 		Thuan		Thuy 		Tuyen		Final accuracy
loss	acc 	loss	acc 	loss	acc 	loss	acc 	loss	acc 	loss	acc 	loss	acc 	
4.4779	0.1111	5.0423	0.0833	5.3317	0.1667	4.8713	0.2222	5.0597	0.1667	4.9576	0.1667	6.2127	0.0556		0.1389
4.6440	0.1111	4.9388	0.1389	4.5538	0.0833	4.4800	0.2222	3.9099	0.1667	4.7858	0.1389	5.2377	0.0833		0.1349
4.5136	0.1111	4.0748	0.0833	4.4910	0.1111	4.6444	0.1944	3.6569	0.2778	4.7102	0.1111	4.3713	0.1111		0.1429
4.1780	0.1111	4.2704	0.0833	3.7119	0.1944	3.8520	0.1944	3.2988	0.2778	4.9755	0.0833	4.3745	0.1111		0.1508
3.8233	0.1944	4.0194	0.1389	4.4211	0.0278	3.8249	0.3333	3.5048	0.1667	4.6943	0.0278	4.3839	0.0000		0.1270
3.7464	0.2222	3.8926	0.1111	3.9131	0.0833	3.9069	0.3333	3.5548	0.2500	4.6492	0.0000	4.5020	0.0556		0.1508
fc6_linear_accuracy:0.2063

fc6_rbf
Giang		Hai  		Long 		Minh 		Thuan		Thuy 		Tuyen		Final accuracy
loss	acc 	loss	acc 	loss	acc 	loss	acc 	loss	acc 	loss	acc 	loss	acc 	
4.1625	0.1111	4.3453	0.1389	4.3776	0.1667	3.7032	0.2500	4.3755	0.1667	3.8136	0.1667	4.0847	0.1667		0.1667
3.5722	0.1111	3.6431	0.1667	3.4660	0.1944	3.6936	0.2500	3.4145	0.2222	3.3017	0.2500	3.6203	0.1944		0.1984
3.3862	0.1111	3.1821	0.1667	3.1178	0.2222	3.4209	0.2500	2.9637	0.2500	3.3272	0.2500	3.5503	0.1667		0.2024
3.2836	0.1111	3.3109	0.1111	3.2395	0.1667	3.1736	0.2500	2.7470	0.3056	3.1759	0.2500	3.3888	0.1667		0.1944
2.9130	0.1667	3.2863	0.1111	3.2896	0.1111	3.0763	0.3056	2.8434	0.3056	3.3720	0.1667	3.2603	0.1111		0.1825
2.8962	0.1944	3.2600	0.1111	3.2011	0.0833	3.0696	0.3056	2.9513	0.2778	3.4974	0.1667	3.2517	0.0833		0.1746
fc6_rbf_accuracy:0.2341

fc7_linear
Giang		Hai  		Long 		Minh 		Thuan		Thuy 		Tuyen		Final accuracy
loss	acc 	loss	acc 	loss	acc 	loss	acc 	loss	acc 	loss	acc 	loss	acc 	
5.1290	0.1667	4.9099	0.1389	4.0733	0.1944	4.7165	0.2222	4.3181	0.2500	4.6412	0.1111	5.4242	0.0000		0.1548
4.0246	0.1111	4.7030	0.0833	3.8770	0.1667	4.1853	0.3333	3.3983	0.2222	3.8870	0.1111	4.6762	0.0833		0.1587
4.3708	0.1111	3.9004	0.1667	3.6233	0.1389	4.0432	0.3333	3.4750	0.2500	3.6186	0.1667	3.8731	0.0000		0.1667
3.9382	0.1389	3.8881	0.0833	3.8833	0.2222	3.8525	0.3889	2.9876	0.3056	4.0218	0.1667	3.7012	0.1389		0.2063
3.7404	0.1944	3.7170	0.1389	3.5522	0.0278	3.7613	0.4167	3.6096	0.2222	3.7405	0.2500	3.7585	0.0278		0.1825
3.7725	0.1944	3.5481	0.1389	3.5940	0.0278	3.6594	0.4167	3.4197	0.2500	4.3493	0.0833	3.8327	0.1111		0.1746
fc7_linear_accuracy:0.2421

fc7_rbf
Giang		Hai  		Long 		Minh 		Thuan		Thuy 		Tuyen		Final accuracy
loss	acc 	loss	acc 	loss	acc 	loss	acc 	loss	acc 	loss	acc 	loss	acc 	
3.9026	0.1389	4.1737	0.1389	3.8745	0.1667	3.5826	0.2500	3.6479	0.1944	3.5012	0.1944	3.6317	0.1667		0.1786
3.3527	0.1111	3.7459	0.1389	3.4799	0.1667	3.5957	0.2500	3.0226	0.2778	3.0258	0.2222	3.7445	0.2222		0.1984
3.2911	0.1111	3.0800	0.1389	3.0092	0.2500	3.2654	0.2778	2.8999	0.2500	2.8108	0.2778	3.1630	0.1667		0.2103
3.0926	0.1389	3.2103	0.1111	3.1112	0.1944	2.9620	0.3056	2.6140	0.3056	2.9783	0.2778	2.9653	0.1667		0.2143
3.0079	0.1944	3.2568	0.1389	2.8987	0.1389	3.0581	0.3333	2.7391	0.3056	2.8471	0.2778	2.8115	0.2500		0.2341
2.9115	0.1944	3.0445	0.1667	2.9224	0.1111	2.9780	0.3889	2.8224	0.2778	2.9394	0.2500	2.8154	0.1389		0.2183
fc7_rbf_accuracy:0.2619

prob
Giang		Hai  		Long 		Minh 		Thuan		Thuy 		Tuyen		Final accuracy
loss	acc 	loss	acc 	loss	acc 	loss	acc 	loss	acc 	loss	acc 	loss	acc 	
2.3315	0.1111	2.4423	0.1667	2.4379	0.0833	2.0756	0.1667	2.2109	0.1667	2.1647	0.1667	2.4161	0.0833		0.1349
2.3288	0.2778	2.6473	0.1111	2.5717	0.0833	2.1518	0.1667	2.2176	0.1667	2.7899	0.2500	2.3893	0.2778		0.1905
2.7712	0.2778	2.7725	0.0833	2.9819	0.0556	2.1766	0.1944	2.2039	0.2222	2.6653	0.3056	2.7010	0.1944		0.1905
2.5375	0.2222	2.9630	0.0833	2.8886	0.0278	2.6656	0.1944	2.3220	0.2500	2.9317	0.2500	2.9139	0.1944		0.1746
2.7686	0.2500	3.3360	0.1389	3.0971	0.0278	2.8178	0.2222	2.1473	0.2500	3.4572	0.2222	2.9720	0.1389		0.1786
2.9642	0.2500	3.2947	0.1389	3.0180	0.1389	2.7625	0.1944	2.3150	0.2222	3.4564	0.2500	3.0926	0.1389		0.1905
prob_accuracy:0.2341

