    17      0      0      0      1      0      0      0      0      0      0      0
     0      7      0      0      0      0      0      0      0     11      0      0
     0      0     18      0      0      0      0      0      0      0      0      0
     0      0      0      7      6      0      2      0      0      0      3      0
     0      0      0      0     18      0      0      0      0      0      0      0
     0      0      0      0      0     18      0      0      0      0      0      0
     0      0      0      0      0      6     12      0      0      0      0      0
     0      1      0      0      0      0      0      4      2     11      0      0
     0      1      0      0      0      0      0      0     17      0      0      0
     0      1      0      0      0      0      0      0      0     17      0      0
     0      0      0      2      9      0      2      0      0      0      5      0
     0      0      0      0     18      0      0      0      0      0      0      0
