    90      0      0      0      0      0      0      0      0      0      0      0
     0     76      0      0      0      0      0      1      3     10      0      0
     0      0     90      0      0      0      0      0      0      0      0      0
     0      0      0     81      0      0      0      0      0      0      9      0
     0      0      0      0     79      0      1      0      0      0      0     10
     0      0      0      0      0     90      0      0      0      0      0      0
     0      0      0      0      0      1     89      0      0      0      0      0
     0      1      0      0      0      0      0     87      0      2      0      0
     0      4      0      0      0      0      0      0     84      2      0      0
     0      4      0      0      0      0      0      1      0     85      0      0
     0      0      0      4      0      0      0      0      0      0     85      1
     0      0      0      0      7      0      0      0      0      0      0     83
