    51      0      0     28     11      0      0      0      0      0      0      0
     0     71      0      3      5      0      0      7      4      0      0      0
     0      0     84      0      0      0      4      2      0      0      0      0
     0      0      0     50     38      2      0      0      0      0      0      0
     0      0      0      8     81      0      1      0      0      0      0      0
     0      0      0      0     12     52     26      0      0      0      0      0
     0      0      0      0      4      2     83      1      0      0      0      0
     0     45      0      0      8      0      0     16     21      0      0      0
     0     58      0      0      6      0      0      4     22      0      0      0
     0     82      0      0      0      0      0      5      3      0      0      0
     0      0      0     58     32      0      0      0      0      0      0      0
     0      0      0     13     77      0      0      0      0      0      0      0
