    18      0      0      0      0      0      0      0      0      0      0      0
     0     10      0      0      0      0      0      0      0      8      0      0
     0      0     18      0      0      0      0      0      0      0      0      0
     0      0      0     15      0      0      0      0      0      0      1      2
     0      0      0      0      8      0      0      0      0      0      0     10
     0      0      0      0      0     18      0      0      0      0      0      0
     0      0      0      0      0      9      9      0      0      0      0      0
     0      0      0      0      0      0      0     14      0      4      0      0
     0      0      0      0      0      0      0      0     18      0      0      0
     0      0      0      0      0      0      0      0      0     18      0      0
     0      0      0      2      0      0      0      0      0      0     14      2
     0      0      0      0      0      0      0      0      0      0      0     18
