    15      0      0      0      0      0      0      0      0      0      0      0
     0     15      0      0      0      0      0      0      0      0      0      0
     0      0     15      0      0      0      0      0      0      0      0      0
     0      0      0     15      0      0      0      0      0      0      0      0
     0      0      0      4      6      0      0      0      0      0      1      4
     0      0      0      0      0     15      0      0      0      0      0      0
     0      0      0      0      1      4     10      0      0      0      0      0
     0     10      0      0      0      0      0      0      0      3      0      2
     0      8      0      0      0      0      0      0      2      5      0      0
     0      7      0      0      0      0      0      0      0      8      0      0
     0      0      0     12      0      0      0      0      0      0      2      1
     0      0      0      2      3      0      0      0      0      0      0     10
