    90      0      0      0      0      0      0      0      0      0      0      0
     0     76      0      0      0      0      0      0      5      9      0      0
     0      0     90      0      0      0      0      0      0      0      0      0
     0      0      0     74      0      0      0      0      0      0     16      0
     0      0      0      0     74      0      0      0      0      0      0     16
     0      0      0      0      0     88      2      0      0      0      0      0
     0      0      0      0      0      0     90      0      0      0      0      0
     0      1      0      0      0      0      0     87      0      2      0      0
     0      7      0      0      0      0      0      1     80      2      0      0
     0      4      0      0      0      0      0      0      3     83      0      0
     0      0      0     10      0      0      0      0      0      0     75      5
     0      0      0      0     15      0      0      0      0      0      0     75
