    90      0      0      0      0      0      0      0      0      0      0      0
     0     68      0      0      0      0      0      5      5     12      0      0
     0      0     90      0      0      0      0      0      0      0      0      0
     0      0      0     72      0      0      0      0      0      0     18      0
     0      0      0      0     65      0      0      0      0      0      0     25
     0      0      0      0      0     88      2      0      0      0      0      0
     0      0      0      0      0      0     90      0      0      0      0      0
     0      2      0      0      0      0      0     85      1      2      0      0
     0      7      0      0      0      0      0      1     80      2      0      0
     0      5      0      0      0      0      0      0      4     81      0      0
     0      0      0     22      0      0      0      0      0      0     64      4
     0      0      0      0     18      0      0      0      0      0      0     72
