    90      0      0      0      0      0      0      0      0      0      0      0
     4     52      0      0      0      0      0      1      7     26      0      0
     0      0     90      0      0      0      0      0      0      0      0      0
     0      0      0     68      0      0      0      0      0      0     22      0
     0      0      0      0     52      0      0      0      0      0      0     38
     0      0      0      0      0     90      0      0      0      0      0      0
     0      0      0      0      0      4     86      0      0      0      0      0
     0     16      0      0      0      0      0     51      9     11      0      3
     0     14      0      0      0      0      0      0     72      4      0      0
     0      7      0      0      0      0      0      0      1     82      0      0
     0      0      0     17      0      0      0      0      0      0     67      6
     0      0      0      0     20      0      0      0      0      0      0     70
