    14      0      0      0      1      0      0      0      0      0      0      0
     0      3      0      0      0      0      0      0      0     12      0      0
     0      0     15      0      0      0      0      0      0      0      0      0
     0      0      0     11      4      0      0      0      0      0      0      0
     0      0      0      2     12      1      0      0      0      0      0      0
     0      0      0      0      0     14      1      0      0      0      0      0
     0      0      0      0      0      3     12      0      0      0      0      0
     0      3      0      0      0      0      0      0      2     10      0      0
     0      0      0      0      0      0      0      0      0     15      0      0
     0      0      0      0      0      0      0      0      0     15      0      0
     0      0      0     11      4      0      0      0      0      0      0      0
     0      0      0      0     12      2      0      0      0      0      0      1
