output/result_backup/table_26Jan2019_fc6_1024_fc7_1024/K3_K1_2019-01-26_14.37

fc6_linear
Binh 		Giang		Hung 		Tan  		Thuan		Final accuracy
loss	acc 	loss	acc 	loss	acc 	loss	acc 	loss	acc 	
2.6711	0.4357	1.6001	0.4095	1.6603	0.5032	1.7933	0.4286	1.4846	0.5750		0.4704
2.7661	0.4286	0.9163	0.5714	1.8994	0.3935	1.7797	0.4857	1.5503	0.5750		0.4909
2.7791	0.4357	0.9631	0.5714	2.0673	0.3419	1.7630	0.5048	1.5927	0.5667		0.4841
2.8318	0.4429	1.0040	0.5619	2.0828	0.3419	1.7782	0.5143	1.6588	0.5583		0.4839
2.8590	0.4429	1.0273	0.5524	2.1130	0.3355	1.7575	0.5333	1.6524	0.5750		0.4878
2.8724	0.4429	1.0175	0.5524	2.1120	0.3355	1.7401	0.5429	1.6641	0.5750		0.4897
2.8735	0.4429	0.9959	0.5619	2.1271	0.3290	1.7430	0.5429	1.6699	0.5667		0.4887
fc6_linear_accuracy:0.5271

fc6_rbf
Binh 		Giang		Hung 		Tan  		Thuan		Final accuracy
loss	acc 	loss	acc 	loss	acc 	loss	acc 	loss	acc 	
2.9740	0.3500	2.1608	0.5429	1.5299	0.5290	1.4930	0.5905	1.9369	0.5083		0.5041
2.6309	0.4071	1.8698	0.5238	1.3963	0.5419	1.4443	0.6476	1.0895	0.7500		0.5741
2.2897	0.4286	0.7968	0.7143	1.5030	0.4516	1.4871	0.6571	1.0954	0.7250		0.5953
2.6781	0.4429	0.8222	0.7143	1.3706	0.5290	1.4848	0.6667	1.0748	0.7583		0.6222
2.7196	0.4429	0.8301	0.7048	1.4229	0.4839	1.4640	0.6667	1.0526	0.7583		0.6113
2.7085	0.4429	0.8069	0.7143	1.4310	0.4968	1.4852	0.6571	1.0397	0.7583		0.6139
2.7127	0.4429	0.8050	0.7143	1.4528	0.4452	1.4820	0.6667	1.0407	0.7583		0.6055
fc6_rbf_accuracy:0.6248

fc7_linear
Binh 		Giang		Hung 		Tan  		Thuan		Final accuracy
loss	acc 	loss	acc 	loss	acc 	loss	acc 	loss	acc 	
3.1300	0.3571	0.7357	0.7238	1.7292	0.4516	1.8587	0.4476	1.0599	0.5833		0.5127
3.0427	0.3929	0.9649	0.5810	2.0801	0.3871	1.7021	0.5810	1.2408	0.6167		0.5117
3.0271	0.3714	0.9490	0.5714	2.2050	0.3613	1.7576	0.5810	1.2506	0.6167		0.5004
2.9427	0.4071	0.9815	0.5619	2.2421	0.3484	1.8015	0.5714	1.3168	0.6000		0.4978
2.9469	0.3929	0.9886	0.5619	2.2789	0.3419	1.7327	0.6000	1.3167	0.6167		0.5027
2.9499	0.4000	0.9810	0.5619	2.3030	0.3355	1.7440	0.6095	1.3186	0.6167		0.5047
2.9517	0.4071	0.9871	0.5619	2.3064	0.3355	1.7498	0.6000	1.3358	0.6167		0.5042
fc7_linear_accuracy:0.5618

fc7_rbf
Binh 		Giang		Hung 		Tan  		Thuan		Final accuracy
loss	acc 	loss	acc 	loss	acc 	loss	acc 	loss	acc 	
3.1952	0.3071	0.9026	0.6095	1.6891	0.4710	1.5549	0.5333	1.7191	0.4000		0.4642
2.9269	0.3786	0.8968	0.5810	2.1207	0.3871	1.6427	0.6000	2.2175	0.3083		0.4510
2.9261	0.3929	0.9409	0.5905	2.3140	0.3548	1.6490	0.6190	1.3567	0.5917		0.5098
2.8497	0.4000	0.9585	0.5810	2.2755	0.3548	1.8741	0.4190	1.4010	0.5667		0.4643
2.9597	0.3786	0.9712	0.5810	2.3154	0.3484	1.6708	0.6000	1.4093	0.5833		0.4982
2.9218	0.4000	0.9433	0.5810	2.3369	0.3484	1.6543	0.6000	1.4188	0.5833		0.5025
2.8986	0.4000	0.9381	0.5810	2.3253	0.3484	1.6478	0.6095	1.4482	0.5583		0.4994
fc7_rbf_accuracy:0.5382

prob
Binh 		Giang		Hung 		Tan  		Thuan		Final accuracy
loss	acc 	loss	acc 	loss	acc 	loss	acc 	loss	acc 	
2.1353	0.2286	1.1670	0.4762	1.6217	0.3935	1.3830	0.4476	1.4976	0.3167		0.3725
3.4843	0.3857	1.1066	0.5524	2.7161	0.3806	1.7227	0.5429	1.6119	0.5250		0.4773
3.8328	0.4071	1.1691	0.5524	2.9598	0.3742	1.8468	0.5714	1.8189	0.5167		0.4844
4.4780	0.3857	1.2393	0.5429	3.4746	0.3742	1.9495	0.5714	1.8598	0.5417		0.4832
4.6417	0.4071	1.1763	0.5714	3.6589	0.3613	2.1369	0.5238	1.9553	0.5250		0.4777
4.6547	0.4214	1.1683	0.5714	3.6294	0.3548	2.1168	0.5143	1.9540	0.5250		0.4774
4.7216	0.4143	1.1964	0.5524	3.6128	0.3613	2.1301	0.5143	1.9183	0.5333		0.4751
prob_accuracy:0.4999

