    45      0      0      0      0      0      0      0      0      0      0      0
     0     15      0      0      0      0      0      0      1     29      0      0
     0      0     45      0      0      0      0      0      0      0      0      0
     0      0      0     23      9      0      0      0      0      0      6      7
     6      0      0      1     26      3      0      0      0      0      0      9
     0      0      0      0      0     44      1      0      0      0      0      0
     0      0      1      0      0      1     43      0      0      0      0      0
     0      0      8      0      0      0      0      2     22     13      0      0
     0      0      0      0      0      0      0      0     33     12      0      0
     0      1      0      0      0      0      0      0      1     43      0      0
     1      0      0     13      2      0      0      0      0      0     13     16
     0      0      0      0      8      0      0      0      0      0      0     37
