output/result/K4_K4_2019-05-14_22.55

fc6_linear
Giang		Hai  		Long 		Minh 		Thuy 		Tuyen		Final accuracy
loss	acc 	loss	acc 	loss	acc 	loss	acc 	loss	acc 	loss	acc 	
1.3198	0.6111	1.3463	0.6574	1.2323	0.7315	1.2681	0.6389	1.1405	0.6019	0.9947	0.7130		0.6590
1.0418	0.7037	1.3511	0.6667	0.7103	0.7778	1.0041	0.6759	0.8478	0.7500	0.9139	0.7315		0.7176
0.8737	0.6574	1.2601	0.6759	0.6668	0.7500	0.7754	0.7130	0.5543	0.8056	1.0355	0.7315		0.7222
0.7445	0.7315	1.1072	0.6759	0.6130	0.7593	0.7759	0.7778	0.5798	0.7500	0.9399	0.7037		0.7330
0.6746	0.7315	1.1628	0.6759	0.5265	0.7778	0.9231	0.7870	0.4560	0.8519	1.0444	0.7130		0.7562
0.6847	0.7037	1.1739	0.6667	0.5167	0.7963	0.8706	0.7963	0.4483	0.8148	1.0653	0.7315		0.7515
fc6_linear_accuracy:0.7639

fc6_rbf
Giang		Hai  		Long 		Minh 		Thuy 		Tuyen		Final accuracy
loss	acc 	loss	acc 	loss	acc 	loss	acc 	loss	acc 	loss	acc 	
1.1017	0.6389	1.2188	0.6852	1.2987	0.6852	1.1025	0.6389	1.0030	0.6481	0.8710	0.6574		0.6590
0.7400	0.7222	1.3439	0.6111	0.8944	0.6944	0.9268	0.6481	0.8708	0.6944	0.8727	0.6852		0.6759
0.7255	0.7222	1.3327	0.6389	0.8433	0.7130	0.9229	0.6852	0.7875	0.7222	0.9421	0.6852		0.6944
0.6160	0.7407	1.3161	0.6481	0.7671	0.7407	0.7599	0.7685	0.7220	0.6944	0.9360	0.7037		0.7160
0.6103	0.7130	1.3017	0.6481	0.7600	0.7500	0.9149	0.7500	0.6894	0.7593	0.9361	0.7222		0.7238
0.6007	0.7315	1.3127	0.6481	0.7426	0.7500	0.8267	0.7500	0.6806	0.7315	0.9189	0.7130		0.7207
fc6_rbf_accuracy:0.7377

fc7_linear
Giang		Hai  		Long 		Minh 		Thuy 		Tuyen		Final accuracy
loss	acc 	loss	acc 	loss	acc 	loss	acc 	loss	acc 	loss	acc 	
1.5132	0.5833	1.6019	0.5833	1.1400	0.7407	1.2936	0.6481	0.9207	0.7037	0.9590	0.7315		0.6651
1.1526	0.7037	1.3205	0.6574	0.7880	0.7315	1.0571	0.6944	0.7658	0.7593	0.8194	0.7407		0.7145
0.9264	0.6852	1.2734	0.6852	0.6556	0.7685	0.9531	0.6944	0.4857	0.8426	0.9436	0.7130		0.7315
0.6933	0.7593	1.2129	0.6667	0.5568	0.7407	0.8491	0.7685	0.4984	0.8611	0.8837	0.7315		0.7546
0.6647	0.7407	1.0881	0.6759	0.5018	0.8148	0.9546	0.7870	0.4394	0.8704	1.0559	0.7315		0.7701
0.6574	0.7593	1.0898	0.7130	0.5131	0.7778	0.9386	0.7963	0.4090	0.8333	1.0383	0.7593		0.7731
fc7_linear_accuracy:0.7855

fc7_rbf
Giang		Hai  		Long 		Minh 		Thuy 		Tuyen		Final accuracy
loss	acc 	loss	acc 	loss	acc 	loss	acc 	loss	acc 	loss	acc 	
1.1022	0.6111	1.2640	0.6481	1.0630	0.6944	1.1612	0.6296	0.9273	0.6759	0.8520	0.6944		0.6590
0.7343	0.6852	1.3927	0.6111	0.8491	0.7130	0.9644	0.6481	0.7949	0.7407	0.8032	0.6944		0.6821
0.6928	0.7037	1.3065	0.6481	0.8367	0.7130	0.8840	0.6852	0.7046	0.7593	0.8797	0.7037		0.7022
0.5901	0.7222	1.3097	0.6389	0.6701	0.7685	0.7768	0.7685	0.6533	0.7500	0.8627	0.7037		0.7253
0.5640	0.7685	1.3085	0.6574	0.6887	0.7685	0.9206	0.7407	0.5897	0.8148	0.9001	0.6944		0.7407
0.5416	0.7963	1.3062	0.6481	0.6908	0.7685	0.7369	0.7500	0.5813	0.7778	0.8965	0.7037		0.7407
fc7_rbf_accuracy:0.7515

prob
Giang		Hai  		Long 		Minh 		Thuy 		Tuyen		Final accuracy
loss	acc 	loss	acc 	loss	acc 	loss	acc 	loss	acc 	loss	acc 	
1.8922	0.2963	1.9020	0.3796	1.9556	0.3704	1.7231	0.4074	1.8496	0.3611	1.7440	0.5185		0.3889
0.8512	0.6574	1.6242	0.5463	0.8262	0.6759	0.9869	0.6296	0.7479	0.6574	0.9364	0.7407		0.6512
0.8952	0.6296	1.4963	0.6111	0.6451	0.6944	0.8809	0.6389	0.5744	0.7778	0.7023	0.7037		0.6759
0.5188	0.7407	1.4061	0.6852	0.6113	0.6944	0.6231	0.7870	0.5554	0.8241	1.0320	0.6759		0.7346
0.6518	0.7407	1.4018	0.6481	0.5187	0.7593	0.7799	0.6852	0.4984	0.7870	1.0634	0.7130		0.7222
0.5275	0.8148	1.4579	0.6852	0.5405	0.8056	0.5912	0.7593	0.4071	0.8704	0.9211	0.7222		0.7762
prob_accuracy:0.7840

