    18      0      0      0      0      0      0      0      0      0      0      0
     0      2      0      0      0      0      0      0      0     16      0      0
     0      0     17      0      0      0      0      0      1      0      0      0
     0      0      0      8      1      0      0      0      0      0      7      2
     0      0      0      0     14      0      0      0      0      0      0      4
     0      0      0      0      0     18      0      0      0      0      0      0
     0      0      0      0      0      1     17      0      0      0      0      0
     0      0      0      0      0      0      0     18      0      0      0      0
     0      0      0      0      0      0      0      0     18      0      0      0
     0      0      0      0      0      0      0      0      0     18      0      0
     0      0      0      5      1      0      0      0      0      0     10      2
     0      0      0      0      9      0      0      0      0      0      0      9
