    18      0      0      0      0      0      0      0      0      0      0      0
     0      0      0      0      0      0      0      0      1     17      0      0
     0      0     18      0      0      0      0      0      0      0      0      0
     0      0      0     18      0      0      0      0      0      0      0      0
     0      0      0      0     18      0      0      0      0      0      0      0
     0      0      0      0      0     17      1      0      0      0      0      0
     0      0      0      0      0      0     18      0      0      0      0      0
     0      0      0      0      0      0      0      7      1     10      0      0
     0      0      0      0      0      0      0      0     13      5      0      0
     0      0      0      0      0      0      0      0      0     18      0      0
     0      0      0     12      1      0      0      0      0      0      5      0
     0      0      0      0     11      0      0      0      0      0      0      7
