    90      0      0      0      0      0      0      0      0      0      0      0
     0     81      0      0      0      0      0      0      4      5      0      0
     0      0     90      0      0      0      0      0      0      0      0      0
     0      0      0     73      0      0      0      0      0      0     17      0
     0      0      0      0     63      0      0      0      0      0      0     27
     0      0      0      0      0     86      4      0      0      0      0      0
     0      0      0      0      0      0     90      0      0      0      0      0
     0      2      0      0      0      0      0     88      0      0      0      0
     0      0      0      0      0      0      0      0     85      5      0      0
     0      0      0      0      0      0      0      0      2     88      0      0
     0      0      0      1      0      0      0      0      0      0     89      0
     0      0      0      0      7      0      0      0      0      0      0     83
