    45      0      0      0      0      0      0      0      0      0      0      0
     0     41      0      0      0      0      0      1      1      2      0      0
     0      0     45      0      0      0      0      0      0      0      0      0
     0      0      0     44      0      0      0      0      0      0      1      0
     0      0      0      0     42      0      0      0      0      0      0      3
     0      0      0      0      0     45      0      0      0      0      0      0
     0      0      0      0      0      0     45      0      0      0      0      0
     0      1      0      0      0      0      0     44      0      0      0      0
     0      0      0      0      0      0      0      0     45      0      0      0
     0      5      0      0      0      0      0      2      2     36      0      0
     0      0      0      2      0      0      0      0      0      0     43      0
     1      0      0      0      1      0      0      0      0      0      0     43
