    45      0      0      0      0      0      0      0      0      0      0      0
     0     31      0      0      0      0      0      6      1      7      0      0
     0      0     44      0      0      0      0      1      0      0      0      0
     0      0      0     44      0      0      1      0      0      0      0      0
     0      0      0      0     36      0      0      0      0      0      0      9
     0      0      0      0      0     45      0      0      0      0      0      0
     0      0      0      0      0      0     45      0      0      0      0      0
     0      0      0      0      0      0      0     43      2      0      0      0
     0      0      0      0      0      0      0      1     44      0      0      0
     0      1      0      0      0      0      0      4      6     34      0      0
     0      0      0     37      0      0      0      0      0      0      8      0
     1      0      0      0      1      0      0      0      0      0      0     43
