    45      0      0      0      0      0      0      0      0      0      0      0
     0     32      0      0      0      0      0      0      6      7      0      0
     0      0     45      0      0      0      0      0      0      0      0      0
     0      0      0      0      6      0      0      0      0      0     39      0
     0      0      0      0     45      0      0      0      0      0      0      0
     0      0      0      0      0     45      0      0      0      0      0      0
     0      0      0      0      0      6     39      0      0      0      0      0
     0      2      0      0      0      0      0     23     13      7      0      0
     0      0      0      0      0      0      0      0     45      0      0      0
     0      2      0      0      0      0      0      0      3     40      0      0
     0      0      0      0      3      0      0      0      0      0     42      0
     0      0      0      0     28      0      0      0      0      0      0     17
