     0      6      0      7      5      0      0      0      0      0      0      0
     0     18      0      0      0      0      0      0      0      0      0      0
     0      0     18      0      0      0      0      0      0      0      0      0
     0      3      0     15      0      0      0      0      0      0      0      0
     0      0      0      4     12      0      0      0      0      0      0      2
     0      3      3      9      0      0      0      0      3      0      0      0
     0      2      0     10      6      0      0      0      0      0      0      0
     0     15      0      0      2      0      0      0      1      0      0      0
     0     15      0      0      1      0      0      0      2      0      0      0
     0     18      0      0      0      0      0      0      0      0      0      0
     0      3      0     14      1      0      0      0      0      0      0      0
     0      0      0      6     10      0      0      0      0      0      0      2
