output/result_backup/table_2019_02_27_original_pre_3_12gestures_6_subjects_fc6_1024_fc7_1024/K5_K3_2019-02-23_06.09

fc6_linear
Giang		Hai  		Long 		Minh 		Thuy 		Tuyen		Final accuracy
loss	acc 	loss	acc 	loss	acc 	loss	acc 	loss	acc 	loss	acc 	
2.9593	0.2778	3.3682	0.1944	3.1466	0.2222	3.5787	0.3611	3.5911	0.2500	2.7631	0.4444		0.2917
3.7268	0.1944	2.1764	0.4444	2.4443	0.4444	3.1606	0.4167	3.4902	0.3333	2.3027	0.3889		0.3704
2.8361	0.3056	2.7180	0.3611	2.2011	0.5556	2.6668	0.4444	3.6310	0.1944	2.4718	0.3611		0.3704
2.4348	0.2222	2.3775	0.3333	2.0828	0.3889	2.5949	0.4722	3.0572	0.3056	1.9448	0.4722		0.3657
2.8441	0.3611	2.4425	0.3611	2.1879	0.3611	2.9495	0.3611	3.1278	0.2500	2.2463	0.4444		0.3565
3.0312	0.2500	2.4444	0.3333	2.0761	0.5556	2.5120	0.4167	2.8439	0.2778	2.0835	0.4444		0.3796
2.9967	0.2778	2.4521	0.3611	2.0474	0.5278	2.4961	0.4167	2.8400	0.2778	2.1568	0.4444		0.3843
fc6_linear_accuracy:0.4398

fc6_rbf
Giang		Hai  		Long 		Minh 		Thuy 		Tuyen		Final accuracy
loss	acc 	loss	acc 	loss	acc 	loss	acc 	loss	acc 	loss	acc 	
2.5914	0.1111	2.8168	0.2778	2.5525	0.4167	2.4381	0.3889	2.3842	0.2778	2.4627	0.3333		0.3009
2.8169	0.2222	1.6773	0.4167	2.1586	0.4444	2.1810	0.3611	2.6138	0.3056	1.5971	0.4722		0.3704
2.1913	0.2778	1.7802	0.4167	2.0534	0.5000	2.1331	0.3333	2.5547	0.3333	1.5570	0.4722		0.3889
2.1888	0.3333	1.8987	0.3611	2.4859	0.4444	1.9186	0.4167	2.8340	0.1944	1.5711	0.5278		0.3796
2.2842	0.3889	1.7783	0.4167	1.9522	0.5278	2.0024	0.4167	2.6900	0.2778	1.7374	0.4444		0.4120
2.6383	0.2778	2.0232	0.3333	1.8717	0.5278	1.8837	0.4444	2.9957	0.2222	1.7968	0.4722		0.3796
2.8004	0.3056	2.0596	0.3889	1.9643	0.4722	1.9352	0.4722	2.4753	0.3056	1.7300	0.4722		0.4028
fc6_rbf_accuracy:0.4444

fc7_linear
Giang		Hai  		Long 		Minh 		Thuy 		Tuyen		Final accuracy
loss	acc 	loss	acc 	loss	acc 	loss	acc 	loss	acc 	loss	acc 	
3.2669	0.1667	2.5757	0.3611	3.2988	0.3333	2.6528	0.3889	3.9876	0.3056	2.0434	0.3611		0.3194
2.6291	0.2778	2.3951	0.3056	2.4121	0.3889	2.8059	0.3889	2.8892	0.1944	1.9364	0.5278		0.3472
2.7575	0.2500	2.8786	0.2500	1.8416	0.3889	2.3212	0.5833	3.0078	0.3056	1.5036	0.5000		0.3796
2.5236	0.1389	2.7076	0.2500	1.8061	0.3056	2.8490	0.2222	3.0626	0.2778	1.6082	0.5278		0.2870
2.9024	0.3056	2.6557	0.3056	1.8908	0.2778	2.7615	0.3056	2.6915	0.2778	1.6908	0.4444		0.3194
2.9826	0.1667	2.6569	0.3056	1.8454	0.3333	2.5742	0.4167	3.0500	0.3056	1.6477	0.4444		0.3287
3.0949	0.1389	2.7632	0.3056	1.8003	0.3333	2.5496	0.4167	3.1288	0.2778	1.6625	0.4444		0.3194
fc7_linear_accuracy:0.4120

fc7_rbf
Giang		Hai  		Long 		Minh 		Thuy 		Tuyen		Final accuracy
loss	acc 	loss	acc 	loss	acc 	loss	acc 	loss	acc 	loss	acc 	
1.9683	0.4444	1.8914	0.4722	2.0008	0.3611	1.7154	0.4444	2.2522	0.2778	1.5160	0.6389		0.4398
1.9727	0.3611	1.8557	0.3056	1.8282	0.4167	2.1610	0.4167	2.3473	0.2778	1.4302	0.5833		0.3935
2.5344	0.2222	2.0791	0.3056	1.6450	0.5278	2.2188	0.5278	2.4418	0.3056	1.4101	0.5556		0.4074
2.6850	0.1667	2.3455	0.3056	1.6587	0.4722	1.9295	0.4167	2.7178	0.3056	1.3485	0.5278		0.3657
2.6027	0.3056	2.1525	0.2778	1.5840	0.5000	2.4981	0.2778	2.4384	0.3056	1.5321	0.4722		0.3565
2.5584	0.2222	2.3369	0.2778	1.5980	0.5278	2.3858	0.2500	2.5654	0.3333	1.4009	0.5278		0.3565
2.7628	0.2500	2.2692	0.2778	1.6125	0.5556	2.3171	0.4167	2.6679	0.3056	1.5637	0.4444		0.3750
fc7_rbf_accuracy:0.4954

prob
Giang		Hai  		Long 		Minh 		Thuy 		Tuyen		Final accuracy
loss	acc 	loss	acc 	loss	acc 	loss	acc 	loss	acc 	loss	acc 	
1.8112	0.3056	1.4897	0.4722	1.7558	0.2778	1.4525	0.4444	1.9671	0.3611	1.2528	0.6667		0.4213
2.1259	0.2222	1.6294	0.3889	1.7224	0.3056	1.6385	0.5278	2.0034	0.3056	1.3613	0.4722		0.3704
2.6785	0.3056	2.2068	0.3056	1.5125	0.4167	2.2304	0.4167	2.5009	0.2500	1.5710	0.6111		0.3843
3.5834	0.2222	2.5425	0.3056	1.7488	0.3889	2.0705	0.3056	2.9366	0.2222	1.8670	0.5556		0.3333
3.0044	0.2778	2.2942	0.3889	1.6169	0.4722	3.2322	0.3611	3.3951	0.2222	1.8244	0.4722		0.3657
2.8873	0.3333	2.6161	0.2778	1.6388	0.4444	2.3593	0.4167	3.1112	0.2222	1.4937	0.5278		0.3704
2.9323	0.3056	2.5384	0.2778	1.6499	0.4722	2.4055	0.4167	3.1371	0.2500	1.4099	0.5278		0.3750
prob_accuracy:0.4722

