    17      0      0      0      1      0      0      0      0      0      0      0
     0     13      0      0      0      0      0      1      0      4      0      0
     0      0     18      0      0      0      0      0      0      0      0      0
     0      0      0     13      5      0      0      0      0      0      0      0
     0      0      0      0     18      0      0      0      0      0      0      0
     0      0      0      0      0     18      0      0      0      0      0      0
     0      0      0      0      0      4     14      0      0      0      0      0
     0      0      0      0      0      0      0     10      4      4      0      0
     0      1      0      0      0      0      0      0     17      0      0      0
     0      3      0      0      0      0      0      2      0     13      0      0
     0      0      0      8      8      0      0      0      0      0      2      0
     0      0      0      0     18      0      0      0      0      0      0      0
