     0     15      0      1      0      0      2      0      0      0      0      0
     0     18      0      0      0      0      0      0      0      0      0      0
     0      0     18      0      0      0      0      0      0      0      0      0
     0      0      0     16      2      0      0      0      0      0      0      0
     0      0      0      3     15      0      0      0      0      0      0      0
     0      0      4      0      0      3     11      0      0      0      0      0
     0      0      6      0      0      3      9      0      0      0      0      0
     0      6      0      3      0      0      0      8      1      0      0      0
     0      5      0      0      0      0      0      0     13      0      0      0
     0     18      0      0      0      0      0      0      0      0      0      0
     0      0      0     12      3      0      0      0      0      0      3      0
     0      0      0      3      9      0      0      0      1      0      0      5
