    18      0      0      0      0      0      0      0      0      0      0      0
     0      0      0      0      0      0      0      2      4     12      0      0
     0      0     18      0      0      0      0      0      0      0      0      0
     0      0      0     17      1      0      0      0      0      0      0      0
     0      0      0      0     18      0      0      0      0      0      0      0
     0      0      0      0      0     17      1      0      0      0      0      0
     0      0      0      0      0      0     18      0      0      0      0      0
     0      0      0      0      0      0      0     14      0      4      0      0
     0      0      0      0      0      0      0      0     16      2      0      0
     0      0      0      0      0      0      0      0      0     18      0      0
     0      0      0     17      1      0      0      0      0      0      0      0
     0      0      0      0     12      0      0      0      0      0      0      6
