output/result_backup/table_2019_02_12_original_pre_3_12gestures_fc6_1024_fc7_1024_from_pretrained/K4_K1_2019-02-11_01.11

fc6_linear
Giang		Hai  		Long 		Minh 		Thuan		Thuy 		Tuyen		Final accuracy
loss	acc 	loss	acc 	loss	acc 	loss	acc 	loss	acc 	loss	acc 	loss	acc 	
5.3739	0.0556	5.9487	0.0833	4.3613	0.2222	4.5093	0.1111	4.6058	0.1667	4.4249	0.2222	4.1497	0.1944		0.1508
4.4016	0.0833	4.4569	0.1389	4.3351	0.1389	4.7213	0.1944	4.9538	0.0833	3.7428	0.1111	4.5329	0.1667		0.1310
4.6455	0.0833	4.2797	0.1667	4.3439	0.1111	4.4390	0.1944	3.3880	0.1389	3.6085	0.2778	4.6062	0.3056		0.1825
4.3779	0.0833	3.9168	0.1111	3.7654	0.1667	3.8185	0.2222	3.6236	0.0556	3.1254	0.2778	3.6221	0.1667		0.1548
4.3723	0.1111	3.9829	0.1944	3.7806	0.0833	3.8819	0.1667	2.8861	0.1667	3.4184	0.2500	3.4592	0.2500		0.1746
4.4812	0.0833	4.0016	0.1944	3.8857	0.0833	3.5692	0.1944	3.1278	0.1667	4.5676	0.2222	3.2832	0.1944		0.1627
fc6_linear_accuracy:0.2143

fc6_rbf
Giang		Hai  		Long 		Minh 		Thuan		Thuy 		Tuyen		Final accuracy
loss	acc 	loss	acc 	loss	acc 	loss	acc 	loss	acc 	loss	acc 	loss	acc 	
3.8170	0.0833	3.2476	0.0833	3.1119	0.2500	3.4748	0.0833	4.2373	0.1389	3.4808	0.1667	3.7713	0.0833		0.1270
3.5903	0.1389	3.6097	0.1111	3.0435	0.3056	3.5735	0.1667	3.9546	0.1667	4.0092	0.1389	3.5621	0.1944		0.1746
4.3205	0.0833	3.3577	0.1111	3.1734	0.1667	3.1788	0.1667	3.0843	0.2222	3.4582	0.3056	4.2936	0.0000		0.1508
4.5255	0.0833	3.5238	0.1944	3.5850	0.1111	3.1536	0.2500	4.0043	0.1111	4.0837	0.2778	3.6083	0.1944		0.1746
3.7999	0.0833	3.9905	0.1389	4.0298	0.1389	2.9126	0.1944	3.6173	0.2222	3.4755	0.2222	3.4209	0.2778		0.1825
4.2763	0.1111	3.6229	0.1944	3.3077	0.1111	2.8954	0.1389	3.1175	0.2222	4.6983	0.1389	3.4374	0.2500		0.1667
fc6_rbf_accuracy:0.2421

fc7_linear
Giang		Hai  		Long 		Minh 		Thuan		Thuy 		Tuyen		Final accuracy
loss	acc 	loss	acc 	loss	acc 	loss	acc 	loss	acc 	loss	acc 	loss	acc 	
6.4421	0.1111	4.3506	0.0833	4.6353	0.1389	5.3014	0.1111	4.1661	0.1389	3.6918	0.3333	5.8618	0.0833		0.1429
4.8067	0.0833	4.1358	0.0556	4.6889	0.0278	4.9219	0.1389	3.7086	0.1667	3.7152	0.3056	5.0873	0.1389		0.1310
4.6445	0.0833	3.8233	0.1667	4.6219	0.0556	4.5632	0.1944	3.4333	0.1667	3.5263	0.3056	4.0001	0.1667		0.1627
4.6298	0.0833	3.7697	0.1667	4.2028	0.1111	4.2133	0.1667	3.1282	0.1111	3.0566	0.3056	3.7452	0.1667		0.1587
4.1040	0.0833	3.4743	0.2222	3.8522	0.0833	3.5843	0.1944	2.6503	0.1111	2.9344	0.3333	3.3594	0.1667		0.1706
4.2068	0.0833	3.5598	0.2222	3.8850	0.0833	3.6858	0.1944	2.6148	0.1667	2.9517	0.3333	3.3722	0.1944		0.1825
fc7_linear_accuracy:0.1944

fc7_rbf
Giang		Hai  		Long 		Minh 		Thuan		Thuy 		Tuyen		Final accuracy
loss	acc 	loss	acc 	loss	acc 	loss	acc 	loss	acc 	loss	acc 	loss	acc 	
4.3428	0.0833	3.1883	0.1111	3.3789	0.1944	3.3395	0.1667	2.8479	0.2500	2.3986	0.3611	3.5954	0.1389		0.1865
4.1684	0.0833	3.6687	0.1944	3.4452	0.2778	4.1508	0.1667	3.1817	0.1389	2.9820	0.3056	3.7394	0.1944		0.1944
4.5977	0.1111	3.9399	0.1944	4.0819	0.1944	3.9629	0.1667	3.0771	0.1389	3.3722	0.3333	4.1274	0.1667		0.1865
4.6936	0.0833	3.8583	0.2222	4.1204	0.1389	3.8839	0.2222	3.0527	0.1389	3.0136	0.3611	4.0704	0.1944		0.1944
4.2102	0.0833	3.9229	0.1667	3.9332	0.1667	3.4838	0.2222	2.8773	0.1111	3.0349	0.3056	4.2436	0.1944		0.1786
4.4659	0.0833	3.9246	0.1667	3.9916	0.1389	3.5051	0.2222	2.7808	0.1111	2.9568	0.3056	4.0780	0.2222		0.1786
fc7_rbf_accuracy:0.2381

prob
Giang		Hai  		Long 		Minh 		Thuan		Thuy 		Tuyen		Final accuracy
loss	acc 	loss	acc 	loss	acc 	loss	acc 	loss	acc 	loss	acc 	loss	acc 	
2.8006	0.0833	2.9329	0.1111	2.6773	0.1944	2.6323	0.1944	2.8646	0.1667	1.9292	0.3889	2.6594	0.1389		0.1825
3.6257	0.1667	3.3544	0.1667	3.0967	0.1667	2.7364	0.2222	2.8725	0.1944	2.0755	0.2778	2.7632	0.1667		0.1944
4.1089	0.0833	3.8483	0.1667	3.2385	0.2500	3.2086	0.1944	2.8903	0.2222	2.4030	0.3056	3.4082	0.2222		0.2063
4.3182	0.1111	4.5551	0.1667	3.8471	0.1944	3.4874	0.2222	3.0769	0.1944	2.3894	0.3333	3.6531	0.2222		0.2063
4.5503	0.1111	5.0420	0.1667	4.4209	0.1667	3.4323	0.1944	3.1766	0.1667	2.6687	0.3056	3.6982	0.1667		0.1825
4.4577	0.0833	4.8388	0.1944	4.2767	0.1944	3.3123	0.1944	3.0430	0.1667	2.7032	0.3056	3.8023	0.2222		0.1944
prob_accuracy:0.2381

