    18      0      0      0      0      0      0      0      0      0      0      0
     0     18      0      0      0      0      0      0      0      0      0      0
     0      0     18      0      0      0      0      0      0      0      0      0
     0      0      0      9      0      0      0      2      0      0      6      1
     0      0      0      0      8      0      0      0      0      0      3      7
     0      0      0      0      0     16      2      0      0      0      0      0
     0      0      0      0      0      4     14      0      0      0      0      0
     0      0      0      0      0      0      0     18      0      0      0      0
     0      0      0      0      0      0      0      1     17      0      0      0
     0      0      0      0      0      0      0      0      0     18      0      0
     0      0      0      0      0      0      0      1      0      0     14      3
     0      0      0      0      0      0      0      0      0      0      3     15
