    15      0      0      3      0      0      0      0      0      0      0      0
     0      2      0      0      0      0      0      0      0     16      0      0
     0      0     17      0      0      0      1      0      0      0      0      0
     0      0      0     17      0      0      0      0      0      1      0      0
     0      0      0      1     15      0      2      0      0      0      0      0
     0      0      0      0      0      6     12      0      0      0      0      0
     0      0      0      0      0      0     18      0      0      0      0      0
     0      0      0      0      0      0      0      4      3     11      0      0
     0      0      0      0      0      0      0      0      4     14      0      0
     0      1      0      0      0      0      0      0      0     17      0      0
     0      0      0     16      0      0      0      0      0      0      2      0
     0      0      0      0     18      0      0      0      0      0      0      0
