    18      0      0      0      0      0      0      0      0      0      0      0
     0      8      0      1      0      0      0      1      1      7      0      0
     0      0     18      0      0      0      0      0      0      0      0      0
     0      0      0     17      0      0      0      1      0      0      0      0
     0      0      0      1     16      0      1      0      0      0      0      0
     0      0      0      0      0      8     10      0      0      0      0      0
     0      0      0      0      0      0     18      0      0      0      0      0
     0      5      0      0      1      0      0      6      1      5      0      0
     0      3      0      0      0      0      0      1      5      9      0      0
     0      1      0      0      0      0      0      0      0     17      0      0
     0      0      0     17      1      0      0      0      0      0      0      0
     0      0      0      3     13      0      0      0      0      0      0      2
