    17      0      0      0      1      0      0      0      0      0      0      0
     0      1      0      0      0      0      0      0      2     15      0      0
     0      0     18      0      0      0      0      0      0      0      0      0
     0      0      0     13      3      0      2      0      0      0      0      0
     0      0      0      0     18      0      0      0      0      0      0      0
     0      0      0      0      0     17      1      0      0      0      0      0
     0      0      0      0      0      0     18      0      0      0      0      0
     0      0      0      0      0      0      0      0      1     17      0      0
     0      0      0      0      0      0      0      0     17      1      0      0
     0      0      0      0      0      0      0      0      0     18      0      0
     0      0      0      9      5      0      1      0      0      0      3      0
     0      0      0      0     18      0      0      0      0      0      0      0
