    90      0      0      0      0      0      0      0      0      0      0      0
     0     87      0      0      0      0      0      0      0      3      0      0
     0      0     90      0      0      0      0      0      0      0      0      0
     0      0      0     76      0      0      0      0      0      0     14      0
     0      0      0      0     76      0      0      0      0      0      0     14
     0      0      0      0      0     89      1      0      0      0      0      0
     0      0      0      0      0      0     90      0      0      0      0      0
     0      0      0      0      0      0      0     90      0      0      0      0
     0      1      0      0      0      0      0      0     89      0      0      0
     0      2      0      0      0      0      0      0      1     87      0      0
     0      0      0      6      0      0      0      0      0      0     80      4
     0      0      0      0      6      0      0      0      0      0      0     84
