    90      0      0      0      0      0      0      0      0      0      0      0
     0     85      0      0      0      0      0      0      2      3      0      0
     0      0     90      0      0      0      0      0      0      0      0      0
     0      0      0     80      0      0      0      0      0      0     10      0
     0      0      0      0     71      0      0      0      0      0      0     19
     0      0      0      0      0     90      0      0      0      0      0      0
     0      0      0      0      0      0     90      0      0      0      0      0
     0      0      0      0      0      0      0     90      0      0      0      0
     0      2      0      0      0      0      0      0     88      0      0      0
     0      2      0      0      0      0      0      0      1     87      0      0
     0      0      0      9      0      0      0      0      0      0     78      3
     0      0      0      0      6      0      0      0      0      0      0     84
