    90      0      0      0      0      0      0      0      0      0      0      0
     0     77      0      0      0      0      0      1      4      8      0      0
     0      0     90      0      0      0      0      0      0      0      0      0
     0      0      0     73      0      0      0      0      0      0     17      0
     0      0      0      0     68      0      0      0      0      0      0     22
     0      0      0      0      0     86      4      0      0      0      0      0
     0      0      0      0      0      0     90      0      0      0      0      0
     0      0      0      0      0      0      0     90      0      0      0      0
     0      1      0      0      0      0      0      0     89      0      0      0
     0      2      0      0      0      0      0      0      1     87      0      0
     0      0      0      3      0      0      0      0      0      0     85      2
     0      0      0      0      1      0      0      0      0      0      0     89
