    17      0      0      0      1      0      0      0      0      0      0      0
     0      2      0      0      0      0      0      1      0     15      0      0
     0      0     18      0      0      0      0      0      0      0      0      0
     0      0      0     14      4      0      0      0      0      0      0      0
     0      0      0      0     18      0      0      0      0      0      0      0
     0      0      0      0      0     15      3      0      0      0      0      0
     0      0      0      0      0      2     16      0      0      0      0      0
     0      0      0      0      0      0      0     10      3      5      0      0
     0      0      0      0      0      0      0      0     18      0      0      0
     0      0      0      0      0      0      0      0      0     18      0      0
     0      0      0     13      5      0      0      0      0      0      0      0
     0      0      0      0     18      0      0      0      0      0      0      0
