output/result/new/K1_K3_2019-01-28_18.52

fc6_linear
Binh 		Giang		Hung 		Tan  		Thuan		Final accuracy
loss	acc 	loss	acc 	loss	acc 	loss	acc 	loss	acc 	
2.4714	0.2222	3.2786	0.2857	2.9833	0.2581	4.5514	0.2500	3.9892	0.0417		0.2115
2.6936	0.1481	2.9710	0.1905	2.4155	0.2581	3.1896	0.2000	2.6460	0.2083		0.2010
2.5509	0.1481	3.0184	0.1905	2.1868	0.2581	2.6227	0.3500	2.7216	0.2083		0.2310
2.5939	0.1481	2.8103	0.2381	2.1453	0.3548	2.6757	0.3000	2.7174	0.2083		0.2499
2.2444	0.1481	2.7624	0.1905	1.9876	0.3548	2.6858	0.3500	2.8026	0.2083		0.2504
fc6_linear_accuracy:0.2504

fc6_rbf
Binh 		Giang		Hung 		Tan  		Thuan		Final accuracy
loss	acc 	loss	acc 	loss	acc 	loss	acc 	loss	acc 	
2.2164	0.4815	2.9261	0.3333	2.1073	0.3548	2.8897	0.3500	2.9934	0.1667		0.3373
2.5821	0.2593	3.0567	0.2381	2.0910	0.3548	2.7244	0.3000	2.6900	0.2083		0.2721
2.5022	0.2222	2.7066	0.2381	2.1994	0.3226	2.3147	0.3500	2.7565	0.2083		0.2682
2.6027	0.1481	2.4126	0.2381	2.2229	0.3226	2.3679	0.3500	2.7104	0.2083		0.2534
2.2722	0.3333	2.5040	0.2381	2.1733	0.3226	2.2825	0.3500	2.6837	0.2083		0.2905
fc6_rbf_accuracy:0.3373

fc7_linear
Binh 		Giang		Hung 		Tan  		Thuan		Final accuracy
loss	acc 	loss	acc 	loss	acc 	loss	acc 	loss	acc 	
1.7297	0.1852	4.1932	0.1429	5.9495	0.1935	5.6443	0.2500	2.3656	0.2083		0.1960
1.7854	0.4074	3.7080	0.2857	3.3693	0.2258	2.8326	0.2500	2.0345	0.2083		0.2755
1.9633	0.2963	3.4415	0.1905	2.7852	0.2258	2.3786	0.3000	2.0375	0.2500		0.2525
2.1249	0.1481	3.3702	0.2381	2.6980	0.2258	2.2093	0.3000	1.9175	0.2083		0.2241
2.2689	0.1481	3.4105	0.1905	2.5915	0.2258	2.3415	0.3000	2.2586	0.2083		0.2146
fc7_linear_accuracy:0.2755

fc7_rbf
Binh 		Giang		Hung 		Tan  		Thuan		Final accuracy
loss	acc 	loss	acc 	loss	acc 	loss	acc 	loss	acc 	
1.9948	0.1852	1.8997	0.3333	2.1151	0.3226	1.6508	0.2000	1.7354	0.2083		0.2499
2.1277	0.2593	2.2654	0.3333	2.5172	0.2258	2.0213	0.4000	2.0231	0.2083		0.2853
2.2420	0.2593	2.3803	0.3333	2.2796	0.2258	2.2082	0.4000	2.1464	0.2083		0.2853
2.3982	0.1852	2.2053	0.2381	2.2696	0.2258	2.0289	0.4500	1.9301	0.2083		0.2615
2.4520	0.1852	2.2334	0.2381	2.1843	0.2258	2.1313	0.4500	2.0351	0.2083		0.2615
fc7_rbf_accuracy:0.2853

prob
Binh 		Giang		Hung 		Tan  		Thuan		Final accuracy
loss	acc 	loss	acc 	loss	acc 	loss	acc 	loss	acc 	
1.4807	0.4815	0.7479	0.9524	1.2351	0.5161	1.0059	0.7500	1.4589	0.2917		0.5983
1.2733	0.4815	0.7314	0.5714	1.0811	0.5484	0.7093	0.7000	1.1287	0.7083		0.6019
1.6845	0.4815	0.7393	0.5238	1.3302	0.5161	0.6400	0.7000	1.6383	0.3750		0.5193
2.1523	0.4444	0.8031	0.5238	1.4210	0.4839	0.5938	0.7000	1.6943	0.5833		0.5471
2.6691	0.4444	0.8499	0.5238	1.6137	0.5161	0.6097	0.7000	2.1214	0.5417		0.5452
prob_accuracy:0.6019

