    18      0      0      0      0      0      0      0      0      0      0      0
     0      2      0      0      0      0      0      1      0     15      0      0
     0      0     17      0      0      0      0      1      0      0      0      0
     0      0      0     16      0      0      0      0      0      0      0      2
     0      0      0      3      6      0      0      0      0      0      0      9
     0      0      0      0      0      2     16      0      0      0      0      0
     0      0      0      0      0      0     18      0      0      0      0      0
     0      1      0      0      0      0      0      4      1     12      0      0
     0      0      0      0      0      0      0      1     13      4      0      0
     0      0      0      0      0      0      0      0      0     18      0      0
     0      0      0      1      0      0      0      0      0      0     17      0
     0      0      0      0      5      0      0      0      0      0      0     13
