    15      0      0      0      0      0      0      0      0      0      0      0
     0     13      0      0      0      0      0      0      0      2      0      0
     0      0     15      0      0      0      0      0      0      0      0      0
     0      0      0     15      0      0      0      0      0      0      0      0
     0      0      0      1     12      0      0      0      0      0      0      2
     0      0      0      0      0     15      0      0      0      0      0      0
     0      0      0      0      0      0     15      0      0      0      0      0
     0      0      0      0      0      0      0     15      0      0      0      0
     0      0      0      0      0      0      0      0     15      0      0      0
     0      0      0      0      0      0      0      0      0     15      0      0
     0      0      0      3      0      0      0      0      0      0     10      2
     0      0      0      0      2      0      0      0      0      0      0     13
