    14      3      0      0      0      1      0      0      0      0      0      0
     0     17      0      0      0      0      0      0      0      1      0      0
     0      0     17      0      0      0      1      0      0      0      0      0
     0      0      0     15      2      0      0      0      0      0      0      1
     0      0      0      3     15      0      0      0      0      0      0      0
     0      0      0      0      0      8     10      0      0      0      0      0
     0      0      0      0      0      0     18      0      0      0      0      0
     0      2      0      0      0      0      0     14      2      0      0      0
     0      1      0      0      0      0      0      0     17      0      0      0
     0      0      0      0      0      0      0      0      0     18      0      0
     0      0      0     15      3      0      0      0      0      0      0      0
     0      0      0      2     16      0      0      0      0      0      0      0
