    90      0      0      0      0      0      0      0      0      0      0      0
     0     82      0      0      0      0      0      0      1      7      0      0
     0      0     90      0      0      0      0      0      0      0      0      0
     0      0      0     81      0      0      0      0      0      0      9      0
     0      0      0      0     72      0      0      0      0      0      0     18
     0      0      0      0      0     89      1      0      0      0      0      0
     0      0      0      0      0      0     90      0      0      0      0      0
     0      1      0      0      0      0      0     89      0      0      0      0
     0      0      0      0      0      0      0      0     90      0      0      0
     0      4      0      0      0      0      0      0      0     86      0      0
     0      0      0      3      0      0      0      0      0      0     86      1
     0      0      0      0      9      0      0      0      0      0      0     81
