    90      0      0      0      0      0      0      0      0      0      0      0
     0     79      0      0      0      0      0      0      1     10      0      0
     0      0     90      0      0      0      0      0      0      0      0      0
     0      0      0     83      0      0      0      0      0      0      7      0
     0      0      0      0     72      0      0      0      0      0      0     18
     0      0      0      0      0     89      1      0      0      0      0      0
     0      0      0      0      0      0     90      0      0      0      0      0
     0      0      0      0      0      0      0     90      0      0      0      0
     0      1      0      0      0      0      0      0     89      0      0      0
     0      4      0      0      0      0      0      0      0     86      0      0
     0      0      0      5      0      0      0      0      0      0     84      1
     0      0      0      0     13      0      0      0      0      0      0     77
