     0      0      0     17      1      0      0      0      0      0      0      0
     0      4      2      0      0      0      0      0      0     12      0      0
     0      0     13      5      0      0      0      0      0      0      0      0
     0      0      0     18      0      0      0      0      0      0      0      0
     0      0      0     10      8      0      0      0      0      0      0      0
     0      0      9      9      0      0      0      0      0      0      0      0
     0      0      8     10      0      0      0      0      0      0      0      0
     0      0      2      3      0      0      0     11      0      2      0      0
     0      0      0      0      0      0      0      0     18      0      0      0
     0      0      1      0      0      0      0      0      0     17      0      0
     0      0      1     17      0      0      0      0      0      0      0      0
     0      0      0      9      9      0      0      0      0      0      0      0
