output/result_backup/table_08Jan2019_original_aug_1_pad/K3_K3_07-01-2019_20.11.23

fc6_linear
Binh 		Giang		Hung 		Tan  		Thuan		Final accuracy
loss	acc 	loss	acc 	loss	acc 	loss	acc 	loss	acc 	
0.7238	0.7786	0.1254	0.9619	0.1455	0.9419	0.5190	0.8545	0.2120	0.9500		0.8974
0.5810	0.7786	0.0630	1.0000	0.0975	0.9806	0.2966	0.9000	0.1692	0.9667		0.9252
0.5203	0.7714	0.0635	1.0000	0.0751	0.9935	0.2824	0.9182	0.1444	0.9667		0.9300
0.4676	0.7857	0.0634	1.0000	0.0754	1.0000	0.2457	0.9364	0.1496	0.9583		0.9361
0.4621	0.8071	0.0654	1.0000	0.0757	1.0000	0.2736	0.9364	0.1351	0.9667		0.9420
0.4879	0.7786	0.0707	1.0000	0.0751	1.0000	0.2643	0.9273	0.1331	0.9667		0.9345
0.4781	0.7786	0.0730	1.0000	0.0784	1.0000	0.2779	0.9000	0.1367	0.9667		0.9290
fc6_linear_accuracy:0.9420

fc6_rbf
Binh 		Giang		Hung 		Tan  		Thuan		Final accuracy
loss	acc 	loss	acc 	loss	acc 	loss	acc 	loss	acc 	
0.7894	0.7357	0.1789	0.9619	0.1175	0.9677	0.6464	0.8273	0.2352	0.9417		0.8869
0.6474	0.7571	0.0874	1.0000	0.1189	0.9806	0.3803	0.8545	0.1806	0.9583		0.9101
0.5855	0.7571	0.0776	1.0000	0.0796	1.0000	0.3404	0.8818	0.1507	0.9667		0.9211
0.5309	0.7786	0.0704	1.0000	0.0725	1.0000	0.3014	0.8909	0.1551	0.9667		0.9272
0.5526	0.7714	0.0749	1.0000	0.0726	1.0000	0.3120	0.8909	0.1335	0.9750		0.9275
0.5623	0.7571	0.0719	1.0000	0.0777	1.0000	0.3155	0.8909	0.1296	0.9750		0.9246
0.5589	0.7571	0.0840	1.0000	0.0776	1.0000	0.3025	0.8909	0.1314	0.9750		0.9246
fc6_rbf_accuracy:0.9289

fc7_linear
Binh 		Giang		Hung 		Tan  		Thuan		Final accuracy
loss	acc 	loss	acc 	loss	acc 	loss	acc 	loss	acc 	
0.7201	0.7500	0.1535	0.9429	0.1164	0.9613	0.6954	0.8364	0.1885	0.9500		0.8881
0.5609	0.7786	0.0681	1.0000	0.0939	0.9806	0.3967	0.8636	0.1537	0.9500		0.9146
0.4841	0.7857	0.0620	1.0000	0.0622	1.0000	0.3647	0.8818	0.1388	0.9667		0.9268
0.4273	0.8071	0.0603	1.0000	0.0612	1.0000	0.2951	0.9091	0.1406	0.9583		0.9349
0.4375	0.8000	0.0602	1.0000	0.0636	1.0000	0.3096	0.9182	0.1293	0.9667		0.9370
0.4599	0.7857	0.0617	1.0000	0.0675	1.0000	0.3166	0.9000	0.1271	0.9667		0.9305
0.4556	0.8000	0.0641	1.0000	0.0672	1.0000	0.3029	0.9000	0.1289	0.9667		0.9333
fc7_linear_accuracy:0.9384

fc7_rbf
Binh 		Giang		Hung 		Tan  		Thuan		Final accuracy
loss	acc 	loss	acc 	loss	acc 	loss	acc 	loss	acc 	
0.7880	0.7429	0.1664	0.9524	0.1046	0.9871	0.7578	0.8273	0.2112	0.9583		0.8936
0.6011	0.7643	0.0792	1.0000	0.0953	1.0000	0.4292	0.8455	0.1548	0.9667		0.9153
0.5316	0.7786	0.0660	1.0000	0.0547	1.0000	0.3903	0.8545	0.1333	0.9667		0.9200
0.4925	0.7929	0.0630	1.0000	0.0585	1.0000	0.3329	0.8909	0.1388	0.9667		0.9301
0.5172	0.7786	0.0590	1.0000	0.0615	1.0000	0.3442	0.8818	0.1209	0.9667		0.9254
0.5357	0.7357	0.0602	1.0000	0.0662	1.0000	0.3398	0.8818	0.1179	0.9667		0.9168
0.5441	0.7286	0.0611	1.0000	0.0633	1.0000	0.3353	0.8818	0.1215	0.9667		0.9154
fc7_rbf_accuracy:0.9301

prob
Binh 		Giang		Hung 		Tan  		Thuan		Final accuracy
loss	acc 	loss	acc 	loss	acc 	loss	acc 	loss	acc 	
0.5069	0.8071	0.5404	0.7524	0.1928	0.9935	0.6179	0.8182	0.3159	0.8917		0.8526
0.3331	0.8786	0.7567	0.6571	0.1613	0.9613	0.3809	0.8909	0.1897	0.9500		0.8676
0.3223	0.8643	0.1734	0.9333	0.0618	1.0000	0.4092	0.8818	0.1733	0.9667		0.9292
0.3298	0.8214	0.1721	0.9238	0.0599	1.0000	0.3282	0.9091	0.4388	0.9083		0.9125
0.3470	0.8286	0.1178	0.9714	0.0641	1.0000	0.3963	0.9091	0.1511	0.9667		0.9352
0.3524	0.8357	0.0945	0.9810	0.0715	1.0000	0.4469	0.9091	0.1240	0.9667		0.9385
0.3423	0.8500	0.1182	0.9714	0.0693	1.0000	0.5199	0.8909	0.1354	0.9667		0.9358
prob_accuracy:0.9471

