    45      0      0      0      0      0      0      0      0      0      0      0
     1     38      1      0      0      0      0      0      0      5      0      0
     0      0     42      3      0      0      0      0      0      0      0      0
     0      0      0     38      0      1      0      0      0      0      6      0
     1      0      1      0     41      0      0      0      0      0      0      2
     4      0      0      0      0     41      0      0      0      0      0      0
     0      0      0      0      0      0     45      0      0      0      0      0
     0      0      0      0      0      0      0     45      0      0      0      0
     0      0      0      0      0      0      0      0     45      0      0      0
     0      0      0      0      0      0      0      0      0     45      0      0
     0      0      0      2      0      0      0      0      0      0     43      0
     0      0      0      0      0      0      0      0      0      0      0     45
