    45      0      0      0      0      0      0      0      0      0      0      0
     1     42      0      0      0      0      0      0      0      2      0      0
     1      0     41      3      0      0      0      0      0      0      0      0
     0      0      0     41      0      1      0      0      0      0      3      0
     1      0      1      0     41      0      0      0      0      0      0      2
     5      0      0      0      0     39      0      0      0      0      0      1
     0      0      0      0      0      0     45      0      0      0      0      0
     0      0      0      0      0      0      0     45      0      0      0      0
     0      0      0      0      0      0      0      0     45      0      0      0
     0      0      0      0      0      0      0      0      0     45      0      0
     0      0      0      6      0      0      0      0      0      0     39      0
     0      0      0      0      0      0      0      0      0      0      0     45
