    35      1      3      0      0      2      0      0      0      1      0      3
     1     41      2      0      0      0      0      0      0      1      0      0
     0      0     42      3      0      0      0      0      0      0      0      0
     4      0      0      8      1      1      0      0      0      0     30      1
     1      0      1      0      5      2      0      0      0      0      0     36
     5      0      9      1      0     20      9      0      0      0      0      1
     0      0     13      0      0      0     32      0      0      0      0      0
     0      3      0      0      0      0      0     42      0      0      0      0
     0      0      0      0      0      0      0      0     45      0      0      0
     0     29      0      0      0      0      0      0      0     16      0      0
     0      0      0      0      0      0      0      0      0      0     45      0
     0      0      0      0      0      0      0      0      0      0      0     45
