    18      0      0      0      0      0      0      0      0      0      0      0
     0      1      0      0      0      0      0      0      5     12      0      0
     0      0     18      0      0      0      0      0      0      0      0      0
     0      0      0     18      0      0      0      0      0      0      0      0
     0      0      0      0     18      0      0      0      0      0      0      0
     0      0      0      0      0     17      1      0      0      0      0      0
     0      0      0      0      0      0     18      0      0      0      0      0
     0      0      0      0      0      0      0     12      2      4      0      0
     0      0      0      0      0      0      0      0     16      2      0      0
     0      0      0      0      0      0      0      0      0     18      0      0
     0      0      0      8      1      0      0      0      0      0      9      0
     0      0      0      0     18      0      0      0      0      0      0      0
