    45      0      0      0      0      0      0      0      0      0      0      0
     0     45      0      0      0      0      0      0      0      0      0      0
     0      0     45      0      0      0      0      0      0      0      0      0
     0      0      1     22      0      0      0      0      0      0     22      0
     0      0      0      0     33      1      0      0      0      0      0     11
     0      0      0      0      0     45      0      0      0      0      0      0
     0      0      0      0      0      0     45      0      0      0      0      0
     0      0      0      0      0      0      0     45      0      0      0      0
     0      0      1      0      0      0      0      0     44      0      0      0
     0      1      0      0      0      0      0      0      0     44      0      0
     0      0      0      1      0      0      0      1      0      0     43      0
     0      0      0      0      0      0      0      0      0      0      0     45
