    44      0      0      0      0      1      0      0      0      0      0      0
     0     40      0      0      0      0      0      0      1      4      0      0
     0      0     44      0      0      1      0      0      0      0      0      0
     0      0      1     44      0      0      0      0      0      0      0      0
     0      0      0      0      0      3      1      0      0      0      0     41
     0      0      1      0      0     43      1      0      0      0      0      0
     0      0      2      0      0      1     42      0      0      0      0      0
     0      0      0      0      0      0      0     44      1      0      0      0
     0      1      1      0      0      0      0      0     43      0      0      0
     0      9      0      0      0      0      0      0      1     35      0      0
     0      0      0     17      0      0      0      0      0      0     28      0
     0      0      0      0      0      0      0      0      0      0      0     45
