     0      3      0      0     10      1      0      0      3      0      0      1
     0     18      0      0      0      0      0      0      0      0      0      0
     0      0     17      0      1      0      0      0      0      0      0      0
     0      0      1     16      0      0      0      0      0      0      0      1
     0      0      2      0     12      0      0      0      0      0      0      4
     0      0      0      0      0     18      0      0      0      0      0      0
     0      0      4      2      4      8      0      0      0      0      0      0
     0     18      0      0      0      0      0      0      0      0      0      0
     0     17      0      0      0      0      0      0      1      0      0      0
     0     18      0      0      0      0      0      0      0      0      0      0
     0      1      0     13      1      0      0      0      0      0      0      3
     0      0      0      0     12      0      0      0      0      0      0      6
