    18      0      0      0      0      0      0      0      0      0      0      0
     0      3      0      0      0      0      0      0      2     13      0      0
     0      0     18      0      0      0      0      0      0      0      0      0
     0      0      0     10      3      0      1      0      0      0      3      1
     0      0      1      0     17      0      0      0      0      0      0      0
     0      0      0      0      0     17      1      0      0      0      0      0
     0      0      0      0      0      3     15      0      0      0      0      0
     0      0      0      0      0      0      0      2      2     14      0      0
     0      0      0      0      0      0      0      0     18      0      0      0
     0      0      0      0      0      0      0      0      1     17      0      0
     0      0      0      1      1      0      0      0      0      0     16      0
     0      0      0      0      9      0      0      0      0      0      0      9
