output/result/K1_K2_2019-02-16_00.44

fc6_linear
Giang		Hai  		Long 		Minh 		Thuan		Thuy 		Tuyen		Final accuracy
loss	acc 	loss	acc 	loss	acc 	loss	acc 	loss	acc 	loss	acc 	loss	acc 	
5.3762	0.1667	5.5489	0.0833	5.5544	0.0833	4.4834	0.1389	5.3514	0.0833	6.2846	0.0556	5.3631	0.1389		0.1071
5.4576	0.0833	4.8955	0.1389	4.9011	0.0278	4.6172	0.1389	4.5204	0.0833	5.5071	0.1667	5.2186	0.0833		0.1032
4.0277	0.1111	5.1202	0.0556	4.4608	0.0556	4.1384	0.0833	4.0937	0.1667	5.5787	0.1944	3.8491	0.0833		0.1071
3.5389	0.1111	4.0036	0.1111	5.6507	0.0833	3.9150	0.0833	3.5928	0.1111	5.2247	0.1944	3.5827	0.1389		0.1190
4.0099	0.0833	4.1214	0.1111	4.6276	0.1111	3.9960	0.0833	3.6076	0.0833	4.8903	0.0833	3.8267	0.1111		0.0952
3.5549	0.1111	3.8897	0.0833	4.9721	0.1667	3.7505	0.1111	3.7995	0.1389	4.6203	0.1111	3.8475	0.1944		0.1310
fc6_linear_accuracy:0.1667

fc6_rbf
Giang		Hai  		Long 		Minh 		Thuan		Thuy 		Tuyen		Final accuracy
loss	acc 	loss	acc 	loss	acc 	loss	acc 	loss	acc 	loss	acc 	loss	acc 	
4.0617	0.1667	4.2330	0.1667	4.0547	0.0833	3.8158	0.1389	3.9735	0.1111	4.1711	0.0833	4.1790	0.1667		0.1310
3.4658	0.1667	3.9910	0.0833	3.9774	0.0833	2.9451	0.1944	3.4005	0.1389	4.1729	0.0833	3.9546	0.0833		0.1190
3.4255	0.1111	3.7365	0.0833	3.7295	0.0833	3.0606	0.0556	2.8260	0.0833	4.1576	0.0833	3.3913	0.0833		0.0833
3.5331	0.1111	3.2564	0.1667	3.7545	0.1667	2.9393	0.0833	2.8864	0.1667	3.5569	0.1111	3.3993	0.1111		0.1310
3.5801	0.1111	3.2611	0.1111	3.6263	0.1111	2.8023	0.1389	2.6808	0.2500	3.7582	0.0556	3.1696	0.1389		0.1310
3.3766	0.1111	3.1035	0.1111	3.8203	0.0833	2.6914	0.0833	2.8405	0.1667	3.5327	0.0556	3.2664	0.0833		0.0992
fc6_rbf_accuracy:0.1746

fc7_linear
Giang		Hai  		Long 		Minh 		Thuan		Thuy 		Tuyen		Final accuracy
loss	acc 	loss	acc 	loss	acc 	loss	acc 	loss	acc 	loss	acc 	loss	acc 	
4.4247	0.1667	4.6720	0.1667	4.8676	0.0833	4.2069	0.0833	4.2874	0.0833	5.1600	0.1389	4.6489	0.1667		0.1270
4.1883	0.0833	4.5728	0.0833	4.3459	0.0278	3.8167	0.0000	3.6667	0.0833	4.8275	0.2500	4.3003	0.0833		0.0873
4.0061	0.1389	3.9987	0.1111	4.1716	0.1111	4.0245	0.1111	3.1774	0.1389	4.3572	0.1111	3.8224	0.0833		0.1151
3.6589	0.1667	3.5215	0.0278	3.9190	0.0556	3.4925	0.0833	3.4546	0.1111	4.0732	0.1111	3.7406	0.0833		0.0913
3.6488	0.1111	3.6304	0.0278	4.2226	0.2500	3.1651	0.1389	3.3626	0.1111	4.2777	0.1667	3.1344	0.1667		0.1389
3.4056	0.1389	3.3052	0.0000	3.8554	0.1667	3.2783	0.1111	3.2999	0.1111	4.1679	0.1944	3.0622	0.0833		0.1151
fc7_linear_accuracy:0.1825

fc7_rbf
Giang		Hai  		Long 		Minh 		Thuan		Thuy 		Tuyen		Final accuracy
loss	acc 	loss	acc 	loss	acc 	loss	acc 	loss	acc 	loss	acc 	loss	acc 	
3.8349	0.1667	4.0623	0.1667	3.8267	0.0833	3.7880	0.1389	3.6731	0.0833	4.2363	0.0833	3.8780	0.1944		0.1310
3.7138	0.1111	3.8480	0.0833	3.9207	0.0278	3.3033	0.0278	3.4687	0.0833	4.0056	0.0833	3.6478	0.0833		0.0714
3.7139	0.1111	3.4151	0.0833	3.5086	0.1111	2.9824	0.1667	3.0210	0.0833	3.8393	0.0556	3.2416	0.0833		0.0992
3.3327	0.1389	3.2300	0.1389	3.4903	0.0833	3.0014	0.0833	3.0520	0.0833	3.4777	0.1389	3.1092	0.1389		0.1151
3.5325	0.1389	3.2012	0.0556	3.4216	0.0833	2.8825	0.1667	2.9116	0.1389	3.5630	0.0833	2.9290	0.1111		0.1111
3.4324	0.1389	3.0687	0.1111	3.1425	0.1111	3.0703	0.1667	3.1329	0.0833	3.3291	0.0556	2.9131	0.2222		0.1270
fc7_rbf_accuracy:0.1587

prob
Giang		Hai  		Long 		Minh 		Thuan		Thuy 		Tuyen		Final accuracy
loss	acc 	loss	acc 	loss	acc 	loss	acc 	loss	acc 	loss	acc 	loss	acc 	
2.4816	0.0556	2.4564	0.1667	2.5588	0.1111	2.6324	0.0000	2.6170	0.0833	2.2195	0.1667	2.4681	0.1111		0.0992
2.4537	0.1111	2.2411	0.0833	2.3138	0.0278	2.4722	0.0000	2.5314	0.1389	2.1637	0.2500	2.3462	0.0556		0.0952
2.5826	0.1667	2.3253	0.1667	2.4227	0.1667	2.7577	0.1389	2.4861	0.0833	2.7036	0.1389	2.2589	0.2222		0.1548
2.5770	0.1667	2.6291	0.1111	2.5712	0.2222	2.8233	0.0278	2.2503	0.2778	2.9186	0.0278	2.6154	0.1944		0.1468
2.6393	0.1389	2.5533	0.1389	2.7844	0.1944	3.0133	0.0833	2.9937	0.1667	2.7284	0.2222	2.3003	0.2222		0.1667
2.6813	0.1389	2.6814	0.0556	2.8511	0.1944	2.7912	0.1111	2.4198	0.1667	3.0454	0.0833	2.3134	0.2222		0.1389
prob_accuracy:0.2063

