     7      0      0      0      0      0      9      0      0      2      0      0
     0     11      0      0      0      0      0      0      0      7      0      0
     0      0     14      0      0      0      4      0      0      0      0      0
     0      0      0     15      3      0      0      0      0      0      0      0
     0      0      0      0     17      0      0      0      0      0      0      1
     0      0      0      0      0      0     18      0      0      0      0      0
     0      0      0      0      0      0     18      0      0      0      0      0
     0      2      0      0      0      0      0     16      0      0      0      0
     0      0      0      0      0      0      0      1     16      1      0      0
     0      0      0      0      0      0      0      0      0     18      0      0
     0      0      0      6      3      0      0      0      0      0      9      0
     0      0      0      1     10      0      0      0      0      0      1      6
