output/result_backup/table_08Jan2019_original_aug_1_pad/K1_K5_08-01-2019_05.07.25

fc6_linear
Binh 		Giang		Hung 		Tan  		Thuan		Final accuracy
loss	acc 	loss	acc 	loss	acc 	loss	acc 	loss	acc 	
2.2125	0.5643	2.7905	0.2952	1.4979	0.6533	3.4038	0.3636	1.8774	0.5667		0.4886
1.5958	0.5429	2.4202	0.2667	1.1775	0.6867	2.9265	0.4364	1.5873	0.6333		0.5132
1.2886	0.5500	2.1325	0.2667	1.0661	0.7067	2.4149	0.4455	1.5003	0.5667		0.5071
1.2572	0.5357	2.0106	0.2857	0.8992	0.7533	2.2329	0.4727	1.3531	0.6083		0.5312
1.4664	0.5000	1.8676	0.2762	0.9408	0.7133	2.1920	0.4727	1.2050	0.5917		0.5108
1.3552	0.5214	1.8343	0.3143	0.9198	0.7200	2.2269	0.4636	1.2778	0.5667		0.5172
1.3509	0.5071	1.8688	0.3048	0.8971	0.7200	2.2243	0.4636	1.2496	0.5833		0.5158
fc6_linear_accuracy:0.5476

fc6_rbf
Binh 		Giang		Hung 		Tan  		Thuan		Final accuracy
loss	acc 	loss	acc 	loss	acc 	loss	acc 	loss	acc 	
2.0016	0.5786	2.0848	0.4667	1.4147	0.4800	3.1515	0.3727	1.4411	0.5667		0.4929
1.4152	0.6214	2.4015	0.4571	1.1923	0.6067	3.1422	0.4182	1.7784	0.5750		0.5357
1.4024	0.6071	2.3325	0.3714	1.1577	0.5733	2.6030	0.3909	1.6762	0.5500		0.4986
1.1876	0.5929	2.2361	0.3619	0.9188	0.7133	2.3647	0.4000	1.5257	0.5083		0.5153
1.4348	0.5429	2.0803	0.4286	0.9546	0.7333	2.3305	0.4273	1.2946	0.5250		0.5314
1.2870	0.5857	2.0954	0.4190	0.9031	0.7133	2.4508	0.3909	1.3760	0.5167		0.5251
1.2727	0.5857	2.1117	0.4095	0.8895	0.7133	2.3898	0.4000	1.3446	0.5333		0.5284
fc6_rbf_accuracy:0.5647

fc7_linear
Binh 		Giang		Hung 		Tan  		Thuan		Final accuracy
loss	acc 	loss	acc 	loss	acc 	loss	acc 	loss	acc 	
1.3506	0.6071	2.4120	0.2952	1.4375	0.5867	3.8848	0.3273	2.1370	0.4250		0.4483
1.4255	0.5214	2.1113	0.2000	1.2605	0.6867	3.2485	0.4273	1.7223	0.5833		0.4837
1.3485	0.5214	2.0451	0.1905	1.0613	0.6733	2.6285	0.4455	1.3402	0.5833		0.4828
1.3937	0.4786	1.8891	0.2286	0.9627	0.6933	2.3659	0.4455	1.2157	0.5833		0.4859
1.6333	0.3929	1.7984	0.2762	0.9301	0.7200	2.2922	0.4455	1.0164	0.6250		0.4919
1.4959	0.4571	1.7574	0.3048	0.9145	0.7200	2.3153	0.4364	1.0314	0.6417		0.5120
1.4802	0.4643	1.7674	0.3048	0.8879	0.7267	2.3203	0.4364	1.0345	0.6417		0.5147
fc7_linear_accuracy:0.5451

fc7_rbf
Binh 		Giang		Hung 		Tan  		Thuan		Final accuracy
loss	acc 	loss	acc 	loss	acc 	loss	acc 	loss	acc 	
1.4019	0.5857	2.2640	0.3048	1.6061	0.4267	3.3082	0.3909	1.7617	0.5167		0.4449
1.4234	0.5714	2.2331	0.3714	1.4711	0.4600	3.2710	0.4091	1.9518	0.5833		0.4791
1.3918	0.5786	2.2238	0.3810	1.2248	0.5333	2.7834	0.3818	1.5198	0.6000		0.4949
1.2906	0.5571	2.0745	0.3810	0.8219	0.7667	2.3358	0.4182	1.3841	0.6000		0.5446
1.5252	0.5143	1.9706	0.3905	0.7990	0.7933	2.3157	0.4273	1.2259	0.5833		0.5417
1.3694	0.5429	2.0208	0.4095	0.7976	0.7667	2.4019	0.4182	1.2117	0.5917		0.5458
1.3586	0.5357	2.0517	0.4000	0.7768	0.7533	2.3670	0.4091	1.2014	0.6083		0.5413
fc7_rbf_accuracy:0.5648

prob
Binh 		Giang		Hung 		Tan  		Thuan		Final accuracy
loss	acc 	loss	acc 	loss	acc 	loss	acc 	loss	acc 	
1.1943	0.5357	0.9448	0.6476	0.8786	0.6800	1.5621	0.3455	0.9432	0.6417		0.5701
0.9623	0.6786	0.9089	0.6286	0.6541	0.7133	2.4848	0.3455	0.8435	0.6667		0.6065
1.2431	0.5214	0.9902	0.5905	0.5474	0.8600	2.0783	0.3818	1.1631	0.6333		0.5974
1.1406	0.6786	0.9279	0.6286	0.5336	0.8267	1.8378	0.4273	0.7085	0.7083		0.6539
1.0564	0.5286	0.9570	0.5810	0.5493	0.8267	2.6618	0.3818	1.2035	0.6250		0.5886
1.0260	0.6357	0.9039	0.6286	0.5993	0.8067	2.4848	0.4182	1.2617	0.6417		0.6262
1.0511	0.6143	0.8913	0.6476	0.6153	0.8200	2.6347	0.3909	1.1685	0.6333		0.6212
prob_accuracy:0.6644

