    18      0      0      0      0      0      0      0      0      0      0      0
     0     10      0      0      0      0      0      4      0      4      0      0
     0      0     18      0      0      0      0      0      0      0      0      0
     0      0      0     17      1      0      0      0      0      0      0      0
     0      0      0      1     17      0      0      0      0      0      0      0
     0      0      0      0      0     18      0      0      0      0      0      0
     0      0      0      2      0      2     14      0      0      0      0      0
     0      0      0      0      0      0      0     18      0      0      0      0
     0      0      0      0      0      0      0      0     18      0      0      0
     0      0      0      0      0      0      0      4      1     13      0      0
     0      0      0     17      1      0      0      0      0      0      0      0
     0      0      0      0     18      0      0      0      0      0      0      0
