    18      0      0      0      0      0      0      0      0      0      0      0
     0     11      0      0      0      0      0      0      4      3      0      0
     0      0     16      0      0      1      0      0      1      0      0      0
     0      0      0      8      9      1      0      0      0      0      0      0
     0      0      0      0     18      0      0      0      0      0      0      0
     0      0      0      0      0     18      0      0      0      0      0      0
     0      0      0      0      0     12      6      0      0      0      0      0
     0      4      0      0      0      0      0      0     14      0      0      0
     0      1      0      0      0      0      0      0     17      0      0      0
     0      7      0      0      0      0      0      0      2      9      0      0
     0      0      0      6     12      0      0      0      0      0      0      0
     0      0      0      1     17      0      0      0      0      0      0      0
