    17      0      0      0      1      0      0      0      0      0      0      0
     0      5      0      0      0      0      0      0      0     13      0      0
     0      0     18      0      0      0      0      0      0      0      0      0
     0      0      0     14      4      0      0      0      0      0      0      0
     0      0      0      0     18      0      0      0      0      0      0      0
     0      0      0      0      0     16      2      0      0      0      0      0
     0      0      0      0      0      5     13      0      0      0      0      0
     0      0      0      0      0      0      0      5      0     13      0      0
     0      0      0      0      0      0      0      0     18      0      0      0
     0      1      0      0      0      0      0      0      1     16      0      0
     0      0      0     11      7      0      0      0      0      0      0      0
     0      0      0      0     18      0      0      0      0      0      0      0
