    18      0      0      0      0      0      0      0      0      0      0      0
     0      2      0      0      0      0      0      0      0     16      0      0
     0      0     18      0      0      0      0      0      0      0      0      0
     0      0      0      7      0      0      0      0      0      0      9      2
     0      0      0      0     15      0      0      0      0      0      0      3
     0      0      0      0      0      5     13      0      0      0      0      0
     0      0      0      0      0      0     18      0      0      0      0      0
     0      3      0      0      0      0      0      2      0     13      0      0
     0      0      0      0      0      0      0      0     15      3      0      0
     0      0      0      0      0      0      0      0      0     18      0      0
     0      0      0      0      0      0      0      0      0      0     15      3
     0      0      0      0     10      0      0      0      0      0      0      8
