    15      0      0      0      0      0      0      0      0      0      0      0
     0     14      0      0      0      0      0      1      0      0      0      0
     0      0     15      0      0      0      0      0      0      0      0      0
     0      0      0      8      1      0      0      0      0      0      6      0
     2      0      0      0     11      0      0      0      0      0      0      2
     0      0      0      0      0     14      1      0      0      0      0      0
     0      0      0      0      0      0     15      0      0      0      0      0
     0      1      0      0      0      0      0     11      1      2      0      0
     0      0      0      0      0      0      0      0     15      0      0      0
     0      0      0      0      0      0      0      1      0     14      0      0
     0      0      0      0      0      0      0      0      0      0     15      0
     0      0      0      0      2      0      0      0      0      0      0     13
