    18      0      0      0      0      0      0      0      0      0      0      0
     0     14      0      0      0      0      0      1      0      3      0      0
     0      0     12      0      0      0      0      6      0      0      0      0
     0      0      0     14      3      0      0      0      0      0      1      0
     0      0      0      0     17      0      0      0      0      0      1      0
     0      0      0      0      0     18      0      0      0      0      0      0
     0      0      0      0      0      4     14      0      0      0      0      0
     0     11      0      0      0      0      0      5      2      0      0      0
     0      1      0      0      0      0      0      1     16      0      0      0
     0      9      0      0      0      0      0      0      0      9      0      0
     0      0      0      5      4      0      0      0      0      0      9      0
     0      0      0      0     17      0      0      0      0      0      0      1
