    44      0      0      0      0      0      1      0      0      0      0      0
     1     37      0      0      0      0      0      0      0      7      0      0
     0      0     44      0      0      1      0      0      0      0      0      0
     1      0      0     44      0      0      0      0      0      0      0      0
     1      0      0      0     37      0      0      0      0      0      0      7
     4      0      0      1      0     26     14      0      0      0      0      0
     0      0      1      0      0      0     44      0      0      0      0      0
     0      1      0      0      0      0      0     44      0      0      0      0
     0      0      0      0      0      0      0      0     45      0      0      0
     0      1      0      0      0      0      0      0      0     44      0      0
     0      0      0     24      0      0      0      0      0      0     21      0
     0      0      0      0      1      0      0      0      1      0      0     43
