    45      0      0      0      0      0      0      0      0      0      0      0
     1     39      0      0      0      0      0      0      0      5      0      0
     0      0     43      2      0      0      0      0      0      0      0      0
     0      0      0     40      1      1      0      0      0      0      2      1
     2      0      1      0     37      0      0      0      0      0      0      5
     1      0      0      0      0     43      0      0      0      0      0      1
     0      0      0      0      0      0     45      0      0      0      0      0
     0      0      0      0      0      0      0     45      0      0      0      0
     0      0      0      0      0      0      0      0     45      0      0      0
     0      2      0      0      0      0      0      0      0     43      0      0
     0      0      0      4      0      0      0      0      0      0     41      0
     0      0      0      0      0      0      0      0      0      0      0     45
