    34      1      1      0      0      2      1      0      3      0      0      3
     1     42      2      0      0      0      0      0      0      0      0      0
     0      0     42      3      0      0      0      0      0      0      0      0
     3      0      0     34      1      1      0      0      0      0      5      1
     2      0      1      0      5      2      0      0      0      0      0     35
     2      0      4      1      0     22     15      0      0      0      0      1
     0      0      2      0      0      0     43      0      0      0      0      0
     0      5      0      0      0      0      0     40      0      0      0      0
     0      0      0      0      0      0      0      0     45      0      0      0
     0     45      0      0      0      0      0      0      0      0      0      0
     0      0      0     20      0      0      0      0      0      0     25      0
     0      0      0      0      0      0      0      0      1      0      0     44
