     0      0      0     14      1      0      0      0      0      0      0      0
     0      7      0      0      0      0      0      0      0      8      0      0
     0      0     12      0      0      0      3      0      0      0      0      0
     0      0      0     13      0      0      2      0      0      0      0      0
     0      1      0      4     10      0      0      0      0      0      0      0
     0      0      0      2      4      3      4      0      2      0      0      0
     0      0      0      7      0      0      8      0      0      0      0      0
     0      5      0      0      0      0      0      0      3      7      0      0
     0      0      0      0      0      0      0      0      6      9      0      0
     0      2      0      0      0      0      0      0      0     13      0      0
     0      0      0     14      0      0      1      0      0      0      0      0
     0      2      0      4      9      0      0      0      0      0      0      0
