    18      0      0      0      0      0      0      0      0      0      0      0
     0      1      0      0      0      0      0      0      7     10      0      0
     0      0     18      0      0      0      0      0      0      0      0      0
     0      0      0     18      0      0      0      0      0      0      0      0
     0      0      0      0     17      0      0      0      0      0      1      0
     0      0      0      0      0     17      1      0      0      0      0      0
     0      0      0      0      0      0     18      0      0      0      0      0
     0      0      0      0      0      0      0      7      9      2      0      0
     0      0      0      0      0      0      0      0     18      0      0      0
     0      0      0      0      0      0      0      0      2     16      0      0
     0      0      0     18      0      0      0      0      0      0      0      0
     0      0      0      2     13      0      0      0      0      0      0      3
