    15      0      0      0      0      0      0      0      0      0      0      0
     0     13      0      0      0      0      0      0      0      2      0      0
     0      0     15      0      0      0      0      0      0      0      0      0
     0      0      0     13      0      0      0      0      0      0      2      0
     0      0      0      1     11      0      0      0      0      0      0      3
     0      0      0      0      0     13      2      0      0      0      0      0
     0      0      0      0      0      0     15      0      0      0      0      0
     0      0      0      0      0      0      0     15      0      0      0      0
     0      0      0      0      0      0      0      1     13      1      0      0
     0      0      0      0      0      0      0      0      0     15      0      0
     0      0      0      0      0      0      0      0      0      0     15      0
     0      0      0      0      0      0      0      0      0      0      0     15
