/home/prdcv/PycharmProjects/c3d_luanvan/output/result/K1_K1_2019-01-28_10.15

fc6_linear
Binh 		Giang		Hung 		Tan  		Thuan		Final accuracy
loss	acc 	loss	acc 	loss	acc 	loss	acc 	loss	acc 	
0.9139	0.6429	1.1033	0.8095	0.2078	1.0000	0.4468	0.9048	0.5334	0.7500		0.8214
1.0952	0.6429	1.2508	0.7619	0.1658	1.0000	0.2958	0.9524	0.2132	1.0000		0.8714
0.6728	0.7143	1.1835	0.7619	0.1802	1.0000	0.3081	0.9524	0.2105	1.0000		0.8857
0.6817	0.7500	1.1935	0.7619	0.1677	1.0000	0.2939	0.9524	0.2055	1.0000		0.8929
0.6720	0.7500	1.1891	0.7619	0.1790	1.0000	0.2742	0.9524	0.1933	1.0000		0.8929
fc6_linear_accuracy:0.8929

fc6_rbf
Binh 		Giang		Hung 		Tan  		Thuan		Final accuracy
loss	acc 	loss	acc 	loss	acc 	loss	acc 	loss	acc 	
0.8123	0.7143	1.1624	0.7143	1.0067	0.7097	0.6119	0.8571	0.3274	0.8333		0.7657
1.9400	0.5357	1.2030	0.7619	0.1782	1.0000	0.3966	0.9048	0.9415	0.7500		0.7905
0.6582	0.7143	1.1523	0.7143	0.1935	1.0000	0.3817	0.9524	0.6966	0.7917		0.8345
0.6876	0.7143	1.1633	0.7143	0.1694	1.0000	0.3430	0.9524	0.2009	1.0000		0.8762
0.6583	0.7143	1.0783	0.7619	0.1684	1.0000	0.2979	0.9524	0.3030	0.9583		0.8774
fc6_rbf_accuracy:0.8774

fc7_linear
Binh 		Giang		Hung 		Tan  		Thuan		Final accuracy
loss	acc 	loss	acc 	loss	acc 	loss	acc 	loss	acc 	
0.8201	0.6429	1.0787	0.8095	0.1781	1.0000	0.3866	0.9048	0.4258	0.9583		0.8631
0.8480	0.6071	0.9676	0.8095	0.1527	1.0000	0.2464	1.0000	0.2958	1.0000		0.8833
0.7740	0.6429	0.9169	0.8095	0.1492	1.0000	0.2249	1.0000	0.2810	1.0000		0.8905
0.7769	0.6071	0.9352	0.8095	0.1424	1.0000	0.2197	1.0000	0.2563	1.0000		0.8833
0.7626	0.6429	0.9190	0.8095	0.1440	1.0000	0.2157	1.0000	0.2390	1.0000		0.8905
fc7_linear_accuracy:0.8905

fc7_rbf
Binh 		Giang		Hung 		Tan  		Thuan		Final accuracy
loss	acc 	loss	acc 	loss	acc 	loss	acc 	loss	acc 	
0.7669	0.6071	1.2083	0.7143	0.1413	1.0000	0.4227	0.8571	0.4059	0.8750		0.8107
0.7090	0.6786	0.9915	0.8095	0.1495	1.0000	0.2333	0.9524	0.3100	0.9583		0.8798
0.6725	0.6786	0.9202	0.8095	0.1489	1.0000	0.1719	1.0000	0.2790	1.0000		0.8976
0.6428	0.6786	0.9300	0.7619	0.1460	1.0000	0.1733	1.0000	0.2549	1.0000		0.8881
0.6458	0.6786	0.9401	0.8095	0.1395	1.0000	0.1688	1.0000	0.2643	1.0000		0.8976
fc7_rbf_accuracy:0.8976

prob
Binh 		Giang		Hung 		Tan  		Thuan		Final accuracy
loss	acc 	loss	acc 	loss	acc 	loss	acc 	loss	acc 	
0.7079	0.6071	0.9834	0.8095	0.3301	0.9677	0.4727	0.9524	0.7702	0.6667		0.8007
0.7710	0.7143	1.1152	0.8095	0.0606	1.0000	0.1302	1.0000	0.1739	1.0000		0.9048
0.6751	0.7500	1.4417	0.8095	0.0456	1.0000	0.1329	1.0000	0.1233	1.0000		0.9119
0.6839	0.6786	1.3283	0.7619	0.0336	1.0000	0.1072	1.0000	0.1017	1.0000		0.8881
0.7605	0.7143	1.4684	0.8095	0.0260	1.0000	0.0921	1.0000	0.0664	1.0000		0.9048
prob_accuracy:0.9119

