    18      0      0      0      0      0      0      0      0      0      0      0
     0      7      0      2      0      0      0      0      7      2      0      0
     0      0     15      0      0      0      1      0      2      0      0      0
     0      0      0      6     10      2      0      0      0      0      0      0
     0      0      0      0     18      0      0      0      0      0      0      0
     0      0      0      0      0     18      0      0      0      0      0      0
     0      0      0      0      0      0     18      0      0      0      0      0
     0      0      0      0      0      0      0      3     15      0      0      0
     0      2      0      0      0      0      0      0     16      0      0      0
     0      4      0      0      0      0      0      0      6      8      0      0
     0      0      0      6     12      0      0      0      0      0      0      0
     0      0      0      0     18      0      0      0      0      0      0      0
