    45      0      0      0      0      0      0      0      0      0      0      0
     0     39      4      0      0      0      0      0      0      2      0      0
     0      2     43      0      0      0      0      0      0      0      0      0
     1      1      1     39      0      0      0      0      0      0      3      0
     0      0      0      0     36      0      0      0      0      0      0      9
     0      1      0      0      0     40      4      0      0      0      0      0
     0      0      0      0      0      0     45      0      0      0      0      0
     0      1      0      0      0      0      0     42      2      0      0      0
     0      0      0      0      0      0      0      0     45      0      0      0
     0      2      0      0      0      0      0      0      0     43      0      0
     1      0      0      2      0      0      0      0      0      0     42      0
     0      0      0      0      0      0      0      0      0      0      0     45
