    42      0      0      1      0      2      0      0      0      0      0      0
     0     35      4      0      0      0      0      0      0      6      0      0
     0      2     42      0      0      0      0      1      0      0      0      0
     1      3      1     40      0      0      0      0      0      0      0      0
     0      0      0      0      3      0      0      0      0      0      0     42
     0      1      0      0      0     38      6      0      0      0      0      0
     0      0      0      0      0      5     40      0      0      0      0      0
     0     10      0      0      0      0      0     30      4      1      0      0
     0      0      0      0      0      0      0      0     44      1      0      0
     0     11      0      0      0      0      0      0      0     34      0      0
     0      0      0     43      0      0      0      0      0      0      2      0
     0      0      0      0      0      0      0      0      0      0      0     45
