    90      0      0      0      0      0      0      0      0      0      0      0
     0     75      0      0      0      0      0      0      6      9      0      0
     0      0     90      0      0      0      0      0      0      0      0      0
     0      0      0     80      0      0      0      0      0      0     10      0
     0      0      0      0     76      0      0      0      0      0      1     13
     0      0      0      0      0     89      1      0      0      0      0      0
     0      0      0      0      0      0     90      0      0      0      0      0
     0      2      0      0      0      0      0     87      0      1      0      0
     0      3      0      0      0      0      0      1     81      5      0      0
     0      4      0      0      0      0      0      1      4     81      0      0
     0      0      0     12      0      0      0      0      0      0     78      0
     0      0      0      0     13      0      0      0      0      0      0     77
