    90      0      0      0      0      0      0      0      0      0      0      0
     0     73      0      0      0      0      0      1      6     10      0      0
     0      0     90      0      0      0      0      0      0      0      0      0
     0      0      0     73      0      0      0      0      0      0     17      0
     0      0      0      0     67      0      0      0      0      0      1     22
     0      0      0      0      0     89      1      0      0      0      0      0
     0      0      0      0      0      0     90      0      0      0      0      0
     0      2      0      0      0      0      0     86      0      2      0      0
     0      7      0      0      0      0      0      1     76      6      0      0
     0      5      0      0      0      0      0      2      5     78      0      0
     0      0      0     11      0      0      0      0      0      0     77      2
     0      0      0      0     19      0      0      0      0      0      0     71
