     0      9      3      0      6      0      0      0      0      0      0      0
     0     18      0      0      0      0      0      0      0      0      0      0
     0      0     15      0      3      0      0      0      0      0      0      0
     0      2     10      1      3      1      0      0      1      0      0      0
     0      0      9      0      9      0      0      0      0      0      0      0
     0      0      4      0      5      8      0      0      1      0      0      0
     0      0      8      0      8      1      0      0      1      0      0      0
     0     18      0      0      0      0      0      0      0      0      0      0
     0     14      0      0      0      0      0      0      4      0      0      0
     0     18      0      0      0      0      0      0      0      0      0      0
     0      4      6      3      3      2      0      0      0      0      0      0
     0      0     11      0      7      0      0      0      0      0      0      0
