output/result/table_2019_02_16_12gestures_6_subjects/K5_K4_2019-02-17_16.45

fc6_linear
Giang		Hai  		Long 		Minh 		Thuy 		Tuyen		Final accuracy
loss	acc 	loss	acc 	loss	acc 	loss	acc 	loss	acc 	loss	acc 	
2.7678	0.2778	2.2981	0.3056	2.3955	0.4167	2.6735	0.1944	2.3967	0.3889	3.0234	0.3611		0.3241
3.0714	0.1944	2.2999	0.4167	2.1313	0.4722	3.5290	0.1111	3.2299	0.2778	2.9752	0.2500		0.2870
2.9799	0.2500	2.4541	0.4444	2.2179	0.4167	2.6190	0.2500	2.7878	0.2778	3.1927	0.2778		0.3194
3.1800	0.2222	2.2277	0.3889	2.1641	0.4444	2.2246	0.3056	2.3960	0.3333	3.0739	0.2778		0.3287
3.1301	0.1667	2.1768	0.4722	2.1122	0.5000	2.2830	0.3333	2.5268	0.3333	3.1998	0.2778		0.3472
3.1564	0.1667	2.2205	0.5000	2.0963	0.5000	2.2922	0.3056	2.5257	0.3333	3.1466	0.2778		0.3472
3.1577	0.1389	2.3159	0.3611	2.0864	0.5000	2.2811	0.3056	2.5357	0.3333	3.0099	0.3056		0.3241
fc6_linear_accuracy:0.3935

fc6_rbf
Giang		Hai  		Long 		Minh 		Thuy 		Tuyen		Final accuracy
loss	acc 	loss	acc 	loss	acc 	loss	acc 	loss	acc 	loss	acc 	
2.2906	0.2778	1.9096	0.3056	2.2505	0.4167	2.5029	0.2500	1.9219	0.3333	2.2014	0.3056		0.3148
2.5541	0.2778	1.7696	0.5000	2.1315	0.4722	2.9270	0.1944	2.2727	0.4167	2.3790	0.2778		0.3565
2.5408	0.3056	1.9101	0.4722	2.1154	0.4722	2.3772	0.3333	2.3307	0.4167	2.4146	0.3611		0.3935
2.7104	0.2222	1.8423	0.5000	2.1058	0.4722	2.2508	0.3333	2.0255	0.4167	2.3490	0.3611		0.3843
2.7565	0.2778	1.9241	0.5000	2.0019	0.4722	2.4149	0.3056	2.4025	0.3611	2.8492	0.2500		0.3611
2.8128	0.2222	1.9255	0.5556	2.0678	0.4722	2.3901	0.3056	2.2767	0.3333	2.5774	0.3611		0.3750
2.8106	0.2500	1.9932	0.4722	2.0407	0.4722	2.3371	0.2778	2.1777	0.3889	2.4939	0.3611		0.3704
fc6_rbf_accuracy:0.4074

fc7_linear
Giang		Hai  		Long 		Minh 		Thuy 		Tuyen		Final accuracy
loss	acc 	loss	acc 	loss	acc 	loss	acc 	loss	acc 	loss	acc 	
2.8153	0.2222	2.0537	0.4722	2.3263	0.3333	2.6526	0.2222	2.2582	0.4444	3.1871	0.3611		0.3426
2.9913	0.2222	2.1658	0.3889	2.2911	0.3889	2.4867	0.2778	2.9876	0.3056	3.1519	0.3056		0.3148
2.8075	0.2222	2.0973	0.4722	2.1824	0.4722	2.2792	0.2778	2.6649	0.3333	2.7968	0.3056		0.3472
2.9399	0.1944	2.2301	0.3611	2.0888	0.4722	2.2382	0.3056	2.4188	0.3333	2.6970	0.3056		0.3287
3.0034	0.1667	2.1215	0.4167	2.0195	0.5000	2.2498	0.2500	2.5949	0.3056	2.8776	0.3056		0.3241
3.0016	0.1389	2.0854	0.4167	2.0450	0.5000	2.2318	0.2778	2.6096	0.3056	2.8447	0.3056		0.3241
2.9527	0.1667	2.0475	0.4444	2.0158	0.5000	2.2520	0.2778	2.5345	0.3056	2.7907	0.3056		0.3333
fc7_linear_accuracy:0.3843

fc7_rbf
Giang		Hai  		Long 		Minh 		Thuy 		Tuyen		Final accuracy
loss	acc 	loss	acc 	loss	acc 	loss	acc 	loss	acc 	loss	acc 	
2.3593	0.3056	1.8245	0.4167	2.1000	0.4167	2.4346	0.2500	2.0259	0.3889	2.5417	0.3333		0.3519
2.5133	0.3056	1.8494	0.3889	2.1783	0.5000	2.4388	0.3333	2.2598	0.3333	2.2547	0.4722		0.3889
2.5858	0.2778	1.9116	0.3611	2.1710	0.4167	2.4355	0.3333	2.3347	0.3889	2.3924	0.3889		0.3611
2.8526	0.2222	1.8098	0.5833	2.0800	0.4444	2.3672	0.3056	2.0778	0.3611	2.1310	0.3889		0.3843
2.8646	0.1944	1.9319	0.4444	2.0247	0.4722	2.3561	0.2778	2.3673	0.3056	2.3773	0.3611		0.3426
2.9263	0.1944	1.8976	0.5000	2.0741	0.4722	2.3720	0.3056	2.2922	0.3056	2.3646	0.3611		0.3565
2.8578	0.2222	2.0273	0.4444	2.0017	0.4722	2.3607	0.3056	2.2950	0.3333	2.3551	0.3333		0.3519
fc7_rbf_accuracy:0.4306

prob
Giang		Hai  		Long 		Minh 		Thuy 		Tuyen		Final accuracy
loss	acc 	loss	acc 	loss	acc 	loss	acc 	loss	acc 	loss	acc 	
2.6837	0.1667	1.7424	0.4167	1.8679	0.4722	2.3763	0.3056	2.0022	0.2500	2.3063	0.3056		0.3194
3.6132	0.1667	1.6185	0.4444	2.1858	0.4722	2.9053	0.1667	3.0132	0.2778	3.2199	0.2778		0.3009
5.2918	0.1111	2.1005	0.4167	2.3187	0.3333	3.0562	0.1944	3.5153	0.2500	3.2153	0.3056		0.2685
5.5670	0.1389	1.8390	0.3889	2.8875	0.3889	2.9947	0.1944	2.7658	0.3611	2.9629	0.3333		0.3009
6.3420	0.1111	2.1009	0.3611	2.8843	0.4167	3.2800	0.1667	3.9067	0.2500	3.7587	0.3056		0.2685
6.4489	0.1111	2.1961	0.4167	3.0023	0.4167	3.3132	0.1944	3.4496	0.2778	3.4154	0.3333		0.2917
6.4397	0.1111	2.3264	0.4167	3.0416	0.4167	3.3807	0.1667	3.4895	0.2778	3.6020	0.3611		0.2917
prob_accuracy:0.3519

