    45      0      0      0      0      0      0      0      0      0      0      0
     0     34      0      0      0      0      0      0      0     11      0      0
     0      0     45      0      0      0      0      0      0      0      0      0
     0      0      0     44      0      0      1      0      0      0      0      0
     0      0      0      0     22      0      1      0      0      0      0     22
     0      0      0      0      0     44      1      0      0      0      0      0
     0      0      0      0      0      0     45      0      0      0      0      0
     0      0      0      0      0      0      0     32      6      7      0      0
     0      0      0      0      0      0      0      0     39      6      0      0
     0      2      0      0      0      0      0      0      0     43      0      0
     0      0      0     30      0      0      1      0      0      0     10      4
     0      1      0      0      0      0      0      0      0      0      0     44
