    18      0      0      0      0      0      0      0      0      0      0      0
     0      0      0      2      0      0      0      1     11      4      0      0
     0      0     18      0      0      0      0      0      0      0      0      0
     0      0      0     18      0      0      0      0      0      0      0      0
     0      0      0      1     17      0      0      0      0      0      0      0
     0      0      0      0      0     17      1      0      0      0      0      0
     0      0      0      0      0      0     18      0      0      0      0      0
     0      0      0      0      0      0      0      6     12      0      0      0
     0      0      0      0      0      0      0      0     18      0      0      0
     0      0      0      0      0      0      0      1      9      8      0      0
     0      0      0     18      0      0      0      0      0      0      0      0
     0      0      0      0     13      0      0      0      0      0      0      5
