    18      0      0      0      0      0      0      0      0      0      0      0
     0      4      0      0      0      0      0      0      1     13      0      0
     0      0     18      0      0      0      0      0      0      0      0      0
     0      0      0     18      0      0      0      0      0      0      0      0
     0      0      0      4     14      0      0      0      0      0      0      0
     0      0      0      0      0     18      0      0      0      0      0      0
     0      0      0      0      0      0     18      0      0      0      0      0
     0      0      0      0      0      0      0     14      0      4      0      0
     0      0      0      0      0      0      0      0     10      8      0      0
     0      0      0      0      0      0      0      0      0     18      0      0
     0      0      0     18      0      0      0      0      0      0      0      0
     0      0      0      2     10      0      0      0      0      0      0      6
