output/result/K1_K3_2019-02-16_02.37

fc6_linear
Giang		Hai  		Long 		Minh 		Thuan		Thuy 		Tuyen		Final accuracy
loss	acc 	loss	acc 	loss	acc 	loss	acc 	loss	acc 	loss	acc 	loss	acc 	
4.8465	0.1111	6.3343	0.1111	5.6903	0.0833	4.8579	0.0833	5.8823	0.0833	5.4998	0.1389	5.0641	0.0833		0.0992
5.1175	0.2222	4.8363	0.0833	5.4231	0.1111	5.7886	0.1667	5.4845	0.1667	5.6278	0.1944	4.4700	0.0833		0.1468
4.0306	0.2222	4.9374	0.0000	4.6724	0.0833	4.2195	0.0833	4.3492	0.1111	4.3471	0.1667	4.7687	0.1667		0.1190
3.7263	0.2500	4.0103	0.0000	4.4090	0.1111	4.0634	0.1667	4.1002	0.1667	4.1999	0.1389	4.3015	0.1389		0.1389
4.2027	0.1944	4.0005	0.0278	5.6115	0.1667	3.1785	0.0833	3.8410	0.1389	4.2485	0.0833	4.2289	0.1111		0.1151
3.7218	0.2222	4.1801	0.0278	4.4285	0.0833	3.5938	0.0833	3.9356	0.1389	3.9384	0.0833	4.4943	0.1111		0.1071
fc6_linear_accuracy:0.1746

fc6_rbf
Giang		Hai  		Long 		Minh 		Thuan		Thuy 		Tuyen		Final accuracy
loss	acc 	loss	acc 	loss	acc 	loss	acc 	loss	acc 	loss	acc 	loss	acc 	
3.6944	0.1111	4.6134	0.0833	4.3085	0.1667	4.1733	0.1667	3.9524	0.0833	4.0484	0.1667	3.7047	0.0833		0.1230
3.7193	0.1111	3.6907	0.0833	4.0128	0.1667	4.3545	0.1667	3.6153	0.1389	3.9559	0.0833	3.6959	0.0833		0.1190
2.9424	0.1667	3.7167	0.0556	3.4601	0.2222	3.7365	0.1667	3.1292	0.1389	3.3700	0.1944	3.2409	0.0833		0.1468
2.8632	0.2778	3.4314	0.1389	3.5020	0.1389	3.1454	0.2500	3.0436	0.1389	2.8962	0.1944	3.2955	0.1389		0.1825
3.2433	0.2222	3.3467	0.1111	3.7692	0.1667	3.0020	0.1944	2.8296	0.2222	2.9822	0.1389	3.3238	0.1667		0.1746
2.9392	0.1944	3.3302	0.1944	3.5597	0.2222	3.0759	0.1667	2.7291	0.1667	3.1274	0.0833	3.1832	0.2222		0.1786
fc6_rbf_accuracy:0.2262

fc7_linear
Giang		Hai  		Long 		Minh 		Thuan		Thuy 		Tuyen		Final accuracy
loss	acc 	loss	acc 	loss	acc 	loss	acc 	loss	acc 	loss	acc 	loss	acc 	
4.3720	0.0833	5.2803	0.0833	5.0141	0.0833	4.8699	0.0833	4.8687	0.0833	4.7495	0.2222	5.3834	0.1667		0.1151
4.4495	0.2222	4.7702	0.0833	5.1868	0.0833	4.5552	0.1389	4.0810	0.1389	4.0768	0.1944	4.2148	0.0833		0.1349
3.4921	0.2500	4.3009	0.0278	4.3433	0.0833	3.8037	0.2500	3.9077	0.1389	3.8623	0.1389	4.1656	0.0833		0.1389
3.4902	0.3056	3.8474	0.0000	4.2259	0.1667	3.2970	0.2778	3.5643	0.1667	3.7353	0.0833	3.9619	0.0833		0.1548
3.4957	0.1944	3.5411	0.0000	5.3186	0.1389	3.2174	0.1944	3.3446	0.1667	3.8532	0.1111	4.0490	0.0833		0.1270
3.3491	0.1944	3.4576	0.0000	4.3868	0.1667	3.4026	0.3611	3.5184	0.1944	3.7618	0.0833	3.8524	0.0833		0.1548
fc7_linear_accuracy:0.2143

fc7_rbf
Giang		Hai  		Long 		Minh 		Thuan		Thuy 		Tuyen		Final accuracy
loss	acc 	loss	acc 	loss	acc 	loss	acc 	loss	acc 	loss	acc 	loss	acc 	
3.2854	0.0833	4.2855	0.0833	4.0107	0.1667	4.1912	0.1667	4.0168	0.0833	4.0742	0.1389	3.7049	0.0833		0.1151
3.4745	0.0833	3.7729	0.0833	3.8830	0.1389	3.6224	0.1667	3.5549	0.0833	3.3158	0.1667	3.4017	0.1111		0.1190
2.8551	0.1944	3.3522	0.1389	3.6954	0.1111	3.8601	0.2500	3.1912	0.1111	2.9959	0.1111	3.4258	0.0833		0.1429
2.8491	0.3333	3.2134	0.0833	3.2484	0.1389	3.5341	0.2500	2.7144	0.1389	2.8815	0.1389	3.3223	0.1111		0.1706
2.8611	0.2500	3.0214	0.1667	3.7117	0.1111	2.9787	0.2500	2.7979	0.1389	2.8610	0.1389	3.1611	0.1111		0.1667
2.9436	0.1944	3.1750	0.1389	3.5801	0.1389	2.9871	0.2500	2.8844	0.1667	2.7995	0.0833	3.0328	0.1667		0.1627
fc7_rbf_accuracy:0.2024

prob
Giang		Hai  		Long 		Minh 		Thuan		Thuy 		Tuyen		Final accuracy
loss	acc 	loss	acc 	loss	acc 	loss	acc 	loss	acc 	loss	acc 	loss	acc 	
2.2876	0.1944	2.4081	0.0833	2.2720	0.1389	2.4320	0.0556	2.5673	0.0000	2.2003	0.0833	2.2848	0.1389		0.0992
2.0337	0.2500	2.6070	0.1667	2.2116	0.2500	2.1863	0.1944	2.6076	0.1111	1.9662	0.2778	2.4038	0.0833		0.1905
2.2343	0.2500	2.4406	0.2222	2.7047	0.1389	2.1248	0.3333	2.3868	0.1667	1.9386	0.1944	2.1655	0.1667		0.2103
1.8763	0.3333	2.4388	0.1667	2.4500	0.2222	2.1472	0.3333	2.3429	0.1944	2.3029	0.1667	2.1064	0.3056		0.2460
1.8015	0.3333	2.4559	0.2222	2.4999	0.1667	2.3002	0.3611	2.4791	0.2222	2.2901	0.2222	2.3284	0.1944		0.2460
1.9169	0.4167	2.5277	0.1389	2.7962	0.1389	2.0737	0.3333	2.3673	0.1667	2.7096	0.2222	2.2893	0.1667		0.2262
prob_accuracy:0.2937

