    18      0      0      0      0      0      0      0      0      0      0      0
     0      7      0      0      0      0      0      0      0     11      0      0
     0      0     17      0      0      0      0      0      1      0      0      0
     0      0      0      7     10      1      0      0      0      0      0      0
     1      0      0      0     13      0      0      0      0      0      0      4
     0      0      0      0      0     18      0      0      0      0      0      0
     0      0      0      0      0      3     15      0      0      0      0      0
     0      0      0      0      0      0      0      4      6      8      0      0
     0      0      0      0      0      0      0      0      8     10      0      0
     0      0      0      0      0      0      0      0      0     18      0      0
     0      0      0     11      6      0      0      0      0      0      0      1
     0      0      0      1      9      0      0      0      0      0      0      8
