     0      0      3      4      3      1      0      0      7      0      0      0
     0      0      1      0      0      0      0      0      0     17      0      0
     0      0     18      0      0      0      0      0      0      0      0      0
     0      0      0     18      0      0      0      0      0      0      0      0
     0      0      6     10      2      0      0      0      0      0      0      0
     0      0      4      8      0      6      0      0      0      0      0      0
     0      0     14      4      0      0      0      0      0      0      0      0
     0      0      0      2      0      0      0     14      0      2      0      0
     0      0      0      0      0      0      0      0     17      1      0      0
     0      0      0      0      0      0      0      0      0     18      0      0
     0      0      3     15      0      0      0      0      0      0      0      0
     0      0      5     12      1      0      0      0      0      0      0      0
