    45      0      0      0      0      0      0      0      0      0      0      0
     0     41      2      0      0      0      0      0      0      2      0      0
     0      1     44      0      0      0      0      0      0      0      0      0
     0      0      0     45      0      0      0      0      0      0      0      0
     0      0      0      0     45      0      0      0      0      0      0      0
     0      0      0      0      0     44      1      0      0      0      0      0
     0      0      0      0      0      0     45      0      0      0      0      0
     0      0      0      0      0      0      0     45      0      0      0      0
     0      0      1      0      0      0      0      0     44      0      0      0
     0      0      0      0      0      0      0      0      0     45      0      0
     0      0      0     33      0      0      0      0      0      0     12      0
     0      0      0      0     14      0      0      0      0      0      0     31
