    45      0      0      0      0      0      0      0      0      0      0      0
     0     40      0      0      0      0      0      3      0      2      0      0
     0      0     45      0      0      0      0      0      0      0      0      0
     0      0      0     45      0      0      0      0      0      0      0      0
     0      0      0      0     44      0      0      0      0      0      0      1
     0      0      0      0      0     44      1      0      0      0      0      0
     0      0      0      0      0      1     44      0      0      0      0      0
     0      0      0      0      0      0      0     44      0      1      0      0
     0      0      0      0      0      0      0      0     44      1      0      0
     0      6      0      0      0      0      0      2      0     37      0      0
     0      0      0      1      0      0      0      0      0      0     44      0
     0      0      0      0      0      0      0      0      0      0      0     45
