    45      0      0      0      0      0      0      0      0      0      0      0
     0      1      0      0      0      0      0      0      0     44      0      0
     0      0     44      0      0      0      0      1      0      0      0      0
     0      0      0     41      1      0      0      0      0      0      1      2
     4      0      0      4     29      0      0      0      0      0      0      8
     0      0      0      1      0     42      2      0      0      0      0      0
     0      0      0     12      0      1     32      0      0      0      0      0
     0      0      0      0      0      0      0     30      0     15      0      0
     0      0      0      0      0      0      0      1     29     15      0      0
     0      0      0      0      0      0      0      0      0     45      0      0
     1      0      0     16      1      0      0      0      0      0     25      2
     0      0      0      0      5      0      0      0      0      0      0     40
