    18      0      0      0      0      0      0      0      0      0      0      0
     0      5      0      1      0      0      0      0      3      9      0      0
     0      0     18      0      0      0      0      0      0      0      0      0
     0      0      0     15      0      0      0      0      0      0      3      0
     0      0      0      1     15      0      0      0      0      0      2      0
     0      0      0      0      0     17      1      0      0      0      0      0
     0      0      0      0      0      0     18      0      0      0      0      0
     0      0      0      0      0      0      0      9      1      8      0      0
     0      0      0      0      0      0      0      0     16      2      0      0
     0      0      0      0      0      0      0      0      1     17      0      0
     0      0      0      6      0      0      0      0      0      0     12      0
     0      0      0      3     15      0      0      0      0      0      0      0
