output/result_backup/table_15Jan2019_clean_1_aug_1_pad/K3_K5_15-01-2019_17.01.06

fc6_linear
Binh 		Giang		Hung 		Tan  		Thuan		Final accuracy
loss	acc 	loss	acc 	loss	acc 	loss	acc 	loss	acc 	
0.3955	0.9185	0.8518	0.6476	0.1579	0.9667	0.2986	0.9000	0.1062	0.9750		0.8816
0.3202	0.9259	0.6437	0.7143	0.1232	0.9933	0.2962	0.9000	0.0856	0.9917		0.9050
0.2677	0.9407	0.5883	0.7333	0.1052	1.0000	0.3267	0.9000	0.0912	0.9750		0.9098
0.2729	0.9481	0.5453	0.7619	0.1149	1.0000	0.3464	0.9000	0.0934	0.9750		0.9170
0.2667	0.9481	0.5405	0.7905	0.1205	1.0000	0.3473	0.8900	0.0851	0.9750		0.9207
0.2600	0.9407	0.5301	0.7810	0.1250	1.0000	0.3528	0.9000	0.0916	0.9750		0.9193
0.2614	0.9481	0.5328	0.7905	0.1238	1.0000	0.3492	0.9000	0.0879	0.9750		0.9227
fc6_linear_accuracy:0.9261

fc6_rbf
Binh 		Giang		Hung 		Tan  		Thuan		Final accuracy
loss	acc 	loss	acc 	loss	acc 	loss	acc 	loss	acc 	
0.3929	0.9185	0.6470	0.7429	0.1291	0.9667	0.3988	0.9000	0.1612	0.9333		0.8923
0.3284	0.9333	0.5047	0.7714	0.1135	0.9933	0.3776	0.9000	0.1071	0.9833		0.9163
0.2866	0.9407	0.4508	0.8476	0.1000	0.9933	0.3894	0.9000	0.1226	0.9750		0.9313
0.2840	0.9333	0.4430	0.8571	0.1026	1.0000	0.3951	0.9000	0.1212	0.9750		0.9331
0.2777	0.9407	0.4701	0.8381	0.1004	1.0000	0.3867	0.9000	0.1221	0.9750		0.9308
0.2765	0.9407	0.4455	0.8667	0.1049	1.0000	0.3940	0.9000	0.1221	0.9750		0.9365
0.2831	0.9407	0.4425	0.8667	0.0989	1.0000	0.3970	0.9000	0.1255	0.9750		0.9365
fc6_rbf_accuracy:0.9381

fc7_linear
Binh 		Giang		Hung 		Tan  		Thuan		Final accuracy
loss	acc 	loss	acc 	loss	acc 	loss	acc 	loss	acc 	
0.4397	0.9037	0.7809	0.6857	0.1745	0.9467	0.3660	0.9100	0.1372	0.9583		0.8809
0.3731	0.9185	0.5507	0.7619	0.1469	0.9600	0.3468	0.9100	0.0923	0.9833		0.9068
0.3245	0.9259	0.4913	0.8190	0.1175	0.9933	0.3694	0.9100	0.0968	0.9750		0.9247
0.3350	0.9185	0.4758	0.8286	0.1347	0.9733	0.3748	0.9100	0.0952	0.9750		0.9211
0.3405	0.9185	0.4905	0.8286	0.1420	0.9667	0.3848	0.9000	0.0919	0.9750		0.9178
0.3340	0.9185	0.4761	0.8286	0.1391	0.9733	0.3792	0.9100	0.0930	0.9750		0.9211
0.3341	0.9185	0.4722	0.8286	0.1383	0.9733	0.3841	0.9100	0.0937	0.9750		0.9211
fc7_linear_accuracy:0.9282

fc7_rbf
Binh 		Giang		Hung 		Tan  		Thuan		Final accuracy
loss	acc 	loss	acc 	loss	acc 	loss	acc 	loss	acc 	
0.4078	0.9185	0.6104	0.7619	0.1320	0.9733	0.5133	0.8600	0.2091	0.9250		0.8878
0.3720	0.9259	0.4276	0.8381	0.1140	1.0000	0.4512	0.8700	0.1112	0.9833		0.9235
0.3487	0.9185	0.3781	0.9048	0.0973	1.0000	0.4367	0.8900	0.1239	0.9750		0.9377
0.3399	0.9185	0.3914	0.8762	0.1097	1.0000	0.4323	0.8900	0.1185	0.9750		0.9319
0.3444	0.9185	0.4067	0.8667	0.1104	1.0000	0.4437	0.8900	0.1213	0.9750		0.9300
0.3528	0.9185	0.3946	0.8857	0.1059	1.0000	0.4510	0.8900	0.1247	0.9750		0.9338
0.3436	0.9185	0.3913	0.8857	0.1113	1.0000	0.4375	0.8900	0.1228	0.9750		0.9338
fc7_rbf_accuracy:0.9408

prob
Binh 		Giang		Hung 		Tan  		Thuan		Final accuracy
loss	acc 	loss	acc 	loss	acc 	loss	acc 	loss	acc 	
0.3207	0.9259	0.5454	0.7619	0.4016	0.8400	0.3659	0.8700	0.1707	0.9750		0.8746
0.5256	0.8074	0.3753	0.8381	0.1158	0.9400	0.4164	0.8700	0.1071	0.9833		0.8878
0.6499	0.7556	0.3292	0.8857	0.0313	0.9867	0.3636	0.9200	0.0989	0.9750		0.9046
0.4237	0.8815	0.3664	0.8762	0.0449	0.9867	0.4942	0.9100	0.0344	0.9833		0.9275
0.7218	0.7926	0.5376	0.8095	0.0713	0.9733	0.4588	0.9300	0.0670	0.9833		0.8978
0.5010	0.8222	0.3246	0.8857	0.0358	0.9933	0.5778	0.9000	0.0854	0.9833		0.9169
0.4454	0.8667	0.3589	0.8762	0.0448	0.9933	0.5114	0.9100	0.0880	0.9833		0.9259
prob_accuracy:0.9437

