output/result_backup/table_15Jan2019_clean_1_aug_1_pad/K3_K3_15-01-2019_07.52.00

fc6_linear
Binh 		Giang		Hung 		Tan  		Thuan		Final accuracy
loss	acc 	loss	acc 	loss	acc 	loss	acc 	loss	acc 	
0.2245	0.9111	0.1187	0.9714	0.0876	0.9871	0.3647	0.8500	0.0775	0.9750		0.9389
0.1658	0.9333	0.0733	1.0000	0.0923	0.9806	0.2587	0.9100	0.0510	0.9833		0.9615
0.1487	0.9481	0.0711	1.0000	0.0793	0.9935	0.2176	0.9300	0.0493	0.9833		0.9710
0.1429	0.9481	0.0735	1.0000	0.0808	0.9935	0.2137	0.9300	0.0440	0.9833		0.9710
0.1280	0.9481	0.0703	1.0000	0.0767	0.9935	0.2165	0.9300	0.0449	0.9833		0.9710
0.1365	0.9481	0.0714	1.0000	0.0778	0.9935	0.2118	0.9300	0.0442	0.9917		0.9727
0.1373	0.9481	0.0716	1.0000	0.0819	0.9935	0.2089	0.9300	0.0445	0.9917		0.9727
fc6_linear_accuracy:0.9727

fc6_rbf
Binh 		Giang		Hung 		Tan  		Thuan		Final accuracy
loss	acc 	loss	acc 	loss	acc 	loss	acc 	loss	acc 	
0.3080	0.8741	0.0793	1.0000	0.0610	1.0000	0.4069	0.8400	0.0853	0.9750		0.9378
0.2500	0.9185	0.0592	1.0000	0.0794	0.9935	0.3122	0.9100	0.0640	0.9833		0.9611
0.2165	0.9333	0.0589	1.0000	0.0682	1.0000	0.2652	0.9100	0.0590	0.9833		0.9653
0.2054	0.9185	0.0578	1.0000	0.0769	0.9935	0.2454	0.9200	0.0591	0.9833		0.9631
0.1949	0.9407	0.0572	1.0000	0.0718	0.9935	0.2234	0.9200	0.0579	0.9833		0.9675
0.1939	0.9407	0.0579	1.0000	0.0732	0.9935	0.2179	0.9300	0.0552	0.9833		0.9695
0.1922	0.9407	0.0577	1.0000	0.0725	0.9935	0.2147	0.9300	0.0565	0.9833		0.9695
fc6_rbf_accuracy:0.9708

fc7_linear
Binh 		Giang		Hung 		Tan  		Thuan		Final accuracy
loss	acc 	loss	acc 	loss	acc 	loss	acc 	loss	acc 	
0.2228	0.9037	0.0853	0.9810	0.0926	0.9742	0.3649	0.8700	0.0690	0.9833		0.9424
0.1587	0.9259	0.0543	1.0000	0.0810	0.9806	0.2489	0.9100	0.0520	0.9833		0.9600
0.1287	0.9481	0.0501	1.0000	0.0771	0.9935	0.2303	0.9200	0.0510	0.9833		0.9690
0.1280	0.9556	0.0509	1.0000	0.0733	0.9935	0.2274	0.9300	0.0438	0.9833		0.9725
0.1069	0.9630	0.0520	1.0000	0.0702	0.9935	0.2114	0.9300	0.0499	0.9833		0.9740
0.1148	0.9556	0.0511	1.0000	0.0688	0.9935	0.2031	0.9300	0.0479	0.9833		0.9725
0.1181	0.9556	0.0501	1.0000	0.0684	0.9935	0.2028	0.9300	0.0490	0.9833		0.9725
fc7_linear_accuracy:0.9740

fc7_rbf
Binh 		Giang		Hung 		Tan  		Thuan		Final accuracy
loss	acc 	loss	acc 	loss	acc 	loss	acc 	loss	acc 	
0.3140	0.8815	0.0600	1.0000	0.0688	1.0000	0.3895	0.8400	0.0772	0.9750		0.9393
0.2257	0.9185	0.0544	1.0000	0.0629	1.0000	0.3007	0.8900	0.0658	0.9833		0.9584
0.1875	0.9407	0.0512	1.0000	0.0553	1.0000	0.2661	0.9100	0.0598	0.9833		0.9668
0.1737	0.9407	0.0498	1.0000	0.0616	1.0000	0.2532	0.9200	0.0505	0.9833		0.9688
0.1428	0.9556	0.0504	1.0000	0.0563	1.0000	0.2329	0.9200	0.0568	0.9833		0.9718
0.1490	0.9481	0.0496	1.0000	0.0578	1.0000	0.2261	0.9300	0.0560	0.9833		0.9723
0.1539	0.9407	0.0498	1.0000	0.0596	1.0000	0.2235	0.9300	0.0553	0.9833		0.9708
fc7_rbf_accuracy:0.9738

prob
Binh 		Giang		Hung 		Tan  		Thuan		Final accuracy
loss	acc 	loss	acc 	loss	acc 	loss	acc 	loss	acc 	
0.2170	0.8963	0.0928	0.9905	0.0362	1.0000	0.3969	0.8400	0.0726	0.9833		0.9420
0.1893	0.9185	0.0808	0.9619	0.0053	1.0000	0.2276	0.9300	0.1614	0.9417		0.9504
0.1003	0.9407	0.0451	0.9810	0.0021	1.0000	0.2475	0.9300	0.0453	0.9833		0.9670
0.1841	0.9111	0.0138	1.0000	0.0029	1.0000	0.3828	0.9100	0.0144	0.9833		0.9609
0.0895	0.9704	0.0215	1.0000	0.0251	0.9871	0.4308	0.9100	0.0681	0.9833		0.9702
0.0642	0.9704	0.0216	0.9905	0.0109	1.0000	0.4074	0.9100	0.0452	0.9833		0.9708
0.0674	0.9630	0.0186	1.0000	0.0082	1.0000	0.4895	0.8900	0.0514	0.9833		0.9673
prob_accuracy:0.9767

