output/result_backup/table_15Jan2019_clean_1_aug_1_pad/K5_K3_15-01-2019_08.59.04

fc6_linear
Binh 		Giang		Hung 		Tan  		Thuan		Final accuracy
loss	acc 	loss	acc 	loss	acc 	loss	acc 	loss	acc 	
1.0938	0.6741	1.0814	0.6762	0.9050	0.6516	0.2824	0.9300	0.8049	0.7917		0.7447
0.9756	0.6889	0.9134	0.7048	0.6761	0.7290	0.2286	0.9600	0.7322	0.8167		0.7799
0.9793	0.6963	0.9458	0.7143	0.6794	0.7161	0.1942	0.9700	0.6434	0.8167		0.7827
0.9778	0.7185	0.7878	0.7238	0.6089	0.7548	0.1965	0.9700	0.6290	0.8250		0.7984
0.9850	0.6667	0.7701	0.7333	0.6039	0.7677	0.1876	0.9700	0.6466	0.8167		0.7909
0.9727	0.6815	0.7510	0.7333	0.6030	0.7742	0.1862	0.9700	0.6433	0.8167		0.7951
0.9696	0.6889	0.7461	0.7333	0.6078	0.7742	0.1858	0.9700	0.6544	0.8167		0.7966
fc6_linear_accuracy:0.8042

fc6_rbf
Binh 		Giang		Hung 		Tan  		Thuan		Final accuracy
loss	acc 	loss	acc 	loss	acc 	loss	acc 	loss	acc 	
1.0912	0.6593	1.2689	0.6190	0.6636	0.7484	0.2203	0.9400	0.7968	0.7667		0.7467
0.9602	0.6815	1.1075	0.6476	0.5360	0.7742	0.1926	0.9600	0.9085	0.7833		0.7693
0.9597	0.7037	1.0341	0.6667	0.5520	0.7806	0.1632	0.9700	0.7858	0.7667		0.7775
0.9447	0.7185	0.9547	0.6667	0.5233	0.7871	0.1633	0.9600	0.7519	0.7833		0.7831
0.9668	0.6815	0.8922	0.6952	0.5201	0.7871	0.1582	0.9800	0.7686	0.7833		0.7854
0.9633	0.6889	0.9021	0.6857	0.5232	0.7806	0.1563	0.9800	0.7724	0.7833		0.7837
0.9444	0.7037	0.8829	0.6857	0.5341	0.7806	0.1570	0.9800	0.7725	0.7833		0.7867
fc6_rbf_accuracy:0.7928

fc7_linear
Binh 		Giang		Hung 		Tan  		Thuan		Final accuracy
loss	acc 	loss	acc 	loss	acc 	loss	acc 	loss	acc 	
0.8502	0.7778	0.8464	0.6571	0.7312	0.6903	0.2734	0.9000	0.6732	0.7833		0.7617
0.7937	0.7333	0.8707	0.6762	0.5852	0.7548	0.2002	0.9600	0.6426	0.8167		0.7882
0.8256	0.7407	0.8551	0.6857	0.5786	0.7677	0.1860	0.9900	0.5676	0.8167		0.8002
0.8333	0.7407	0.7969	0.6952	0.5144	0.8000	0.1828	0.9900	0.5616	0.8167		0.8085
0.8547	0.7037	0.7421	0.6857	0.5220	0.7935	0.1834	0.9900	0.5727	0.8167		0.7979
0.8210	0.7259	0.7452	0.6857	0.5116	0.7935	0.1834	0.9900	0.5759	0.8167		0.8024
0.8234	0.7259	0.7359	0.6952	0.5198	0.7935	0.1802	0.9900	0.5681	0.8167		0.8043
fc7_linear_accuracy:0.8159

fc7_rbf
Binh 		Giang		Hung 		Tan  		Thuan		Final accuracy
loss	acc 	loss	acc 	loss	acc 	loss	acc 	loss	acc 	
1.0689	0.6815	1.0212	0.5905	0.5730	0.7742	0.2509	0.9200	0.5967	0.7917		0.7516
0.8158	0.7259	0.9505	0.6571	0.4987	0.7806	0.1871	0.9600	0.7657	0.7750		0.7797
0.8301	0.7333	0.9153	0.6571	0.5276	0.7806	0.1719	0.9800	0.6745	0.7833		0.7869
0.8289	0.7407	0.9381	0.6571	0.4801	0.8000	0.1648	0.9800	0.6341	0.7917		0.7939
0.8475	0.7185	0.8374	0.6667	0.4747	0.8000	0.1640	0.9800	0.6441	0.7917		0.7914
0.8298	0.7259	0.8282	0.6571	0.4674	0.8000	0.1637	0.9700	0.6610	0.7833		0.7873
0.8270	0.7259	0.8189	0.6571	0.4707	0.7935	0.1601	0.9900	0.6510	0.7917		0.7917
fc7_rbf_accuracy:0.7978

prob
Binh 		Giang		Hung 		Tan  		Thuan		Final accuracy
loss	acc 	loss	acc 	loss	acc 	loss	acc 	loss	acc 	
0.6146	0.7926	0.6318	0.7619	0.9208	0.7548	0.1654	0.9400	0.8982	0.6333		0.7765
0.9763	0.7407	1.1869	0.7048	0.7413	0.8065	0.0657	0.9800	0.4131	0.8667		0.8197
1.1330	0.7704	1.4309	0.7048	0.5928	0.8065	0.0370	0.9800	0.9168	0.7833		0.8090
1.0441	0.7630	1.7979	0.6476	0.5678	0.8323	0.0297	1.0000	1.0102	0.8083		0.8102
1.3369	0.7259	1.1872	0.7429	0.5130	0.8323	0.0375	0.9800	1.2623	0.7750		0.8112
1.0983	0.7481	0.8903	0.7714	0.4921	0.8452	0.0341	0.9800	1.1064	0.7917		0.8273
1.0367	0.7704	0.9820	0.7524	0.5666	0.8258	0.0402	0.9800	1.1442	0.7833		0.8224
prob_accuracy:0.8552

