output/result/K3_K2_2019-02-21_07.39

fc6_linear
Giang		Hai  		Long 		Minh 		Thuy 		Tuyen		Final accuracy
loss	acc 	loss	acc 	loss	acc 	loss	acc 	loss	acc 	loss	acc 	
5.5186	0.1111	8.3203	0.0833	4.0093	0.1667	6.1712	0.2500	5.7991	0.0833	5.3216	0.2500		0.1574
3.8425	0.2500	3.4852	0.2778	2.7254	0.2500	4.9534	0.0833	3.1590	0.1667	3.7786	0.2500		0.2130
5.9769	0.0833	3.1835	0.3333	2.8966	0.3889	2.9838	0.2222	4.0593	0.2500	3.2364	0.3611		0.2731
3.8879	0.0833	3.1581	0.3056	2.4087	0.5556	3.8368	0.1111	3.4129	0.3056	3.2010	0.2778		0.2731
3.6153	0.1389	2.6663	0.3889	2.5222	0.4722	4.1427	0.1389	3.8787	0.2222	3.1563	0.3333		0.2824
3.2892	0.1667	2.7848	0.4167	2.2429	0.5556	3.6318	0.1667	3.0251	0.1944	3.0041	0.3333		0.3056
3.3120	0.1667	2.8327	0.4167	2.2971	0.5278	3.6353	0.1667	3.1564	0.1667	3.0353	0.3333		0.2963
fc6_linear_accuracy:0.3565

fc6_rbf
Giang		Hai  		Long 		Minh 		Thuy 		Tuyen		Final accuracy
loss	acc 	loss	acc 	loss	acc 	loss	acc 	loss	acc 	loss	acc 	
4.8768	0.0833	5.1107	0.0833	2.6402	0.2500	4.9566	0.1389	3.8115	0.1944	3.9981	0.2222		0.1620
3.3674	0.1667	2.6822	0.2500	2.2048	0.3611	4.8193	0.0278	2.8474	0.1111	2.6348	0.2500		0.1944
3.5032	0.1667	2.3722	0.3611	2.2279	0.3889	4.0822	0.1944	2.9977	0.2222	2.4467	0.3333		0.2778
4.0744	0.1667	2.6260	0.3333	2.0463	0.4722	2.7488	0.3333	2.8836	0.3333	2.5197	0.2500		0.3148
3.3058	0.1389	2.4478	0.2778	2.4099	0.4722	3.6579	0.2500	2.8023	0.1389	2.7595	0.2500		0.2546
2.8663	0.1389	2.5450	0.3611	2.2689	0.5000	2.4269	0.4167	2.5894	0.3611	2.7797	0.2500		0.3380
2.6374	0.1667	2.2071	0.3611	2.0817	0.5278	2.5595	0.3611	3.3516	0.1389	2.6893	0.3056		0.3102
fc6_rbf_accuracy:0.3611

fc7_linear
Giang		Hai  		Long 		Minh 		Thuy 		Tuyen		Final accuracy
loss	acc 	loss	acc 	loss	acc 	loss	acc 	loss	acc 	loss	acc 	
4.4303	0.1389	4.5652	0.0833	2.9779	0.2500	4.0754	0.2222	3.8465	0.0833	4.5248	0.2222		0.1667
3.9858	0.0833	3.5507	0.2500	2.9484	0.3333	2.7325	0.1944	3.0269	0.1111	3.8715	0.2778		0.2083
3.7075	0.0833	3.0098	0.2500	3.1521	0.5000	2.6652	0.2500	3.1060	0.1389	2.7942	0.3333		0.2593
3.3849	0.1667	2.8119	0.3333	2.4754	0.5278	3.2731	0.2222	3.2643	0.1111	2.9673	0.3333		0.2824
3.8890	0.2500	2.7251	0.3056	2.6797	0.5556	2.6627	0.3056	3.5004	0.0833	3.2206	0.2222		0.2870
2.9568	0.2778	2.6073	0.3611	2.3304	0.5833	2.9901	0.2500	3.3271	0.0556	2.9105	0.3056		0.3056
3.1010	0.1667	2.7489	0.3056	2.4066	0.5833	2.9671	0.2500	3.3235	0.0556	2.9634	0.3056		0.2778
fc7_linear_accuracy:0.3333

fc7_rbf
Giang		Hai  		Long 		Minh 		Thuy 		Tuyen		Final accuracy
loss	acc 	loss	acc 	loss	acc 	loss	acc 	loss	acc 	loss	acc 	
3.3157	0.1667	3.5544	0.1667	2.6755	0.2222	3.1412	0.3056	2.8095	0.1111	3.0748	0.2500		0.2037
3.3263	0.1667	2.4538	0.3333	2.5381	0.3333	2.6997	0.3056	2.7540	0.1389	3.1373	0.2500		0.2546
2.7719	0.1667	2.2605	0.3333	2.3620	0.4167	2.5102	0.3056	2.6900	0.2500	2.6114	0.2500		0.2870
2.8466	0.1944	2.1772	0.3611	2.1547	0.4722	2.7679	0.1944	2.7080	0.2500	2.6781	0.2500		0.2870
3.2701	0.2500	2.1242	0.4167	2.3030	0.5000	2.3421	0.3611	2.5419	0.3889	2.9199	0.2778		0.3657
2.9835	0.2778	2.4301	0.3889	2.2399	0.5000	2.6581	0.2500	2.7162	0.3333	3.2239	0.2500		0.3333
3.1295	0.2778	2.3312	0.4167	2.0510	0.5000	2.4386	0.3333	2.7988	0.3333	2.9485	0.2500		0.3519
fc7_rbf_accuracy:0.3704

prob
Giang		Hai  		Long 		Minh 		Thuy 		Tuyen		Final accuracy
loss	acc 	loss	acc 	loss	acc 	loss	acc 	loss	acc 	loss	acc 	
3.3084	0.0833	3.6772	0.0833	2.3682	0.2778	3.2310	0.1944	2.7000	0.1667	3.3004	0.1667		0.1620
3.0583	0.1944	3.2731	0.2500	2.2891	0.3611	3.3983	0.2222	2.1707	0.2500	3.9431	0.2500		0.2546
3.7572	0.0833	2.9528	0.3056	2.1030	0.4722	2.9026	0.1944	2.7824	0.3333	3.4647	0.1944		0.2639
3.1149	0.3056	2.9375	0.2500	2.7061	0.4444	2.9182	0.2778	2.4809	0.2778	5.1027	0.2222		0.2963
3.0555	0.2500	2.9659	0.3611	3.4737	0.3611	2.9309	0.2500	2.5288	0.2778	3.8822	0.2222		0.2870
3.2034	0.2778	2.9436	0.3611	2.7959	0.3611	3.3567	0.2500	2.8756	0.2500	4.2266	0.1944		0.2824
3.2261	0.2778	3.0044	0.3333	2.8947	0.3333	3.3326	0.2500	2.7657	0.2500	4.1345	0.2222		0.2778
prob_accuracy:0.3333

