    15      0      0      0      0      0      0      0      0      0      0      0
     0     15      0      0      0      0      0      0      0      0      0      0
     0      0     15      0      0      0      0      0      0      0      0      0
     0      0      0     12      0      0      0      0      0      0      3      0
     1      0      0      0     13      0      0      0      0      0      0      1
     0      0      0      0      0     13      2      0      0      0      0      0
     0      0      0      0      0      0     15      0      0      0      0      0
     0      0      0      0      0      0      0     14      1      0      0      0
     0      0      0      0      0      0      0      0     15      0      0      0
     0      1      0      0      0      0      0      4      1      9      0      0
     0      0      0      1      0      0      0      0      0      0     14      0
     1      0      0      1      6      0      0      0      0      0      0      7
