    18      0      0      0      0      0      0      0      0      0      0      0
     0      9      0      0      0      0      0      0      0      9      0      0
     0      0     18      0      0      0      0      0      0      0      0      0
     0      0      0     15      3      0      0      0      0      0      0      0
     0      0      0      3     15      0      0      0      0      0      0      0
     0      0      0      0      0     18      0      0      0      0      0      0
     0      0      0      0      0      6     12      0      0      0      0      0
     0      6      0      0      0      0      0      8      2      2      0      0
     0      0      0      0      0      0      0      0     17      1      0      0
     0      2      0      0      0      0      0      0      0     16      0      0
     0      0      0     10      3      0      0      0      0      0      5      0
     0      0      0      0     14      0      0      0      0      0      0      4
