output/experiments/K1_K1_25-01-2019_07.16.34_fc6_1024_fc7_1024_89%

fc6_linear
Binh 		Giang		Hung 		Tan  		Thuan		Final accuracy
loss	acc 	loss	acc 	loss	acc 	loss	acc 	loss	acc 	
1.0420	0.7286	2.7933	0.7524	0.4066	0.8645	0.2905	0.9048	0.2934	0.9000		0.8300
0.6535	0.7571	1.6071	0.7714	0.1160	0.9806	0.1158	0.9810	0.0941	0.9750		0.8930
0.6740	0.7571	1.4102	0.7714	0.1220	0.9742	0.1006	0.9810	0.0814	0.9917		0.8951
0.6671	0.7500	1.3322	0.7714	0.1126	0.9742	0.1073	0.9810	0.0790	0.9917		0.8936
0.6859	0.7500	1.3036	0.7714	0.1101	0.9742	0.1024	0.9810	0.0737	0.9833		0.8920
0.6855	0.7500	1.2809	0.7714	0.1076	0.9742	0.1015	0.9810	0.0729	0.9917		0.8936
0.6866	0.7500	1.2865	0.7714	0.1108	0.9742	0.1005	0.9810	0.0748	0.9917		0.8936
fc6_linear_accuracy:0.8951

fc6_rbf
Binh 		Giang		Hung 		Tan  		Thuan		Final accuracy
loss	acc 	loss	acc 	loss	acc 	loss	acc 	loss	acc 	
0.7128	0.7929	2.3897	0.7905	0.1771	0.9613	0.2506	0.8762	0.2686	0.9167		0.8675
0.8393	0.7714	1.5429	0.7810	0.0966	0.9806	0.2015	0.8762	0.0926	0.9583		0.8735
0.7532	0.7571	1.3562	0.7905	0.1115	0.9677	0.1566	0.9238	0.0790	0.9750		0.8828
0.7018	0.7571	1.2944	0.7810	0.1109	0.9742	0.1700	0.9143	0.0769	0.9750		0.8803
0.7354	0.7571	1.2492	0.7810	0.1154	0.9677	0.1713	0.9143	0.0717	0.9750		0.8790
0.7245	0.7500	1.2492	0.7810	0.1137	0.9677	0.1663	0.9143	0.0729	0.9750		0.8776
0.7286	0.7571	1.2368	0.7810	0.1147	0.9677	0.1662	0.9143	0.0738	0.9750		0.8790
fc6_rbf_accuracy:0.8828

fc7_linear
Binh 		Giang		Hung 		Tan  		Thuan		Final accuracy
loss	acc 	loss	acc 	loss	acc 	loss	acc 	loss	acc 	
1.0815	0.6214	2.3165	0.7429	0.3323	0.8645	0.4128	0.8857	0.2656	0.9250		0.8079
0.7956	0.7357	1.5325	0.8095	0.1245	0.9613	0.0901	0.9905	0.0760	0.9917		0.8977
0.8064	0.7214	1.3829	0.8095	0.1032	0.9742	0.0704	0.9810	0.0675	0.9917		0.8956
0.7784	0.7357	1.3355	0.8095	0.1000	0.9806	0.0862	0.9810	0.0646	0.9917		0.8997
0.8034	0.7286	1.2800	0.8095	0.0940	0.9806	0.0951	0.9810	0.0601	0.9917		0.8983
0.8127	0.7214	1.2838	0.8095	0.0965	0.9806	0.0920	0.9810	0.0599	0.9917		0.8968
0.8011	0.7214	1.2483	0.8095	0.0956	0.9806	0.0929	0.9810	0.0614	0.9917		0.8968
fc7_linear_accuracy:0.8997

fc7_rbf
Binh 		Giang		Hung 		Tan  		Thuan		Final accuracy
loss	acc 	loss	acc 	loss	acc 	loss	acc 	loss	acc 	
1.0786	0.6929	2.4289	0.8000	0.1681	0.9548	0.3275	0.8571	0.2046	0.9333		0.8476
0.9304	0.7286	1.3745	0.8095	0.0857	0.9806	0.1413	0.9524	0.0732	0.9750		0.8892
0.9010	0.7286	1.2347	0.8095	0.0954	0.9806	0.0940	0.9905	0.0637	0.9750		0.8968
0.8531	0.7214	1.2263	0.8095	0.0887	0.9806	0.1056	0.9714	0.0635	0.9750		0.8916
0.8914	0.7143	1.3190	0.7333	0.0933	0.9806	0.1256	0.9524	0.0584	0.9750		0.8711
0.8950	0.7143	1.2070	0.8095	0.0945	0.9742	0.1254	0.9524	0.0582	0.9750		0.8851
0.8872	0.7143	1.2599	0.7905	0.0924	0.9806	0.1248	0.9524	0.0598	0.9750		0.8826
fc7_rbf_accuracy:0.8968

prob
Binh 		Giang		Hung 		Tan  		Thuan		Final accuracy
loss	acc 	loss	acc 	loss	acc 	loss	acc 	loss	acc 	
0.7894	0.6786	0.9792	0.7619	0.8020	0.8710	0.7993	0.7429	0.9320	0.7500		0.7609
0.8065	0.6714	1.2315	0.8095	0.1437	0.9484	0.1946	0.9143	0.0971	0.9667		0.8621
0.9502	0.6286	1.2949	0.8095	0.1481	0.9419	0.1698	0.9143	0.0533	0.9833		0.8555
0.9055	0.7143	1.3385	0.8095	0.0908	0.9677	0.1000	0.9714	0.0348	0.9917		0.8909
1.0995	0.6500	1.4383	0.8095	0.1193	0.9419	0.1667	0.9238	0.0257	0.9917		0.8634
1.0851	0.6357	1.5635	0.8095	0.1204	0.9548	0.1554	0.9238	0.0334	0.9917		0.8631
1.0931	0.6500	1.5699	0.8095	0.1099	0.9484	0.1576	0.9048	0.0420	0.9833		0.8592
prob_accuracy:0.8909

