    18      0      0      0      0      0      0      0      0      0      0      0
     1     17      0      0      0      0      0      0      0      0      0      0
     0      0     18      0      0      0      0      0      0      0      0      0
     0      0      0     15      0      0      0      0      0      0      2      1
     0      0      0      0     17      0      0      0      0      0      0      1
     0      0      0      0      0     13      5      0      0      0      0      0
     0      0      0      0      0      0     18      0      0      0      0      0
     0      0      0      0      0      0      0     18      0      0      0      0
     0      0      0      0      0      0      0      1     17      0      0      0
     0      0      0      0      0      0      0      0      0     18      0      0
     0      0      0      0      0      0      0      0      0      0     18      0
     0      0      0      0      8      0      0      0      0      0      0     10
