    17      0      0      0      1      0      0      0      0      0      0      0
     0     12      0      0      0      0      0      3      0      2      1      0
     0      0     18      0      0      0      0      0      0      0      0      0
     0      0      0     15      1      0      1      0      0      0      1      0
     0      0      0      0     18      0      0      0      0      0      0      0
     0      0      0      0      0      8     10      0      0      0      0      0
     0      0      0      0      0      0     18      0      0      0      0      0
     0      0      0      0      0      0      0     18      0      0      0      0
     0      0      0      0      0      0      0      1      5     12      0      0
     0      0      0      0      0      0      0      0      0     18      0      0
     0      0      0      0      0      0      0      0      0      0     18      0
     0      0      0      0      5      0      0      0      0      0      0     13
