    17      0      0      0      1      0      0      0      0      0      0      0
     0     11      0      1      0      0      0      3      0      3      0      0
     0      0     18      0      0      0      0      0      0      0      0      0
     0      0      0     16      2      0      0      0      0      0      0      0
     0      0      0      0     18      0      0      0      0      0      0      0
     0      0      0      0      0     18      0      0      0      0      0      0
     0      0      0      0      0      3     15      0      0      0      0      0
     0      1      0      0      0      0      0     15      2      0      0      0
     0      0      0      0      0      0      0      0     18      0      0      0
     0      3      0      0      0      0      0      3      0     12      0      0
     0      0      0     11      7      0      0      0      0      0      0      0
     0      0      0      0     18      0      0      0      0      0      0      0
