    18      0      0      0      0      0      0      0      0      0      0      0
     0      0      0      0      0      0      0      0      0     18      0      0
     0      0     18      0      0      0      0      0      0      0      0      0
     0      0      0     18      0      0      0      0      0      0      0      0
     0      0      0      1     15      0      0      0      0      0      0      2
     0      0      0      0      0     14      4      0      0      0      0      0
     0      0      0      0      0      0     18      0      0      0      0      0
     0      0      0      0      0      0      0      8      3      7      0      0
     0      0      0      0      0      0      0      0     17      1      0      0
     0      0      0      0      0      0      0      0      0     18      0      0
     0      0      0     17      0      0      0      0      0      0      0      1
     0      0      0      1      8      0      0      0      0      0      0      9
