    45      0      0      0      0      0      0      0      0      0      0      0
     0     28      0      0      0      0      0      0      2     15      0      0
     0      0     45      0      0      0      0      0      0      0      0      0
     0      0      0     19      1      0      0      0      0      0     25      0
     0      0      0      1     42      0      0      0      0      0      0      2
     0      0      0      0      0     44      1      0      0      0      0      0
     0      0      0      0      0      0     45      0      0      0      0      0
     0      0      0      0      0      0      0     35      2      8      0      0
     0      0      0      0      0      0      0      0     45      0      0      0
     0      0      0      0      0      0      0      0      0     45      0      0
     0      0      0      0      0      0      0      0      0      0     44      1
     0      0      0      0      8      0      0      0      0      1      2     34
