    18      0      0      0      0      0      0      0      0      0      0      0
     0      4      0      0      0      0      0      0      1     13      0      0
     0      0     18      0      0      0      0      0      0      0      0      0
     0      0      0     15      0      0      0      0      0      0      3      0
     0      0      0      0     18      0      0      0      0      0      0      0
     0      0      0      0      0     15      3      0      0      0      0      0
     0      0      0      0      0      0     18      0      0      0      0      0
     0      0      0      0      0      0      0      7      3      8      0      0
     0      0      0      0      0      0      0      0     16      2      0      0
     0      0      0      0      0      0      0      0      0     18      0      0
     0      0      0     12      0      0      0      0      0      0      6      0
     0      0      0      0     18      0      0      0      0      0      0      0
