     0     14      0      3      0      0      0      0      1      0      0      0
     0     18      0      0      0      0      0      0      0      0      0      0
     0      3     12      2      0      0      0      1      0      0      0      0
     0      5      0     13      0      0      0      0      0      0      0      0
     0      9      2      0      4      0      0      0      1      0      0      2
     0      5      5      8      0      0      0      0      0      0      0      0
     0      5      3     10      0      0      0      0      0      0      0      0
     0     17      0      1      0      0      0      0      0      0      0      0
     0     15      0      0      0      0      0      0      3      0      0      0
     0     18      0      0      0      0      0      0      0      0      0      0
     0      5      1     11      0      0      0      0      1      0      0      0
     0     12      0      2      1      0      0      0      2      0      0      1
