    18      0      0      0      0      0      0      0      0      0      0      0
     0      6      0      1      0      0      0      2      4      5      0      0
     0      0     17      0      1      0      0      0      0      0      0      0
     0      0      0     11      7      0      0      0      0      0      0      0
     0      0      0      0     17      1      0      0      0      0      0      0
     0      0      0      0      0     17      1      0      0      0      0      0
     0      0      0      0      0      2     16      0      0      0      0      0
     0      0      0      0      0      0      0      4     11      3      0      0
     0      0      0      0      0      0      0      1     16      1      0      0
     0      2      0      0      0      0      0      2      5      9      0      0
     0      0      0     10      8      0      0      0      0      0      0      0
     0      0      0      0     17      1      0      0      0      0      0      0
