    36      0      3      0      0      4      0      0      2      0      0      0
     1     39      0      0      0      0      0      0      0      5      0      0
     0      0     44      0      0      1      0      0      0      0      0      0
     1      0      0     43      1      0      0      0      0      0      0      0
     0      0      0      0      4      0      0      0      0      0      0     41
     4      0      4      1      0     36      0      0      0      0      0      0
     0      0      4      0      0     31     10      0      0      0      0      0
     0      4      0      0      0      0      0     41      0      0      0      0
     0      0      0      0      0      0      0      0     45      0      0      0
     0     11      0      0      0      0      0      0      0     34      0      0
     0      0      0     44      0      0      0      0      0      0      1      0
     0      0      0      0      0      0      0      0      1      0      0     44
