     0      0      2      4      9      0      0      0      2      0      0      1
     0     18      0      0      0      0      0      0      0      0      0      0
     0      0     18      0      0      0      0      0      0      0      0      0
     0      0      1     17      0      0      0      0      0      0      0      0
     0      0      0      2     16      0      0      0      0      0      0      0
     0      0      3      3      1     11      0      0      0      0      0      0
     0      0      4      8      6      0      0      0      0      0      0      0
     0     18      0      0      0      0      0      0      0      0      0      0
     0     13      0      0      0      0      0      0      5      0      0      0
     0     18      0      0      0      0      0      0      0      0      0      0
     0      1      0     15      2      0      0      0      0      0      0      0
     0      0      0      1      9      0      0      0      0      0      0      8
