    18      0      0      0      0      0      0      0      0      0      0      0
     0      0      0      0      0      0      0      0      4     14      0      0
     0      0     18      0      0      0      0      0      0      0      0      0
     0      0      0     18      0      0      0      0      0      0      0      0
     0      0      0      1     17      0      0      0      0      0      0      0
     0      0      0      0      0     17      1      0      0      0      0      0
     0      0      0      0      0      0     18      0      0      0      0      0
     0      0      0      0      0      0      0      7      1     10      0      0
     0      0      0      0      0      0      0      0     14      4      0      0
     0      0      0      0      0      0      0      0      0     18      0      0
     0      0      0     16      2      0      0      0      0      0      0      0
     0      0      0      0     17      0      0      0      0      0      0      1
