    12      0      0      0      0      0      5      0      0      1      0      0
     0      2      0      0      0      0      0      0      0     16      0      0
     0      0     18      0      0      0      0      0      0      0      0      0
     0      0      0     12      2      0      0      0      0      0      3      1
     0      0      0      0      8      0      0      0      0      0      1      9
     0      0      0      0      0      0     18      0      0      0      0      0
     0      0      0      0      0      0     18      0      0      0      0      0
     0      0      0      0      0      0      0     16      0      2      0      0
     0      0      0      0      0      0      0      1     13      4      0      0
     0      0      0      0      0      0      0      0      0     18      0      0
     0      0      0      3      0      0      0      0      0      0     12      3
     0      0      0      1      3      0      0      0      0      0      1     13
