    45      0      0      0      0      0      0      0      0      0      0      0
     0     21      0      0      0      0      0      0      6     18      0      0
     0      0     45      0      0      0      0      0      0      0      0      0
     0      0      0     36      0      0      1      0      0      0      8      0
     0      0      0      0     42      0      0      0      0      0      0      3
     0      0      0      0      0     43      2      0      0      0      0      0
     0      0      0      0      0      0     45      0      0      0      0      0
     0      0      0      0      0      0      0     40      5      0      0      0
     0      0      0      0      0      0      0      0     45      0      0      0
     0      0      0      0      0      0      0      0      6     39      0      0
     0      0      0      0      0      0      0      0      0      0     45      0
     1      0      0      0      3      0      0      0      0      0      0     41
