    18      0      0      0      0      0      0      0      0      0      0      0
     0     18      0      0      0      0      0      0      0      0      0      0
     0      0     18      0      0      0      0      0      0      0      0      0
     0      0      0     13      0      0      0      0      0      0      5      0
     0      0      0      2      8      0      0      0      0      0      0      8
     0      0      0      0      0      9      9      0      0      0      0      0
     0      0      0      0      0      0     18      0      0      0      0      0
     0      0      0      0      0      0      0     18      0      0      0      0
     0      0      0      0      0      0      0      0     18      0      0      0
     0      0      0      0      0      0      0      0      0     18      0      0
     0      0      0      0      0      0      0      0      0      0     18      0
     0      0      0      0      0      0      0      0      0      0      3     15
