    11      0      0      0      0      0      6      0      0      1      0      0
     0     13      0      0      0      0      0      0      0      5      0      0
     0      0     12      0      0      0      6      0      0      0      0      0
     0      0      0     15      0      0      0      0      0      0      0      3
     0      0      0      3      7      0      0      0      0      0      0      8
     0      0      0      0      0      0     18      0      0      0      0      0
     0      0      0      0      0      0     18      0      0      0      0      0
     0      2      0      0      0      0      0     16      0      0      0      0
     0      0      0      0      0      0      0      1     16      1      0      0
     0      0      0      0      0      0      0      0      0     18      0      0
     0      0      0     15      2      0      0      0      0      0      0      1
     0      0      0      3      4      0      0      0      0      0      0     11
