    17      0      0      1      0      0      0      0      0      0      0      0
     0      3      0      0      0      0      0      0      0     15      0      0
     0      0     18      0      0      0      0      0      0      0      0      0
     0      0      0     16      1      0      0      0      0      0      1      0
     0      0      0      0     15      0      0      0      0      0      0      3
     0      0      0      0      0      8     10      0      0      0      0      0
     0      0      0      0      0      0     18      0      0      0      0      0
     0      1      0      0      0      0      0      4      4      8      0      1
     0      1      0      0      0      0      0      2      5     10      0      0
     0      0      0      0      0      0      0      0      0     18      0      0
     0      0      0     12      5      0      0      0      0      0      1      0
     0      0      0      0     13      0      0      0      0      0      0      5
