    15      0      0      0      0      0      0      0      0      0      0      0
     0     10      0      0      0      0      0      0      3      2      0      0
     0      0     15      0      0      0      0      0      0      0      0      0
     0      0      0      6      0      0      0      0      0      0      9      0
     0      0      0      0      2      0      0      0      0      0      0     13
     0      0      0      0      0     13      2      0      0      0      0      0
     0      0      0      0      0      0     15      0      0      0      0      0
     0      1      0      0      0      0      0     13      1      0      0      0
     0      0      0      0      0      0      0      0     15      0      0      0
     0      0      0      0      0      0      0      0      2     13      0      0
     0      0      0      1      0      0      0      0      0      0     14      0
     0      0      0      0      0      0      0      0      0      0      0     15
