    14      0      0      0      0      1      0      0      0      0      0      0
     0     13      0      0      0      0      0      0      0      2      0      0
     0      0     15      0      0      0      0      0      0      0      0      0
     0      0      0     10      2      1      1      0      0      0      1      0
     0      0      0      0      5      6      2      0      0      0      2      0
     0      0      0      0      0     15      0      0      0      0      0      0
     0      0      0      0      0      1     14      0      0      0      0      0
     0     11      0      0      0      0      0      1      2      1      0      0
     0      8      0      0      0      0      0      0      3      4      0      0
     0      3      0      0      0      0      0      0      0     12      0      0
     0      0      0     10      2      0      1      0      0      0      1      1
     2      0      0      0      4      3      2      0      0      0      0      4
