    13      0      0      0      7     25      0      0      0      0      0      0
     0      0      0      0      0      3      0      0      0     42      0      0
     0      0     12      0      0     31      0      0      0      2      0      0
     0      0      0     19      3     11      0      0      0      1     10      1
     0      0      0      0     16     10      0      0      0      0      0     19
     0      0      0      0      1     44      0      0      0      0      0      0
     0      0      0      0      4     38      0      0      0      0      0      3
     0      0      0      0      0      0      0     33      0     12      0      0
     0      0      0      0      0      6      0      0      5     34      0      0
     0      0      0      0      0      0      0      0      0     45      0      0
     0      0      0     12      0      8      0      0      0      0     25      0
     0      0      0      0      8      6      0      0      0      0      0     31
