output/result_backup/table_26Jan2019_fc6_2048_fc7_2048/K5_K3_2019-01-26_06.07

fc6_linear
Binh 		Giang		Hung 		Tan  		Thuan		Final accuracy
loss	acc 	loss	acc 	loss	acc 	loss	acc 	loss	acc 	
0.4984	0.8074	0.5373	0.8286	0.8119	0.7613	0.1703	0.9600	0.3210	0.9083		0.8531
0.4939	0.8000	0.4816	0.8190	0.7254	0.7871	0.1390	0.9700	0.3352	0.8917		0.8536
0.4680	0.8074	0.4520	0.8286	0.7031	0.7871	0.1331	0.9700	0.3311	0.8917		0.8569
0.4500	0.8222	0.4467	0.8286	0.7263	0.7871	0.1333	0.9700	0.3395	0.8917		0.8599
0.4461	0.8222	0.4422	0.8286	0.7347	0.7677	0.1297	0.9800	0.3178	0.8917		0.8580
0.4374	0.8222	0.4342	0.8286	0.7193	0.7742	0.1278	0.9800	0.3290	0.8917		0.8593
0.4323	0.8222	0.4409	0.8286	0.7196	0.7806	0.1295	0.9800	0.3284	0.8917		0.8606
fc6_linear_accuracy:0.8652

fc6_rbf
Binh 		Giang		Hung 		Tan  		Thuan		Final accuracy
loss	acc 	loss	acc 	loss	acc 	loss	acc 	loss	acc 	
0.4601	0.8074	0.5408	0.8095	0.8189	0.7742	0.2014	0.9500	0.2442	0.9250		0.8532
0.4201	0.8222	0.5648	0.7524	1.1326	0.6968	0.1779	0.9300	0.3185	0.8833		0.8169
0.4229	0.8222	0.5723	0.7905	0.6637	0.7548	0.1697	0.9500	0.4872	0.8167		0.8268
0.4472	0.8222	0.4868	0.8000	0.7733	0.7097	0.1629	0.9600	0.3280	0.8833		0.8350
0.4059	0.8222	0.4753	0.8190	0.7873	0.7161	0.1610	0.9600	0.5517	0.8417		0.8318
0.4123	0.8222	0.4907	0.8190	0.8377	0.6968	0.1604	0.9600	0.4291	0.8500		0.8296
0.4163	0.8296	0.4809	0.8190	0.6837	0.7613	0.1610	0.9600	0.4122	0.8583		0.8457
fc6_rbf_accuracy:0.8616

fc7_linear
Binh 		Giang		Hung 		Tan  		Thuan		Final accuracy
loss	acc 	loss	acc 	loss	acc 	loss	acc 	loss	acc 	
0.4123	0.8222	0.4480	0.8381	0.7351	0.7548	0.2044	0.9300	0.2744	0.9000		0.8490
0.3791	0.8519	0.4223	0.8286	0.7283	0.7613	0.1634	0.9500	0.2841	0.9083		0.8600
0.3659	0.8667	0.4030	0.8476	0.7189	0.7548	0.1576	0.9600	0.2825	0.9083		0.8675
0.3427	0.8815	0.3949	0.8381	0.7294	0.7613	0.1534	0.9600	0.2935	0.9083		0.8698
0.3424	0.8815	0.4020	0.8381	0.7334	0.7613	0.1519	0.9600	0.2884	0.9083		0.8698
0.3388	0.8815	0.3930	0.8381	0.7278	0.7613	0.1531	0.9600	0.2898	0.9083		0.8698
0.3454	0.8815	0.3892	0.8381	0.7305	0.7613	0.1527	0.9600	0.2892	0.9083		0.8698
fc7_linear_accuracy:0.8717

fc7_rbf
Binh 		Giang		Hung 		Tan  		Thuan		Final accuracy
loss	acc 	loss	acc 	loss	acc 	loss	acc 	loss	acc 	
0.3854	0.8519	0.4521	0.8286	0.7057	0.7677	0.2344	0.9300	0.1793	0.9333		0.8623
0.3579	0.8667	0.4290	0.8381	0.7168	0.7548	0.1906	0.9500	0.2289	0.9250		0.8669
0.3470	0.8667	0.4337	0.8381	0.7036	0.7548	0.1919	0.9400	0.2455	0.9083		0.8616
0.3344	0.8815	0.4162	0.8381	0.7097	0.7548	0.1861	0.9400	0.2545	0.9083		0.8645
0.3353	0.8815	0.4217	0.8381	0.7168	0.7484	0.1825	0.9400	0.2633	0.9083		0.8633
0.3368	0.8815	0.4149	0.8381	0.7281	0.7419	0.1821	0.9400	0.2681	0.9083		0.8620
0.3380	0.8741	0.4181	0.8381	0.7061	0.7548	0.1819	0.9400	0.2629	0.9083		0.8631
fc7_rbf_accuracy:0.8741

prob
Binh 		Giang		Hung 		Tan  		Thuan		Final accuracy
loss	acc 	loss	acc 	loss	acc 	loss	acc 	loss	acc 	
0.5152	0.7926	0.3468	0.8857	0.7155	0.7806	0.3181	0.8800	0.1902	0.9500		0.8578
0.4600	0.8074	0.3889	0.8381	0.6700	0.7742	0.2346	0.9000	0.2278	0.9167		0.8473
0.3672	0.8519	0.3739	0.8286	0.6826	0.7742	0.2282	0.9100	0.2532	0.9167		0.8563
0.4006	0.8519	0.4144	0.8286	0.7186	0.7806	0.2166	0.9200	0.2654	0.9083		0.8579
0.3949	0.8519	0.3746	0.8476	0.7315	0.7806	0.2068	0.9200	0.3900	0.8667		0.8534
0.4016	0.8519	0.4034	0.8381	0.7338	0.7806	0.2045	0.9300	0.3819	0.8750		0.8551
0.4004	0.8519	0.4134	0.8381	0.7416	0.7806	0.2060	0.9300	0.3764	0.8833		0.8568
prob_accuracy:0.8796

