    90      0      0      0      0      0      0      0      0      0      0      0
     0     90      0      0      0      0      0      0      0      0      0      0
     0      0     90      0      0      0      0      0      0      0      0      0
     0      0      0     81      0      0      0      0      0      0      9      0
     0      0      0      0     83      0      0      0      0      0      0      7
     0      0      0      0      0     90      0      0      0      0      0      0
     0      0      0      0      0      0     90      0      0      0      0      0
     0      0      0      0      0      0      0     90      0      0      0      0
     0      0      0      0      0      0      0      0     88      2      0      0
     0      4      0      0      0      0      0      0      0     86      0      0
     0      0      0      4      0      0      0      0      0      0     84      2
     0      0      0      0     14      0      0      0      0      0      0     76
