    90      0      0      0      0      0      0      0      0      0      0      0
     0     90      0      0      0      0      0      0      0      0      0      0
     0      0     90      0      0      0      0      0      0      0      0      0
     0      0      0     82      0      0      0      0      0      0      8      0
     0      0      0      0     81      0      0      0      0      0      0      9
     0      0      0      0      0     90      0      0      0      0      0      0
     0      0      0      0      0      0     90      0      0      0      0      0
     0      0      0      0      0      0      0     90      0      0      0      0
     0      0      0      0      0      0      0      0     88      2      0      0
     0      2      0      0      0      0      0      0      2     86      0      0
     0      0      0      5      0      0      0      0      0      0     84      1
     0      0      0      0     21      0      0      0      0      0      0     69
