    90      0      0      0      0      0      0      0      0      0      0      0
     0     90      0      0      0      0      0      0      0      0      0      0
     0      0     90      0      0      0      0      0      0      0      0      0
     0      0      0     84      0      0      0      0      0      0      6      0
     0      0      0      0     71      0      0      0      0      0      0     19
     0      0      0      0      0     87      3      0      0      0      0      0
     0      0      0      0      0      0     90      0      0      0      0      0
     0      0      0      0      0      0      0     90      0      0      0      0
     0      0      0      0      0      0      0      0     86      4      0      0
     0      1      0      0      0      0      0      0      2     87      0      0
     0      0      0      7      0      0      0      0      0      0     83      0
     0      0      0      0     13      0      0      0      0      0      0     77
