    18      0      0      0      0      0      0      0      0      0      0      0
     0      7      0      0      0      0      0      0      0     11      0      0
     0      0     18      0      0      0      0      0      0      0      0      0
     0      0      0     18      0      0      0      0      0      0      0      0
     0      0      0      2     15      0      1      0      0      0      0      0
     0      0      0      0      0     16      2      0      0      0      0      0
     0      0      0      0      0      0     18      0      0      0      0      0
     0      0      0      0      0      0      0      6      2     10      0      0
     0      0      0      0      0      0      0      0      6     12      0      0
     0      1      0      0      0      0      0      0      0     17      0      0
     0      0      0     18      0      0      0      0      0      0      0      0
     0      0      0      1     11      0      0      0      0      0      0      6
