    18      0      0      0      0      0      0      0      0      0      0      0
     0      8      0      0      0      0      0      1      5      4      0      0
     0      0     18      0      0      0      0      0      0      0      0      0
     0      0      0      9      0      0      0      0      0      0      8      1
     0      0      0      0     11      0      0      0      0      0      0      7
     0      0      0      0      0     18      0      0      0      0      0      0
     0      0      0      0      0      0     18      0      0      0      0      0
     0      0      0      0      0      0      0     17      1      0      0      0
     0      0      0      0      0      0      0      0     18      0      0      0
     0      0      0      0      0      0      0      0      4     14      0      0
     0      0      0      0      0      0      0      0      0      0     17      1
     0      0      0      0      1      0      0      0      0      0      0     17
