output/result_backup/table_30Jan2019_original_12gestures/K2_K2_2019-01-30_05.51

fc6_linear
Giang		Hai  		Long 		Minh 		Thuan		Thuy 		Tuyen		Final accuracy
loss	acc 	loss	acc 	loss	acc 	loss	acc 	loss	acc 	loss	acc 	loss	acc 	
1.6359	0.5556	1.0748	0.6667	0.7087	0.7500	1.3476	0.4167	2.4769	0.1944	1.9271	0.4722	1.8262	0.5278		0.5119
1.4974	0.6389	1.2818	0.6944	0.7328	0.7222	1.1060	0.5833	2.4632	0.2778	2.2024	0.4444	1.3634	0.7222		0.5833
1.6120	0.6389	1.2875	0.6667	0.6817	0.7222	1.0355	0.5278	2.3625	0.3056	2.2587	0.4444	1.2957	0.6667		0.5675
1.5698	0.6111	1.2855	0.7222	0.7323	0.6667	1.0653	0.6111	2.2882	0.2778	2.1808	0.5278	1.1666	0.6944		0.5873
1.5928	0.6111	1.2737	0.6944	0.7108	0.7222	1.0015	0.5000	2.2717	0.3333	2.2552	0.5000	1.2144	0.6667		0.5754
1.5864	0.6111	1.2172	0.6944	0.7374	0.6944	1.0214	0.5000	2.3002	0.3056	2.3324	0.4722	1.2020	0.6944		0.5675
fc6_linear_accuracy:0.5873

fc6_rbf
Giang		Hai  		Long 		Minh 		Thuan		Thuy 		Tuyen		Final accuracy
loss	acc 	loss	acc 	loss	acc 	loss	acc 	loss	acc 	loss	acc 	loss	acc 	
1.7161	0.3333	1.0172	0.6667	0.8007	0.6944	1.1391	0.5833	1.9141	0.3056	2.1476	0.3889	1.2255	0.7500		0.5317
1.6200	0.5278	1.0810	0.6667	0.7095	0.7500	0.9312	0.6111	2.0876	0.3056	2.1490	0.3611	1.0950	0.6667		0.5556
1.8117	0.5278	1.0592	0.7778	0.6541	0.6944	0.9129	0.5833	2.0803	0.3333	2.2434	0.4167	1.0474	0.6389		0.5675
1.6736	0.5278	1.1055	0.7778	0.6205	0.7500	0.8849	0.5556	2.2370	0.2778	2.1753	0.4722	0.9418	0.6667		0.5754
1.6980	0.4722	1.1830	0.7500	0.6627	0.7222	0.9244	0.5556	2.3155	0.2500	2.4617	0.3889	0.9717	0.6944		0.5476
1.7180	0.4722	1.1125	0.7500	0.6749	0.6111	0.9342	0.5278	2.3900	0.2778	2.4221	0.4444	1.1454	0.6667		0.5357
fc6_rbf_accuracy:0.5754

fc7_linear
Giang		Hai  		Long 		Minh 		Thuan		Thuy 		Tuyen		Final accuracy
loss	acc 	loss	acc 	loss	acc 	loss	acc 	loss	acc 	loss	acc 	loss	acc 	
1.5153	0.6389	1.2727	0.5833	0.5621	0.7500	1.4457	0.3889	2.9654	0.1389	2.1659	0.4444	1.4118	0.6944		0.5198
1.6378	0.6389	1.3787	0.6389	0.6829	0.6944	1.1281	0.5000	2.5049	0.2222	2.4048	0.3889	1.3764	0.7500		0.5476
1.6212	0.5833	1.3877	0.6944	0.6944	0.7778	1.0678	0.5278	2.2921	0.2778	2.3188	0.3889	1.3289	0.6944		0.5635
1.6117	0.5556	1.4218	0.6389	0.7424	0.6944	1.0127	0.5833	2.3395	0.2778	2.3003	0.4444	1.2041	0.7222		0.5595
1.6117	0.6111	1.4160	0.6944	0.6648	0.7500	1.1222	0.4444	2.3505	0.2500	2.3323	0.4167	1.2126	0.6944		0.5516
1.6721	0.6111	1.5253	0.6111	0.6648	0.7500	1.0206	0.5278	2.3235	0.2500	2.4881	0.3611	1.1806	0.7500		0.5516
fc7_linear_accuracy:0.5635

fc7_rbf
Giang		Hai  		Long 		Minh 		Thuan		Thuy 		Tuyen		Final accuracy
loss	acc 	loss	acc 	loss	acc 	loss	acc 	loss	acc 	loss	acc 	loss	acc 	
1.7971	0.4167	1.1358	0.6667	0.6607	0.8056	1.2193	0.5000	2.1259	0.2222	2.0419	0.3611	1.1389	0.6944		0.5238
1.6910	0.5556	1.0329	0.7778	0.6798	0.7222	1.0249	0.5278	2.0779	0.2222	2.2599	0.3611	1.0308	0.7500		0.5595
1.6971	0.5278	1.0854	0.7778	0.6082	0.7500	0.9017	0.5000	2.2236	0.3611	2.3741	0.3889	1.1291	0.6944		0.5714
1.6882	0.5556	1.1756	0.7500	0.6393	0.7222	0.9373	0.5000	2.3241	0.2778	2.4761	0.4167	1.1006	0.7222		0.5635
1.6942	0.5278	1.2102	0.7500	0.6252	0.7778	1.0691	0.4444	2.3759	0.2778	2.6100	0.3611	1.1325	0.6667		0.5437
1.6874	0.5000	1.2470	0.7500	0.6059	0.7222	1.0539	0.4167	2.5049	0.2778	2.5845	0.3611	1.1264	0.6944		0.5317
fc7_rbf_accuracy:0.5714

prob
Giang		Hai  		Long 		Minh 		Thuan		Thuy 		Tuyen		Final accuracy
loss	acc 	loss	acc 	loss	acc 	loss	acc 	loss	acc 	loss	acc 	loss	acc 	
1.6428	0.3889	1.0156	0.6944	1.0616	0.5000	1.4614	0.5000	2.4997	0.1111	1.7598	0.4722	1.2591	0.5833		0.4643
1.4706	0.4722	1.0797	0.6944	0.5639	0.6944	1.2254	0.5000	2.6462	0.1667	1.9969	0.4444	1.0064	0.7500		0.5317
1.2822	0.6111	0.7030	0.7778	0.6121	0.6944	1.2600	0.4167	2.5716	0.3056	2.1433	0.3889	1.0926	0.7222		0.5595
1.6681	0.5278	1.0332	0.7222	0.7038	0.7222	1.2659	0.5000	2.4151	0.2778	2.8255	0.4444	1.2078	0.6667		0.5516
1.5715	0.5278	1.4774	0.6389	0.7256	0.7222	1.1826	0.4722	2.7272	0.1389	3.1409	0.4444	1.1572	0.6944		0.5198
1.6713	0.5833	1.2366	0.6944	0.7406	0.7778	1.1991	0.4722	2.7298	0.2778	3.0726	0.4444	1.1926	0.6944		0.5635
prob_accuracy:0.5635

