output/result_backup/table_30Jan2019_original_12gestures/K3_K4_2019-02-05_10.16

fc6_linear
Giang		Hai  		Long 		Minh 		Thuan		Thuy 		Tuyen		Final accuracy
loss	acc 	loss	acc 	loss	acc 	loss	acc 	loss	acc 	loss	acc 	loss	acc 	
4.5630	0.2500	4.9951	0.1667	4.3840	0.1111	4.0124	0.1667	5.8190	0.1111	3.7913	0.3056	6.6209	0.1111		0.1746
2.9740	0.2500	4.6038	0.1944	3.4731	0.2500	4.0282	0.1667	4.3203	0.0833	3.4826	0.2500	3.9381	0.2778		0.2103
2.6241	0.3333	4.2500	0.0833	2.8551	0.1667	4.2172	0.0833	3.9440	0.0833	3.4413	0.2500	4.1396	0.2222		0.1746
3.4857	0.2222	3.5313	0.1111	3.4887	0.3333	4.1272	0.1389	3.8097	0.0833	3.3493	0.3333	3.9237	0.2500		0.2103
2.9831	0.3056	3.7328	0.0833	3.1708	0.2500	3.4849	0.1389	3.8889	0.1111	3.5081	0.3056	4.2225	0.1667		0.1944
3.0074	0.3056	3.7545	0.0833	3.2045	0.1667	3.7472	0.0833	4.0587	0.1111	3.6236	0.2778	4.4491	0.1667		0.1706
fc6_linear_accuracy:0.2500

fc6_rbf
Giang		Hai  		Long 		Minh 		Thuan		Thuy 		Tuyen		Final accuracy
loss	acc 	loss	acc 	loss	acc 	loss	acc 	loss	acc 	loss	acc 	loss	acc 	
3.4952	0.1944	4.4137	0.1667	3.9509	0.1667	4.4547	0.1667	4.7491	0.0833	3.9195	0.1944	4.7213	0.3056		0.1825
2.5480	0.3056	3.8562	0.2222	2.9582	0.2500	3.7480	0.0833	3.6353	0.0833	3.0501	0.3611	3.5786	0.2500		0.2222
2.5776	0.2222	3.2220	0.0833	2.5194	0.1667	3.2156	0.1667	3.1569	0.1667	2.9630	0.3333	3.2949	0.2222		0.1944
2.7781	0.2778	2.8281	0.1389	2.7974	0.1667	3.4676	0.0833	3.1821	0.1667	2.7372	0.4167	3.1949	0.1944		0.2063
2.4341	0.2500	2.9046	0.1111	2.5727	0.2500	2.9692	0.1944	3.2926	0.1667	2.8156	0.3611	3.4400	0.1111		0.2063
2.4862	0.3056	2.8798	0.1667	2.5861	0.1944	2.8593	0.2222	3.3302	0.1389	2.7926	0.3889	3.4209	0.0833		0.2143
fc6_rbf_accuracy:0.2698

fc7_linear
Giang		Hai  		Long 		Minh 		Thuan		Thuy 		Tuyen		Final accuracy
loss	acc 	loss	acc 	loss	acc 	loss	acc 	loss	acc 	loss	acc 	loss	acc 	
4.5864	0.1667	4.8930	0.0556	4.8744	0.1389	4.2797	0.1111	5.3222	0.0833	3.7148	0.2222	5.1941	0.3333		0.1587
3.2372	0.3611	4.2596	0.0833	3.4950	0.1667	4.2822	0.1667	3.8075	0.0556	3.6094	0.2778	4.4594	0.2778		0.1984
2.6534	0.2778	4.0348	0.0833	3.1426	0.1389	3.9406	0.1389	3.4939	0.0556	3.4180	0.1667	4.3917	0.1389		0.1429
2.9519	0.2500	3.5390	0.1111	3.3042	0.1111	3.8969	0.1111	3.6959	0.0833	3.4166	0.3056	3.9288	0.1389		0.1587
2.7172	0.3056	3.5477	0.0833	3.0947	0.1667	3.7427	0.1667	3.7125	0.0833	3.0943	0.2778	3.6236	0.1944		0.1825
2.7261	0.3056	3.5801	0.0833	2.9747	0.0833	3.5294	0.1111	3.7687	0.0833	3.2612	0.2222	4.0779	0.1667		0.1508
fc7_linear_accuracy:0.2183

fc7_rbf
Giang		Hai  		Long 		Minh 		Thuan		Thuy 		Tuyen		Final accuracy
loss	acc 	loss	acc 	loss	acc 	loss	acc 	loss	acc 	loss	acc 	loss	acc 	
3.9561	0.1389	3.6073	0.0833	3.6073	0.1944	4.4235	0.1111	3.8131	0.0833	3.5687	0.2222	3.7541	0.3611		0.1706
2.7819	0.3056	3.5809	0.2222	2.9389	0.1944	3.7664	0.1667	3.1013	0.1111	3.0975	0.2778	3.9501	0.3056		0.2262
2.5150	0.2778	3.0211	0.0833	2.7631	0.1667	3.4103	0.1667	3.0806	0.0833	2.8340	0.3056	3.4668	0.1389		0.1746
2.9368	0.2222	2.6167	0.2222	2.8137	0.1111	3.3459	0.1389	3.2140	0.1667	2.9153	0.4167	3.2850	0.2500		0.2183
2.4579	0.3333	2.8958	0.1111	2.8038	0.1111	3.0229	0.2222	3.2936	0.1389	2.6530	0.3889	3.3249	0.1111		0.2024
2.5388	0.2778	2.9782	0.0833	2.7604	0.1111	2.9710	0.1667	3.2165	0.1667	2.7629	0.3333	3.4141	0.0833		0.1746
fc7_rbf_accuracy:0.2738

prob
Giang		Hai  		Long 		Minh 		Thuan		Thuy 		Tuyen		Final accuracy
loss	acc 	loss	acc 	loss	acc 	loss	acc 	loss	acc 	loss	acc 	loss	acc 	
2.7856	0.1389	2.6538	0.1111	2.7245	0.1111	2.9141	0.1667	3.0522	0.0833	3.0234	0.0833	2.8520	0.1667		0.1230
2.1810	0.1389	2.6944	0.1111	4.4837	0.0833	3.3818	0.0833	3.8142	0.1111	3.6219	0.0833	4.2036	0.0833		0.0992
3.0065	0.1667	3.2923	0.0833	3.6327	0.1389	4.5482	0.0833	4.6085	0.0833	2.9617	0.2500	3.9266	0.1667		0.1389
3.5379	0.1667	2.5567	0.1944	4.8162	0.1667	5.8445	0.1667	3.5577	0.0833	3.3055	0.1111	4.3332	0.2222		0.1587
4.0173	0.1667	4.7141	0.1111	3.9516	0.0833	4.8720	0.1111	5.9373	0.1111	4.7692	0.2222	4.5642	0.2222		0.1468
3.0848	0.1667	5.1888	0.0833	3.9931	0.0833	5.3264	0.0833	5.9336	0.0833	4.2498	0.2778	4.4249	0.2222		0.1429
prob_accuracy:0.1865

