output/result_backup/table_30Jan2019_original_12gestures/K3_K2_2019-02-05_08.30

fc6_linear
Giang		Hai  		Long 		Minh 		Thuan		Thuy 		Tuyen		Final accuracy
loss	acc 	loss	acc 	loss	acc 	loss	acc 	loss	acc 	loss	acc 	loss	acc 	
5.8518	0.0833	5.4738	0.2222	2.8411	0.3333	3.5669	0.2778	4.0881	0.1667	6.2889	0.0833	3.0618	0.4167		0.2262
5.1560	0.0278	5.0137	0.2500	3.0329	0.3889	3.1042	0.3333	2.9658	0.3333	4.7794	0.1944	2.2118	0.4167		0.2778
4.1889	0.0556	4.4700	0.2500	2.8007	0.3889	2.9836	0.3889	2.8486	0.2778	3.4180	0.2500	2.3501	0.3611		0.2817
4.2557	0.0833	4.4752	0.2500	2.1987	0.3611	2.5444	0.3333	2.6419	0.3056	3.8103	0.2222	1.9143	0.3611		0.2738
4.2950	0.1389	3.3092	0.2778	2.2587	0.4167	2.7869	0.3611	2.7950	0.2222	4.1162	0.2500	1.7496	0.4444		0.3016
3.7940	0.1667	3.3783	0.2778	2.5429	0.3333	2.9058	0.3333	2.5272	0.2222	3.1788	0.1667	1.6712	0.3333		0.2619
fc6_linear_accuracy:0.3254

fc6_rbf
Giang		Hai  		Long 		Minh 		Thuan		Thuy 		Tuyen		Final accuracy
loss	acc 	loss	acc 	loss	acc 	loss	acc 	loss	acc 	loss	acc 	loss	acc 	
5.0260	0.0833	3.9185	0.1389	2.5305	0.2778	3.2383	0.3056	3.6062	0.1667	4.4246	0.0833	2.8298	0.1389		0.1706
3.6714	0.0833	2.9273	0.2222	2.1878	0.4167	2.5855	0.3333	2.3773	0.2222	3.7153	0.1944	2.0065	0.3333		0.2579
3.6137	0.0556	2.5987	0.1667	2.3471	0.3611	2.1395	0.3333	2.2719	0.3056	2.9390	0.2500	1.9812	0.3333		0.2579
3.3435	0.0833	2.7369	0.2222	1.9086	0.5556	2.2247	0.4444	2.1860	0.3611	3.2360	0.2222	1.9588	0.4167		0.3294
3.6297	0.0833	2.5984	0.2500	1.8817	0.4722	2.1353	0.3889	2.2083	0.2778	3.1337	0.2500	1.8019	0.4167		0.3056
3.5352	0.0833	2.6700	0.2500	1.9565	0.4722	2.3023	0.3056	2.1526	0.2500	3.0255	0.2500	1.7788	0.3611		0.2817
fc6_rbf_accuracy:0.3373

fc7_linear
Giang		Hai  		Long 		Minh 		Thuan		Thuy 		Tuyen		Final accuracy
loss	acc 	loss	acc 	loss	acc 	loss	acc 	loss	acc 	loss	acc 	loss	acc 	
5.1468	0.0833	5.8181	0.0833	2.6493	0.3333	3.0104	0.3056	4.3605	0.1667	5.3944	0.1111	3.9897	0.1389		0.1746
4.2450	0.0556	4.6033	0.1667	2.8770	0.4167	2.9472	0.2778	2.6591	0.3333	4.4324	0.1944	1.9776	0.4722		0.2738
3.6582	0.0833	3.8812	0.1944	2.6953	0.2778	2.6135	0.3056	2.8778	0.2500	3.6945	0.2222	2.4802	0.2778		0.2302
3.8793	0.0833	3.9693	0.2222	2.2354	0.3333	3.2911	0.3889	2.8372	0.2222	3.8080	0.1667	2.1468	0.3889		0.2579
3.4888	0.0833	3.1451	0.2222	2.2774	0.3056	2.5639	0.3333	2.1900	0.2222	4.0611	0.2500	1.7814	0.5000		0.2738
3.5745	0.0833	3.0657	0.2500	2.2091	0.3333	2.9331	0.2500	2.1881	0.2778	3.4887	0.2500	1.7686	0.3889		0.2619
fc7_linear_accuracy:0.3175

fc7_rbf
Giang		Hai  		Long 		Minh 		Thuan		Thuy 		Tuyen		Final accuracy
loss	acc 	loss	acc 	loss	acc 	loss	acc 	loss	acc 	loss	acc 	loss	acc 	
4.6479	0.0833	3.9261	0.1667	2.2547	0.4444	2.9289	0.3611	3.3699	0.1667	4.4695	0.1944	3.0143	0.1944		0.2302
3.5818	0.0833	2.6827	0.1944	2.3473	0.3889	2.5599	0.2222	2.1095	0.2500	3.0575	0.3056	1.8620	0.3333		0.2540
3.3515	0.0833	2.4270	0.1944	2.2285	0.3889	2.1864	0.2500	2.0450	0.3611	2.7822	0.2500	1.9531	0.2778		0.2579
3.1917	0.0833	2.5279	0.2222	1.7510	0.3889	2.9076	0.1667	2.2396	0.4167	2.9458	0.2500	1.8943	0.3611		0.2698
3.4488	0.0833	2.4732	0.3056	1.8673	0.3611	2.0678	0.3333	2.0753	0.3333	2.9182	0.2500	1.7393	0.5278		0.3135
3.3983	0.0833	2.2355	0.3611	2.0240	0.3611	2.5809	0.2222	2.0812	0.3889	2.8940	0.2500	1.7565	0.4722		0.3056
fc7_rbf_accuracy:0.3571

prob
Giang		Hai  		Long 		Minh 		Thuan		Thuy 		Tuyen		Final accuracy
loss	acc 	loss	acc 	loss	acc 	loss	acc 	loss	acc 	loss	acc 	loss	acc 	
3.0273	0.0833	2.4209	0.1389	2.5544	0.2222	2.5537	0.1944	2.4630	0.1667	2.5983	0.1667	2.6102	0.2500		0.1746
2.7863	0.0833	2.4132	0.1667	2.6715	0.2500	2.3800	0.1667	2.6077	0.2500	2.4910	0.2500	2.2154	0.1667		0.1905
3.6855	0.0833	2.8165	0.2500	1.9924	0.2778	2.3560	0.2778	2.2219	0.3056	4.2835	0.2222	2.1849	0.2222		0.2341
3.3834	0.0833	2.8388	0.2222	2.0080	0.2222	2.1280	0.3333	2.3371	0.2500	3.2359	0.1944	2.0040	0.3889		0.2421
4.4872	0.0833	3.1080	0.2500	2.7135	0.1667	2.8764	0.2500	2.4893	0.3056	3.5735	0.1667	1.6084	0.4444		0.2381
3.7068	0.0833	2.4317	0.2778	2.3869	0.1667	2.2017	0.2778	2.1563	0.3611	3.8259	0.1667	1.5642	0.4444		0.2540
prob_accuracy:0.2897

