output/result_backup/table_30Jan2019_original_12gestures/K4_K3_2019-01-30_02.40

fc6_linear
Giang		Hai  		Long 		Minh 		Thuan		Thuy 		Tuyen		Final accuracy
loss	acc 	loss	acc 	loss	acc 	loss	acc 	loss	acc 	loss	acc 	loss	acc 	
5.1305	0.0833	5.5382	0.0833	3.9570	0.1944	3.5145	0.3056	3.5926	0.1111	3.9027	0.2222	4.2522	0.2500		0.1786
4.4601	0.1667	4.8606	0.2500	3.8633	0.1667	2.8145	0.2222	3.3478	0.1944	3.7459	0.2500	4.8009	0.1389		0.1984
4.2431	0.1667	4.5594	0.1944	3.6751	0.2500	3.2840	0.2778	3.0591	0.1667	3.8401	0.2500	2.9009	0.2222		0.2183
4.4930	0.0833	4.3861	0.1944	3.6109	0.2500	2.9854	0.2778	2.8034	0.1944	3.6120	0.2500	3.1201	0.2778		0.2183
3.5579	0.1944	4.0838	0.2500	3.2228	0.1667	3.1230	0.2500	2.8844	0.1944	3.6473	0.2222	3.3690	0.3611		0.2341
3.6338	0.2222	4.0182	0.2500	3.2143	0.2778	3.2517	0.2500	2.9346	0.1944	3.6286	0.1944	4.7715	0.1389		0.2183
fc6_linear_accuracy:0.2659

fc6_rbf
Giang		Hai  		Long 		Minh 		Thuan		Thuy 		Tuyen		Final accuracy
loss	acc 	loss	acc 	loss	acc 	loss	acc 	loss	acc 	loss	acc 	loss	acc 	
4.3226	0.1111	4.2114	0.0833	3.3023	0.2222	3.1232	0.2500	3.1954	0.1667	3.8316	0.0833	3.3617	0.1667		0.1548
3.8067	0.2778	4.7736	0.1111	3.3799	0.1944	2.9237	0.2222	3.2184	0.0833	3.3947	0.2222	3.9209	0.0833		0.1706
3.4862	0.1111	3.9344	0.1111	3.3359	0.2222	2.8305	0.3611	3.0653	0.0833	3.8488	0.0833	2.7047	0.2222		0.1706
4.4665	0.1111	4.0945	0.1111	3.3358	0.1944	2.8922	0.1667	4.5866	0.0833	3.7537	0.1667	2.9376	0.2500		0.1548
3.3438	0.1111	3.7613	0.1111	3.2386	0.1944	2.9312	0.1667	4.1027	0.1111	3.7796	0.1667	4.1123	0.1389		0.1429
3.4930	0.0833	3.6234	0.1944	3.1459	0.2222	4.0244	0.0833	3.0389	0.1111	3.8808	0.1667	4.3193	0.0833		0.1349
fc6_rbf_accuracy:0.2421

fc7_linear
Giang		Hai  		Long 		Minh 		Thuan		Thuy 		Tuyen		Final accuracy
loss	acc 	loss	acc 	loss	acc 	loss	acc 	loss	acc 	loss	acc 	loss	acc 	
4.5740	0.1667	4.5758	0.1667	3.0704	0.2500	3.0833	0.2778	2.8784	0.1667	4.4700	0.1944	3.9449	0.1944		0.2024
3.9219	0.1667	4.2083	0.2222	3.4758	0.1944	2.6945	0.3333	2.7864	0.1667	3.5917	0.2500	2.8639	0.2500		0.2262
3.5849	0.1389	3.8134	0.2500	2.8105	0.2778	2.9901	0.2222	2.9481	0.1667	3.2648	0.3333	2.4284	0.1944		0.2262
3.5613	0.1667	3.6843	0.2222	2.8298	0.3333	2.7456	0.2500	2.6902	0.1944	3.2693	0.3611	2.5692	0.1944		0.2460
3.1273	0.2500	3.4369	0.2222	2.7097	0.2778	2.6238	0.3333	2.5690	0.1667	3.1209	0.2778	2.3748	0.1944		0.2460
3.2289	0.2222	3.4799	0.3333	2.8393	0.2778	2.7430	0.3333	2.6983	0.1944	3.2053	0.2778	2.4089	0.1944		0.2619
fc7_linear_accuracy:0.2937

fc7_rbf
Giang		Hai  		Long 		Minh 		Thuan		Thuy 		Tuyen		Final accuracy
loss	acc 	loss	acc 	loss	acc 	loss	acc 	loss	acc 	loss	acc 	loss	acc 	
3.3902	0.1389	3.6514	0.1667	3.0797	0.1667	2.9535	0.2500	2.7047	0.1389	3.3935	0.2500	3.0387	0.1389		0.1786
3.7675	0.1667	3.8206	0.1389	3.4239	0.2222	2.8800	0.3056	2.7396	0.1667	3.1083	0.3889	2.7375	0.1667		0.2222
3.5113	0.1944	3.4792	0.1667	2.8895	0.2778	3.0121	0.2500	2.9401	0.1667	3.1251	0.2500	2.3845	0.1667		0.2103
3.4971	0.1944	3.7239	0.1667	2.9742	0.3056	2.9201	0.3333	2.7438	0.1667	3.3482	0.3611	2.6063	0.1667		0.2421
3.0745	0.2222	3.5254	0.1944	2.8208	0.2778	2.8827	0.3333	2.8017	0.1389	3.1571	0.3056	2.5859	0.1667		0.2341
3.2130	0.3333	3.5267	0.1944	2.8958	0.2778	2.9023	0.3056	2.8173	0.1389	3.2608	0.2778	2.7021	0.1944		0.2460
fc7_rbf_accuracy:0.2738

prob
Giang		Hai  		Long 		Minh 		Thuan		Thuy 		Tuyen		Final accuracy
loss	acc 	loss	acc 	loss	acc 	loss	acc 	loss	acc 	loss	acc 	loss	acc 	
2.4475	0.3333	2.4905	0.2500	2.6432	0.1111	2.5574	0.2778	3.0548	0.0833	2.8263	0.1111	2.5124	0.1111		0.1825
2.5407	0.3056	2.6749	0.1667	2.5760	0.3056	2.7567	0.3056	3.0980	0.1667	3.1440	0.1944	2.9148	0.0833		0.2183
2.9546	0.2778	3.1492	0.1111	3.0854	0.1389	3.3572	0.2222	3.1039	0.0833	3.4122	0.2222	2.9924	0.1111		0.1667
3.2520	0.3333	3.1991	0.1111	3.0842	0.1111	3.3875	0.2500	3.3361	0.1667	3.6156	0.2222	3.2191	0.0833		0.1825
3.4114	0.3056	3.8158	0.0833	3.4225	0.1389	3.5392	0.2778	3.7442	0.0833	4.1815	0.1111	3.6844	0.0833		0.1548
3.3342	0.3056	3.5776	0.1111	3.1759	0.1944	3.3464	0.2500	3.5618	0.1111	4.1394	0.0833	3.2654	0.1111		0.1667
prob_accuracy:0.2421

