    90      0      0      0      0      0      0      0      0      0      0      0
     0     86      0      0      0      0      0      1      2      1      0      0
     0      0     90      0      0      0      0      0      0      0      0      0
     0      0      0     75      0      0      0      0      0      0     15      0
     0      0      0      0     70      0      0      0      0      0      0     20
     0      0      0      0      0     90      0      0      0      0      0      0
     0      0      0      0      0      0     90      0      0      0      0      0
     0      0      0      0      0      0      0     90      0      0      0      0
     0      3      0      0      0      0      0      0     87      0      0      0
     0      4      0      0      0      0      0      0      1     85      0      0
     0      0      0      7      0      0      0      0      0      0     78      5
     0      0      0      0     10      0      0      0      0      0      0     80
