    90      0      0      0      0      0      0      0      0      0      0      0
     0     50      0      0      0      0      0      2      5     33      0      0
     0      0     90      0      0      0      0      0      0      0      0      0
     0      0      0     20      0      0      0      0      0      0     70      0
     0      0      0      0     84      0      0      0      0      0      0      6
     0      0      0      0      0     86      4      0      0      0      0      0
     0      0      0      0      0      0     90      0      0      0      0      0
     0      0      0      0      0      0      0     83      0      7      0      0
     0      0      0      0      0      0      0      0     87      3      0      0
     0      0      0      0      0      0      0      0      0     90      0      0
     0      0      0      0      0      0      0      0      0      0     88      2
     0      0      0      0     34      0      0      0      0      0      0     56
