    18      0      0      0      0      0      0      0      0      0      0      0
     0     13      0      1      0      0      0      0      0      4      0      0
     0      0     18      0      0      0      0      0      0      0      0      0
     0      0      0      6      3      0      0      0      0      0      8      1
     0      0      0      0      7      0      0      0      0      0      0     11
     0      0      0      0      0     18      0      0      0      0      0      0
     0      0      0      0      0      2     16      0      0      0      0      0
     0      2      0      0      0      0      0     13      0      3      0      0
     0      1      0      0      0      0      0      0     14      3      0      0
     0      1      0      0      0      0      0      0      0     17      0      0
     0      0      0      1      1      0      0      0      0      0     15      1
     0      0      0      0      3      0      0      0      0      0      0     15
