output/experiments/K1_K1_25-01-2019_01.12.38

fc6_linear
Binh 		Giang		Hung 		Tan  		Thuan		Final accuracy
loss	acc 	loss	acc 	loss	acc 	loss	acc 	loss	acc 	
1.9110	0.5929	2.3345	0.5333	0.3858	0.9226	0.6540	0.8286	0.5452	0.8417		0.7438
1.6531	0.6214	1.7380	0.5714	0.2753	0.9419	0.3041	0.9048	0.2037	0.9667		0.8012
1.4800	0.6643	1.5912	0.6571	0.2604	0.9419	0.2729	0.9048	0.1809	0.9417		0.8220
1.3994	0.6643	1.5598	0.6381	0.2724	0.9355	0.2323	0.9143	0.1603	0.9667		0.8238
1.3333	0.6571	1.5349	0.6952	0.2776	0.9484	0.2197	0.9238	0.1626	0.9667		0.8382
1.3629	0.6571	1.5464	0.6286	0.2689	0.9484	0.2141	0.9238	0.1600	0.9667		0.8249
1.3456	0.6571	1.8745	0.5905	0.2703	0.9484	0.2116	0.9238	0.1601	0.9667		0.8173
fc6_linear_accuracy:0.8382

fc6_rbf
Binh 		Giang		Hung 		Tan  		Thuan		Final accuracy
loss	acc 	loss	acc 	loss	acc 	loss	acc 	loss	acc 	
0.9762	0.7357	2.1275	0.5048	0.2711	0.9290	0.3755	0.8381	0.4146	0.8500		0.7715
0.9604	0.7357	1.7893	0.6571	0.2382	0.9484	0.2974	0.9048	0.2965	0.9250		0.8342
0.9507	0.7286	1.6927	0.6952	0.2429	0.9419	0.2836	0.9048	0.2737	0.9167		0.8374
0.8698	0.7500	1.5881	0.6762	0.2483	0.9419	0.2767	0.9238	0.2627	0.9417		0.8467
0.8841	0.7286	1.6107	0.6857	0.2518	0.9419	0.2571	0.9048	0.2433	0.9583		0.8439
0.8773	0.7357	1.6289	0.6095	0.2503	0.9419	0.2597	0.9048	0.2420	0.9583		0.8301
0.8891	0.7357	2.1598	0.5429	0.2519	0.9419	0.2604	0.9048	0.2411	0.9500		0.8151
fc6_rbf_accuracy:0.8467

fc7_linear
Binh 		Giang		Hung 		Tan  		Thuan		Final accuracy
loss	acc 	loss	acc 	loss	acc 	loss	acc 	loss	acc 	
0.8947	0.7214	1.7579	0.6667	0.1820	0.9419	0.5464	0.8381	0.3936	0.9250		0.8186
0.7575	0.7429	1.2325	0.7810	0.1185	0.9548	0.2487	0.9429	0.2030	0.9667		0.8776
0.7370	0.7357	1.1999	0.7905	0.1068	0.9613	0.2249	0.9429	0.1933	0.9667		0.8794
0.6618	0.7571	1.1477	0.8000	0.1021	0.9677	0.1831	0.9429	0.1817	0.9667		0.8869
0.6977	0.7429	1.1315	0.8000	0.0964	0.9742	0.2069	0.9429	0.1799	0.9750		0.8870
0.6844	0.7500	1.1387	0.8000	0.0982	0.9742	0.2074	0.9429	0.1798	0.9667		0.8867
0.6926	0.7429	1.1300	0.8000	0.0978	0.9742	0.2069	0.9429	0.1764	0.9667		0.8853
fc7_linear_accuracy:0.8870

fc7_rbf
Binh 		Giang		Hung 		Tan  		Thuan		Final accuracy
loss	acc 	loss	acc 	loss	acc 	loss	acc 	loss	acc 	
0.7779	0.7500	1.8705	0.6095	0.1108	0.9613	0.3693	0.8762	0.3426	0.8917		0.8177
0.7945	0.7357	1.2938	0.7905	0.0878	0.9677	0.2459	0.9333	0.2191	0.9417		0.8738
0.7398	0.7500	1.2729	0.7905	0.0821	0.9742	0.2041	0.9429	0.1982	0.9417		0.8798
0.7076	0.7571	1.2069	0.8000	0.0825	0.9742	0.1643	0.9429	0.1914	0.9333		0.8815
0.7265	0.7429	1.1912	0.8000	0.0817	0.9742	0.1899	0.9429	0.1782	0.9667		0.8853
0.7278	0.7429	1.1771	0.8000	0.0838	0.9677	0.1924	0.9429	0.1780	0.9667		0.8840
0.7293	0.7500	1.1877	0.8000	0.0830	0.9677	0.1895	0.9429	0.1773	0.9583		0.8838
fc7_rbf_accuracy:0.8853

prob
Binh 		Giang		Hung 		Tan  		Thuan		Final accuracy
loss	acc 	loss	acc 	loss	acc 	loss	acc 	loss	acc 	
0.7508	0.6929	1.5916	0.5333	0.2907	0.9419	0.5682	0.8095	0.4293	0.8667		0.7689
0.9603	0.6214	1.8182	0.6000	0.1341	0.9613	0.1995	0.9238	0.2283	0.9250		0.8063
0.7514	0.6643	1.7454	0.6286	0.1245	0.9613	0.1825	0.9143	0.2559	0.8833		0.8104
0.8148	0.6214	1.5411	0.6952	0.1076	0.9613	0.1655	0.9333	0.2083	0.9000		0.8223
1.0585	0.6143	1.7951	0.6286	0.1031	0.9613	0.1860	0.9143	0.1926	0.9417		0.8120
0.9521	0.6214	1.7589	0.6286	0.1198	0.9613	0.1956	0.9238	0.1726	0.9500		0.8170
0.9308	0.6286	1.7242	0.6381	0.1189	0.9613	0.2050	0.9143	0.1687	0.9583		0.8201
prob_accuracy:0.8223

