output/result_backup/table_2019_02_12_original_pre_3_12gestures_fc6_1024_fc7_1024_from_pretrained/K1_K2_2019-02-09_02.37

fc6_linear
Giang		Hai  		Long 		Minh 		Thuan		Thuy 		Tuyen		Final accuracy
loss	acc 	loss	acc 	loss	acc 	loss	acc 	loss	acc 	loss	acc 	loss	acc 	
6.1171	0.0833	8.0934	0.0833	5.7624	0.0833	5.8156	0.0833	6.6419	0.0833	6.6520	0.1667	7.7773	0.0833		0.0952
5.3327	0.0833	5.8817	0.1389	5.8526	0.0000	4.8698	0.0833	5.8575	0.1389	6.2431	0.0833	6.9207	0.0833		0.0873
5.3256	0.1667	6.5135	0.1111	4.8276	0.0833	4.5710	0.0833	4.5287	0.1389	5.5317	0.2500	6.3622	0.0833		0.1310
4.3448	0.0833	5.6346	0.0833	4.8943	0.0833	3.9903	0.0833	4.8906	0.2222	5.1268	0.0833	5.4535	0.0556		0.0992
4.2888	0.0833	4.9856	0.1667	4.6438	0.0833	3.7738	0.0833	4.5865	0.0833	4.8878	0.0833	5.2019	0.0556		0.0913
4.1071	0.0833	4.5412	0.0833	4.6424	0.0833	3.5541	0.0833	4.4929	0.0833	5.2624	0.0833	5.4081	0.0833		0.0833
fc6_linear_accuracy:0.1508

fc6_rbf
Giang		Hai  		Long 		Minh 		Thuan		Thuy 		Tuyen		Final accuracy
loss	acc 	loss	acc 	loss	acc 	loss	acc 	loss	acc 	loss	acc 	loss	acc 	
4.2693	0.0833	4.7609	0.1111	4.3822	0.1111	4.4107	0.0833	4.3438	0.0833	5.5626	0.1111	5.3437	0.0833		0.0952
4.3040	0.0833	5.0621	0.0556	4.4140	0.0556	4.1886	0.0833	3.9879	0.1667	4.2666	0.0833	4.7918	0.0833		0.0873
4.1644	0.0833	5.6700	0.0556	4.8336	0.0556	4.0700	0.0833	3.6825	0.1389	4.3760	0.0833	5.1562	0.1389		0.0913
4.2061	0.0833	5.7487	0.0556	4.1446	0.0833	4.0377	0.0833	3.9976	0.0833	4.2683	0.0833	4.9203	0.0833		0.0794
4.8616	0.0833	5.7053	0.0556	3.9600	0.0833	4.6038	0.0833	4.2927	0.0833	4.6238	0.1111	4.3913	0.0833		0.0833
4.3387	0.1111	5.6125	0.1111	4.1652	0.1111	3.7727	0.0833	4.1646	0.0833	4.4051	0.0833	4.5504	0.0833		0.0952
fc6_rbf_accuracy:0.1190

fc7_linear
Giang		Hai  		Long 		Minh 		Thuan		Thuy 		Tuyen		Final accuracy
loss	acc 	loss	acc 	loss	acc 	loss	acc 	loss	acc 	loss	acc 	loss	acc 	
5.7555	0.0833	6.1079	0.1667	5.4034	0.1667	4.5746	0.2500	5.3916	0.1944	5.4032	0.2222	5.3392	0.1667		0.1786
5.6305	0.1389	5.2932	0.1667	5.5263	0.1944	5.2211	0.0833	4.4635	0.1667	5.4749	0.2500	4.4060	0.1944		0.1706
5.0164	0.1389	5.7995	0.1667	5.4153	0.1389	4.3714	0.1667	3.4838	0.1944	4.9571	0.1389	4.0962	0.1667		0.1587
4.4621	0.1111	5.0116	0.1944	4.7667	0.1389	3.6511	0.1667	3.5007	0.1944	4.3026	0.2222	3.6066	0.1389		0.1667
4.1380	0.0833	4.5018	0.1667	4.6847	0.1667	3.2672	0.1667	3.0834	0.1667	3.8894	0.2500	3.6780	0.1389		0.1627
3.7160	0.1111	4.1074	0.2222	4.5021	0.1667	3.2810	0.1667	3.0145	0.1944	4.1270	0.2500	3.5530	0.1389		0.1786
fc7_linear_accuracy:0.2063

fc7_rbf
Giang		Hai  		Long 		Minh 		Thuan		Thuy 		Tuyen		Final accuracy
loss	acc 	loss	acc 	loss	acc 	loss	acc 	loss	acc 	loss	acc 	loss	acc 	
3.4833	0.1111	3.4967	0.1944	3.5077	0.1667	3.5389	0.2500	3.6167	0.2222	3.8981	0.1944	3.4709	0.1389		0.1825
3.9029	0.0833	3.9357	0.2500	3.9507	0.1667	3.6829	0.2500	3.1627	0.1944	3.3560	0.2500	3.4940	0.0833		0.1825
4.1667	0.1111	4.0961	0.2500	3.6761	0.1944	3.7134	0.2500	3.4541	0.1944	4.4458	0.2500	3.4247	0.0833		0.1905
4.4932	0.0833	4.2115	0.1389	3.9182	0.2222	3.7509	0.1667	3.1979	0.2222	3.8245	0.2500	3.6510	0.1389		0.1746
4.3233	0.1111	4.4746	0.1389	4.2790	0.2222	3.3313	0.2500	3.2379	0.1667	3.8608	0.2500	3.8709	0.1111		0.1786
3.9159	0.1111	4.0873	0.1667	3.9844	0.2222	3.3972	0.2500	3.2476	0.1389	4.2025	0.2500	3.6792	0.1111		0.1786
fc7_rbf_accuracy:0.2063

prob
Giang		Hai  		Long 		Minh 		Thuan		Thuy 		Tuyen		Final accuracy
loss	acc 	loss	acc 	loss	acc 	loss	acc 	loss	acc 	loss	acc 	loss	acc 	
2.3272	0.1667	2.4548	0.1944	2.3157	0.1667	2.4242	0.1667	2.3963	0.2222	2.4871	0.1667	2.3016	0.1667		0.1786
2.6897	0.1667	2.7977	0.1667	2.6813	0.2222	2.5404	0.1944	2.8024	0.1667	2.6152	0.1667	2.2831	0.0833		0.1667
2.6002	0.1389	3.3901	0.1667	2.6088	0.2778	2.5284	0.1667	2.5623	0.1944	2.4633	0.1667	2.2653	0.2500		0.1944
2.6663	0.1667	3.3590	0.1667	2.9808	0.2222	2.6323	0.1667	2.6008	0.1667	2.7729	0.2778	2.4717	0.2500		0.2024
2.9886	0.1111	3.6655	0.1667	2.9497	0.1944	2.5049	0.1667	2.7653	0.1667	3.0494	0.2778	2.4161	0.2222		0.1865
2.9008	0.1389	3.9091	0.1667	3.1153	0.1944	2.4703	0.1667	2.7628	0.1667	2.9155	0.2778	2.4084	0.2500		0.1944
prob_accuracy:0.2262

