output/result_backup/table_2019_02_12_original_pre_3_12gestures_fc6_1024_fc7_1024_from_pretrained/K1_K3_2019-02-09_05.22

fc6_linear
Giang		Hai  		Long 		Minh 		Thuan		Thuy 		Tuyen		Final accuracy
loss	acc 	loss	acc 	loss	acc 	loss	acc 	loss	acc 	loss	acc 	loss	acc 	
6.0168	0.0833	7.1784	0.1944	5.2682	0.1667	5.7077	0.0833	6.9305	0.0556	6.2184	0.1111	6.5134	0.1667		0.1230
5.0608	0.0556	5.7390	0.2222	5.9701	0.1944	6.0267	0.0833	6.0803	0.0556	5.5061	0.1111	6.3924	0.1111		0.1190
4.8658	0.1111	5.9108	0.1944	4.9982	0.1389	6.4161	0.0833	5.7536	0.1667	5.6807	0.1389	5.6409	0.1667		0.1429
5.0203	0.1667	5.0078	0.1389	5.0185	0.1667	5.7425	0.1667	5.1817	0.1389	4.8769	0.1111	5.2237	0.1111		0.1429
4.6870	0.1389	4.8061	0.1389	5.1658	0.0000	5.8669	0.1389	4.6297	0.1389	4.5055	0.1389	5.3261	0.0833		0.1111
4.4298	0.1389	5.0875	0.1389	4.5944	0.1111	5.7918	0.1389	4.5829	0.1389	4.6349	0.1389	5.3698	0.0833		0.1270
fc6_linear_accuracy:0.1746

fc6_rbf
Giang		Hai  		Long 		Minh 		Thuan		Thuy 		Tuyen		Final accuracy
loss	acc 	loss	acc 	loss	acc 	loss	acc 	loss	acc 	loss	acc 	loss	acc 	
5.6088	0.0833	4.7110	0.1111	4.5647	0.1944	4.3715	0.0833	4.3409	0.2222	4.5468	0.1389	4.5152	0.0833		0.1310
4.8117	0.1667	4.1788	0.1944	4.2903	0.0833	4.3286	0.1389	4.3877	0.0556	3.9622	0.2222	4.7946	0.0833		0.1349
4.3063	0.2222	5.2765	0.1667	3.7197	0.1667	5.1732	0.1111	3.9648	0.2500	4.5051	0.1667	4.6491	0.0833		0.1667
4.7815	0.2222	4.8366	0.1389	4.4933	0.1389	4.3064	0.0833	4.1031	0.1944	3.8994	0.1944	4.3153	0.1944		0.1667
4.5878	0.1389	4.8061	0.1667	4.2632	0.1389	4.7720	0.0833	4.0720	0.1944	4.0349	0.2222	4.3824	0.1111		0.1508
4.4548	0.1667	4.9188	0.1667	4.3528	0.1389	4.9632	0.0833	4.4519	0.2500	4.1246	0.2222	4.3541	0.0833		0.1587
fc6_rbf_accuracy:0.2024

fc7_linear
Giang		Hai  		Long 		Minh 		Thuan		Thuy 		Tuyen		Final accuracy
loss	acc 	loss	acc 	loss	acc 	loss	acc 	loss	acc 	loss	acc 	loss	acc 	
5.6978	0.1944	6.5746	0.1667	5.6840	0.1667	6.0194	0.1667	7.1975	0.1667	6.5097	0.1389	6.2865	0.1111		0.1587
4.6499	0.1111	5.3864	0.1667	4.6082	0.2222	6.2114	0.1667	5.5742	0.1667	5.4060	0.3611	5.6278	0.1667		0.1944
4.5404	0.2500	5.8010	0.1667	3.8833	0.1944	6.3294	0.1667	5.0637	0.1667	4.7402	0.1111	4.3649	0.1389		0.1706
4.5138	0.1944	4.8134	0.1667	4.3007	0.2222	5.0523	0.1944	4.8816	0.1667	4.2088	0.1944	3.8221	0.2500		0.1984
3.7594	0.1111	4.0434	0.1667	3.8357	0.2222	4.9335	0.1667	4.3090	0.1667	3.8247	0.1389	3.7310	0.2500		0.1746
3.9575	0.1111	4.1339	0.1667	3.7000	0.2222	4.9088	0.1667	3.9469	0.1667	3.7751	0.1667	3.8192	0.1667		0.1667
fc7_linear_accuracy:0.2302

fc7_rbf
Giang		Hai  		Long 		Minh 		Thuan		Thuy 		Tuyen		Final accuracy
loss	acc 	loss	acc 	loss	acc 	loss	acc 	loss	acc 	loss	acc 	loss	acc 	
3.5033	0.2222	3.5332	0.1667	4.0378	0.1667	3.8346	0.2222	4.3041	0.2500	3.9102	0.1944	3.9425	0.2500		0.2103
3.1256	0.2222	3.7629	0.1667	3.6279	0.1944	3.4022	0.1667	3.6173	0.2222	3.7523	0.1667	3.7824	0.2222		0.1944
3.3292	0.1944	4.9551	0.1667	3.1343	0.2222	4.5656	0.1944	4.5093	0.1667	3.7882	0.1389	3.8238	0.1944		0.1825
4.0955	0.1111	4.6871	0.1667	4.0503	0.2222	4.5160	0.1667	4.7811	0.1667	3.8075	0.1111	3.5675	0.2500		0.1706
3.9726	0.1111	4.2181	0.1667	3.8029	0.2222	4.5664	0.1667	4.6554	0.1667	3.7077	0.2222	3.8649	0.1944		0.1786
4.0857	0.1111	4.6221	0.1667	3.6780	0.2222	4.7102	0.1667	4.4367	0.1667	3.7889	0.1944	3.7291	0.2222		0.1786
fc7_rbf_accuracy:0.2222

prob
Giang		Hai  		Long 		Minh 		Thuan		Thuy 		Tuyen		Final accuracy
loss	acc 	loss	acc 	loss	acc 	loss	acc 	loss	acc 	loss	acc 	loss	acc 	
2.2202	0.3333	2.2374	0.1944	2.4953	0.2778	2.3330	0.2778	2.5913	0.1667	2.4066	0.1944	2.5483	0.1111		0.2222
2.5644	0.2222	2.6516	0.1667	2.5980	0.2500	2.6707	0.1667	3.0822	0.1667	2.6614	0.1111	2.7770	0.1667		0.1786
2.6601	0.1667	2.5608	0.1944	3.0312	0.2500	2.8633	0.1944	3.2222	0.1667	2.8488	0.2222	2.6608	0.1389		0.1905
2.6665	0.2222	3.6295	0.1667	3.1352	0.2500	3.1048	0.1667	3.1126	0.1667	3.0504	0.0833	2.9917	0.2222		0.1825
3.6228	0.0833	3.7068	0.1667	3.2113	0.2500	3.3109	0.1944	3.6827	0.1667	3.0836	0.1944	3.0144	0.1944		0.1786
3.6560	0.0833	3.8403	0.1667	3.0536	0.2500	3.3503	0.1944	4.0082	0.1667	3.1147	0.1389	3.0869	0.2222		0.1746
prob_accuracy:0.2421

