output/result_backup/table_2019_02_12_original_pre_3_12gestures_fc6_1024_fc7_1024_from_pretrained/K1_K5_2019-02-09_10.52

fc6_linear
Giang		Hai  		Long 		Minh 		Thuan		Thuy 		Tuyen		Final accuracy
loss	acc 	loss	acc 	loss	acc 	loss	acc 	loss	acc 	loss	acc 	loss	acc 	
7.0066	0.0000	5.7085	0.1389	6.1758	0.0833	4.5299	0.2778	7.2740	0.1667	4.9741	0.1111	6.3825	0.0000		0.1111
5.4199	0.0833	5.3999	0.0833	5.9063	0.1667	4.8701	0.1667	5.4863	0.1389	5.2896	0.1667	6.4376	0.0000		0.1151
5.0313	0.1944	5.5058	0.1389	4.3091	0.1667	5.4584	0.1667	4.9981	0.2500	4.8217	0.1667	5.1368	0.1389		0.1746
5.5060	0.1667	5.0727	0.1389	5.2038	0.1667	4.6568	0.1667	4.8458	0.1389	5.0748	0.1667	4.6696	0.0833		0.1468
4.7149	0.1944	4.3887	0.1944	4.4679	0.1111	4.5824	0.2222	4.7854	0.1389	4.4201	0.1667	4.4351	0.0000		0.1468
5.0000	0.1667	4.5063	0.1944	4.4597	0.1389	4.4834	0.1667	4.4795	0.1667	4.3610	0.1667	4.5197	0.0833		0.1548
fc6_linear_accuracy:0.1984

fc6_rbf
Giang		Hai  		Long 		Minh 		Thuan		Thuy 		Tuyen		Final accuracy
loss	acc 	loss	acc 	loss	acc 	loss	acc 	loss	acc 	loss	acc 	loss	acc 	
4.6469	0.0000	4.1125	0.1944	4.1996	0.0000	3.1506	0.3333	4.6266	0.1944	3.7570	0.2500	4.0968	0.1667		0.1627
3.7340	0.2778	3.9846	0.1944	3.9846	0.1389	3.4997	0.2778	4.1558	0.2500	4.0408	0.1667	3.7948	0.2500		0.2222
4.0253	0.3056	4.5496	0.1111	3.7390	0.1667	4.6964	0.1667	4.0312	0.2500	3.7215	0.1667	5.2746	0.0833		0.1786
4.3210	0.2778	4.2164	0.2222	4.4214	0.1111	3.6697	0.1667	4.0917	0.2500	3.7893	0.1667	4.3493	0.1111		0.1865
4.5756	0.2500	3.9013	0.2222	4.6128	0.1111	3.6889	0.2778	4.3061	0.2500	3.7766	0.1667	4.3293	0.1389		0.2024
4.1117	0.2500	4.3151	0.1944	4.3449	0.1389	3.7408	0.2500	4.3596	0.2500	4.1013	0.1667	4.0271	0.1944		0.2063
fc6_rbf_accuracy:0.2540

fc7_linear
Giang		Hai  		Long 		Minh 		Thuan		Thuy 		Tuyen		Final accuracy
loss	acc 	loss	acc 	loss	acc 	loss	acc 	loss	acc 	loss	acc 	loss	acc 	
5.7549	0.2222	5.7532	0.1389	4.9533	0.0556	6.3317	0.2222	6.7680	0.0833	5.2240	0.1111	6.0582	0.1111		0.1349
4.8559	0.1667	5.5383	0.1944	5.2211	0.2222	5.8864	0.1389	5.8746	0.3056	4.4383	0.2222	5.2125	0.0000		0.1786
5.2534	0.2500	5.2513	0.1944	4.1219	0.2500	5.2403	0.1667	5.0686	0.1944	4.9530	0.1667	5.2902	0.0556		0.1825
4.8351	0.2222	5.0391	0.1389	4.0034	0.2500	4.1593	0.1667	4.4588	0.1944	3.8728	0.2222	4.7541	0.0278		0.1746
4.7781	0.2222	4.2034	0.1944	3.6880	0.2222	4.4010	0.1667	4.3420	0.2222	3.9015	0.1667	4.4320	0.0278		0.1746
4.6351	0.2500	4.3025	0.1944	3.7601	0.2500	4.0426	0.1667	4.0691	0.2500	4.0022	0.1667	4.3607	0.0000		0.1825
fc7_linear_accuracy:0.2222

fc7_rbf
Giang		Hai  		Long 		Minh 		Thuan		Thuy 		Tuyen		Final accuracy
loss	acc 	loss	acc 	loss	acc 	loss	acc 	loss	acc 	loss	acc 	loss	acc 	
3.9315	0.2222	3.6805	0.1944	3.3490	0.2222	3.2412	0.2500	3.8595	0.2500	3.4185	0.2778	4.1291	0.1667		0.2262
3.4315	0.2222	3.8010	0.1667	3.2952	0.2500	3.8848	0.2222	3.7245	0.2500	3.4243	0.2500	3.4974	0.1389		0.2143
4.0572	0.2500	4.2295	0.1944	3.5525	0.2500	3.7839	0.1667	4.2900	0.2222	3.6951	0.1667	3.8823	0.1111		0.1944
4.3192	0.2222	4.6463	0.0833	3.7088	0.2500	3.5831	0.1944	4.3982	0.1944	3.7909	0.1667	4.3308	0.0278		0.1627
4.1730	0.1944	4.1467	0.1944	4.0040	0.2222	3.9774	0.1667	4.2122	0.2222	3.5496	0.1667	4.2428	0.0278		0.1706
4.3783	0.1667	4.2726	0.1389	4.0569	0.2500	3.9388	0.1667	4.1372	0.2500	3.6730	0.1667	4.2901	0.0000		0.1627
fc7_rbf_accuracy:0.2341

prob
Giang		Hai  		Long 		Minh 		Thuan		Thuy 		Tuyen		Final accuracy
loss	acc 	loss	acc 	loss	acc 	loss	acc 	loss	acc 	loss	acc 	loss	acc 	
2.5792	0.1111	2.4588	0.0000	2.3659	0.0833	2.2939	0.1111	2.3224	0.1389	2.4137	0.0278	2.7051	0.0833		0.0794
3.3954	0.1667	3.1203	0.1389	2.5684	0.1944	2.5662	0.2222	3.3238	0.1667	2.7657	0.1944	2.8922	0.0833		0.1667
3.7544	0.1667	3.5378	0.1389	3.0875	0.1944	2.9672	0.2222	3.2846	0.1667	2.8840	0.1111	3.6923	0.0556		0.1508
4.4052	0.1667	3.7826	0.0833	2.9850	0.1667	3.2794	0.1667	3.6641	0.1667	3.2996	0.1944	3.8412	0.0556		0.1429
4.3234	0.1667	4.3254	0.1389	3.0030	0.1389	3.1445	0.1944	3.9601	0.1667	3.4462	0.1389	4.4211	0.0000		0.1349
4.9842	0.1667	4.2252	0.1389	3.1735	0.1389	3.4649	0.1667	4.1037	0.1667	3.4690	0.1667	4.5176	0.0000		0.1349
prob_accuracy:0.1667

