output/result_backup/table_2019_02_12_original_pre_3_12gestures_fc6_1024_fc7_1024_from_pretrained/K2_K4_2019-02-09_22.24

fc6_linear
Giang		Hai  		Long 		Minh 		Thuan		Thuy 		Tuyen		Final accuracy
loss	acc 	loss	acc 	loss	acc 	loss	acc 	loss	acc 	loss	acc 	loss	acc 	
6.9062	0.1389	7.1893	0.0833	5.3781	0.2500	6.7822	0.1389	6.8266	0.0833	5.5422	0.2222	5.9451	0.1667		0.1548
6.0808	0.1389	6.2890	0.1111	4.6491	0.2778	6.4127	0.0833	5.3316	0.2500	5.3872	0.1667	6.4881	0.1667		0.1706
7.8439	0.1111	5.4714	0.2778	4.4641	0.2500	4.9272	0.1111	3.9992	0.1111	4.5427	0.1944	4.0334	0.1667		0.1746
5.3772	0.1667	5.2415	0.1667	3.9320	0.1944	5.5959	0.0833	4.0978	0.2222	4.5954	0.1944	4.6724	0.1944		0.1746
5.0848	0.1389	4.6972	0.1667	4.5463	0.1389	4.9225	0.1389	4.5526	0.1111	4.2364	0.1667	4.7207	0.1667		0.1468
5.7754	0.1389	4.6252	0.1944	4.3484	0.1667	4.8715	0.1111	3.9040	0.2500	4.4828	0.1667	4.4894	0.1944		0.1746
fc6_linear_accuracy:0.2183

fc6_rbf
Giang		Hai  		Long 		Minh 		Thuan		Thuy 		Tuyen		Final accuracy
loss	acc 	loss	acc 	loss	acc 	loss	acc 	loss	acc 	loss	acc 	loss	acc 	
3.6796	0.0833	4.1463	0.0833	3.5788	0.1667	4.2659	0.0833	3.9879	0.0833	3.8462	0.0833	4.0967	0.0833		0.0952
4.4804	0.0833	4.5915	0.0833	3.5272	0.1667	4.2868	0.0833	3.6024	0.0833	3.7348	0.1667	3.9432	0.1667		0.1190
4.1448	0.1389	4.8444	0.0833	3.8631	0.1667	4.0501	0.1944	3.6621	0.1667	4.5434	0.0833	3.8063	0.1667		0.1429
4.4905	0.1111	4.4580	0.1111	3.9312	0.1111	4.4358	0.0833	3.6572	0.2500	4.2823	0.1389	4.4620	0.0833		0.1270
4.1336	0.2500	4.3862	0.1111	4.2278	0.2222	4.1298	0.1389	3.9440	0.1667	4.2994	0.1111	3.8423	0.1944		0.1706
4.3778	0.0833	4.4283	0.1111	3.9702	0.1111	4.5748	0.0833	3.6876	0.1944	4.2766	0.1667	4.4174	0.1389		0.1270
fc6_rbf_accuracy:0.1984

fc7_linear
Giang		Hai  		Long 		Minh 		Thuan		Thuy 		Tuyen		Final accuracy
loss	acc 	loss	acc 	loss	acc 	loss	acc 	loss	acc 	loss	acc 	loss	acc 	
4.8928	0.2500	5.7024	0.1944	4.9768	0.1944	5.5644	0.1667	4.6488	0.1111	5.1679	0.1389	5.7781	0.2222		0.1825
4.3860	0.1111	4.5841	0.2222	4.3101	0.0556	4.6895	0.0833	4.0062	0.1944	3.8119	0.2500	4.3419	0.0833		0.1429
4.4203	0.1944	4.6367	0.1944	4.0478	0.1111	4.1765	0.0833	3.8155	0.2778	3.8823	0.1944	3.5614	0.1944		0.1786
4.9142	0.1111	4.2487	0.1111	3.8082	0.1111	3.6910	0.1111	3.5873	0.2778	3.4655	0.2500	3.3705	0.1944		0.1667
4.0256	0.0833	3.8162	0.1667	3.6114	0.1667	4.0155	0.1667	3.5739	0.2222	3.2695	0.1667	3.2218	0.1944		0.1667
4.2225	0.0833	4.0153	0.0833	3.4929	0.1111	3.5444	0.1389	3.6446	0.2222	3.2030	0.1667	3.2804	0.1944		0.1429
fc7_linear_accuracy:0.2262

fc7_rbf
Giang		Hai  		Long 		Minh 		Thuan		Thuy 		Tuyen		Final accuracy
loss	acc 	loss	acc 	loss	acc 	loss	acc 	loss	acc 	loss	acc 	loss	acc 	
3.0210	0.2222	3.5247	0.1389	2.8897	0.2778	3.5141	0.2222	2.8098	0.3056	3.2087	0.1667	3.5050	0.1944		0.2183
3.1131	0.2500	3.6121	0.2222	3.3686	0.1944	3.6542	0.2500	3.4040	0.2778	3.0793	0.1667	3.2288	0.1944		0.2222
3.7987	0.2778	3.9089	0.1389	3.5793	0.1389	3.9002	0.1667	3.2586	0.3056	3.4407	0.1667	3.4305	0.1944		0.1984
4.0695	0.2222	3.9167	0.1111	3.6849	0.2222	3.6953	0.1667	3.2450	0.2778	3.3513	0.1667	3.6027	0.1944		0.1944
3.7220	0.2222	4.2068	0.1389	3.9691	0.1944	3.9205	0.1944	3.3180	0.2778	3.3478	0.1667	3.7119	0.1944		0.1984
4.1291	0.1944	4.3471	0.1667	3.7767	0.1944	3.9365	0.1944	3.3275	0.2778	3.5032	0.1667	3.5675	0.1944		0.1984
fc7_rbf_accuracy:0.2421

prob
Giang		Hai  		Long 		Minh 		Thuan		Thuy 		Tuyen		Final accuracy
loss	acc 	loss	acc 	loss	acc 	loss	acc 	loss	acc 	loss	acc 	loss	acc 	
2.4590	0.1389	2.4397	0.1111	2.6095	0.2500	2.5825	0.1944	2.4387	0.1667	2.3607	0.2222	2.4768	0.1389		0.1746
2.5522	0.1389	3.0168	0.1667	2.7703	0.1667	2.9067	0.0833	2.5453	0.1667	2.4739	0.1667	2.6963	0.1389		0.1468
3.1301	0.1389	3.5958	0.1667	3.1305	0.1944	3.6671	0.0833	2.7552	0.2222	2.9467	0.1667	2.9616	0.1667		0.1627
3.3382	0.2222	3.8432	0.2222	3.5935	0.2500	3.2695	0.1944	2.9874	0.3056	3.1499	0.1667	3.2817	0.1667		0.2183
3.4783	0.1389	3.7787	0.1944	3.1877	0.1667	3.5486	0.1944	2.8233	0.2500	3.4838	0.1667	2.9939	0.1944		0.1865
3.2655	0.1389	3.8869	0.1111	3.0763	0.1944	3.5683	0.1944	3.0262	0.2778	3.6063	0.1667	3.2260	0.1944		0.1825
prob_accuracy:0.2302

