output/result_backup/table_2019_02_12_original_pre_3_12gestures_fc6_1024_fc7_1024_from_pretrained/K3_K1_2019-02-10_04.23

fc6_linear
Giang		Hai  		Long 		Minh 		Thuan		Thuy 		Tuyen		Final accuracy
loss	acc 	loss	acc 	loss	acc 	loss	acc 	loss	acc 	loss	acc 	loss	acc 	
7.3974	0.0278	6.1025	0.0556	5.7844	0.1944	5.6595	0.0833	6.7408	0.1667	4.9992	0.1389	7.4105	0.0556		0.1032
5.2977	0.1667	5.9693	0.0833	7.5474	0.1389	5.9591	0.2500	5.7704	0.0833	4.9580	0.1667	5.4440	0.0833		0.1389
5.2647	0.0278	5.3928	0.0556	5.0829	0.1944	4.3812	0.2778	5.2263	0.2222	4.6440	0.1667	4.7843	0.0833		0.1468
5.1077	0.2222	3.8823	0.1111	3.2672	0.1667	5.3807	0.1389	4.8205	0.2500	2.7482	0.2500	5.9245	0.0833		0.1746
5.3249	0.0833	4.5760	0.1111	3.4383	0.2500	4.7054	0.1667	3.8019	0.2222	2.4671	0.3056	5.7476	0.0278		0.1667
3.5651	0.0833	5.8081	0.1389	4.5965	0.1944	4.5955	0.1667	3.3595	0.1389	2.6526	0.2500	4.4580	0.0833		0.1508
fc6_linear_accuracy:0.2183

fc6_rbf
Giang		Hai  		Long 		Minh 		Thuan		Thuy 		Tuyen		Final accuracy
loss	acc 	loss	acc 	loss	acc 	loss	acc 	loss	acc 	loss	acc 	loss	acc 	
4.0213	0.0833	4.1360	0.0833	3.6947	0.2222	4.2389	0.1667	3.9293	0.0833	4.3556	0.1111	3.8637	0.0833		0.1190
4.2055	0.1667	4.2221	0.0833	3.8003	0.0833	4.6059	0.1667	3.6514	0.0278	3.7013	0.1667	3.2544	0.1389		0.1190
4.0698	0.1389	4.0749	0.0833	3.6667	0.0833	4.2385	0.0833	3.9316	0.0278	3.4908	0.2500	3.6838	0.1389		0.1151
4.1910	0.1389	3.6378	0.0833	2.8079	0.3889	4.3010	0.1667	3.4074	0.1389	3.2311	0.2500	4.0352	0.0278		0.1706
4.1256	0.0833	3.4452	0.1111	2.9640	0.3333	3.8006	0.1667	3.3012	0.2222	3.4981	0.2500	4.0184	0.1111		0.1825
3.8378	0.1389	3.8817	0.0833	3.1234	0.1667	3.7615	0.1389	3.7156	0.0833	2.8404	0.2500	3.7113	0.1667		0.1468
fc6_rbf_accuracy:0.2103

fc7_linear
Giang		Hai  		Long 		Minh 		Thuan		Thuy 		Tuyen		Final accuracy
loss	acc 	loss	acc 	loss	acc 	loss	acc 	loss	acc 	loss	acc 	loss	acc 	
5.3359	0.1111	6.8100	0.0833	4.0873	0.1667	5.0807	0.0556	4.7289	0.1667	4.1911	0.2222	4.8353	0.1667		0.1389
4.5907	0.1389	5.5672	0.0833	3.8255	0.1111	5.3433	0.0833	4.6076	0.1389	3.2984	0.1944	4.8270	0.0833		0.1190
4.1089	0.2222	4.7189	0.0833	3.8351	0.0833	5.2311	0.0556	3.8193	0.1667	3.5324	0.1667	4.5257	0.1111		0.1270
3.8614	0.2500	4.5720	0.0833	3.1756	0.1389	4.7764	0.1389	3.5728	0.1389	2.8948	0.1389	3.6257	0.1111		0.1429
3.8130	0.2222	4.7141	0.0833	3.4524	0.1389	3.8551	0.1389	3.5614	0.1111	2.5829	0.1389	3.4948	0.1667		0.1429
3.5463	0.2222	4.4520	0.0833	3.2571	0.1111	3.7931	0.1389	3.4579	0.1389	2.7004	0.1111	3.5313	0.1389		0.1349
fc7_linear_accuracy:0.1706

fc7_rbf
Giang		Hai  		Long 		Minh 		Thuan		Thuy 		Tuyen		Final accuracy
loss	acc 	loss	acc 	loss	acc 	loss	acc 	loss	acc 	loss	acc 	loss	acc 	
3.7269	0.0833	4.2908	0.0833	2.6687	0.2778	3.3988	0.1667	3.2429	0.1667	2.9439	0.3889	3.7104	0.1667		0.1905
3.5720	0.1944	4.3259	0.0833	2.7814	0.3333	3.9451	0.1389	3.9668	0.1667	2.5205	0.3056	3.7474	0.0833		0.1865
3.6938	0.1389	4.2228	0.0833	3.0947	0.1667	3.7957	0.1389	4.1322	0.1389	2.7387	0.1389	4.0276	0.0833		0.1270
3.7203	0.1944	4.5418	0.0833	2.9368	0.2778	3.9754	0.0556	3.9061	0.1389	2.5155	0.3611	3.7818	0.1389		0.1786
3.6225	0.1389	4.5334	0.0833	2.9860	0.1944	3.5441	0.1389	3.9643	0.1111	2.6005	0.2500	3.7639	0.0833		0.1429
3.4693	0.1667	4.6340	0.0833	2.9760	0.1944	3.6760	0.1667	3.9076	0.1111	2.4975	0.2500	3.8042	0.1389		0.1587
fc7_rbf_accuracy:0.2143

prob
Giang		Hai  		Long 		Minh 		Thuan		Thuy 		Tuyen		Final accuracy
loss	acc 	loss	acc 	loss	acc 	loss	acc 	loss	acc 	loss	acc 	loss	acc 	
2.7765	0.0833	3.3894	0.1111	2.8397	0.1667	2.8253	0.0833	3.2078	0.0833	2.0466	0.2500	2.5945	0.1389		0.1310
3.2580	0.0833	5.1814	0.0833	2.9633	0.1667	3.7138	0.0833	3.8541	0.0833	2.3606	0.1667	3.2424	0.0833		0.1071
3.1983	0.1667	5.2585	0.0833	3.5289	0.2222	3.7219	0.0833	4.0798	0.0833	2.0784	0.3611	3.1941	0.0833		0.1548
3.4099	0.1667	5.3756	0.0833	3.4947	0.2222	3.6034	0.0833	4.8000	0.0833	2.1805	0.2778	3.7343	0.0833		0.1429
3.2660	0.1667	5.0965	0.0833	3.2886	0.1944	3.6181	0.0833	4.4119	0.0833	2.4825	0.2500	3.8459	0.0833		0.1349
3.6981	0.1389	5.6895	0.0833	3.4921	0.1944	3.9293	0.0833	4.6526	0.0833	2.3239	0.3056	3.6676	0.0833		0.1389
prob_accuracy:0.1667

