output/result_backup/table_2019_02_12_original_pre_3_12gestures_fc6_1024_fc7_1024_from_pretrained/K3_K2_2019-02-10_07.07

fc6_linear
Giang		Hai  		Long 		Minh 		Thuan		Thuy 		Tuyen		Final accuracy
loss	acc 	loss	acc 	loss	acc 	loss	acc 	loss	acc 	loss	acc 	loss	acc 	
4.1983	0.1944	3.0513	0.2500	3.2987	0.2778	5.3569	0.1944	4.7769	0.1667	3.2722	0.2778	4.2965	0.2778		0.2341
3.9803	0.1944	3.1738	0.2222	1.7681	0.5000	2.7852	0.4722	3.1548	0.2500	3.1918	0.3333	4.4934	0.2222		0.3135
3.6743	0.1944	3.1050	0.2222	2.0059	0.3889	2.6730	0.3056	3.1260	0.2778	3.1312	0.3889	3.4708	0.1944		0.2817
3.2133	0.1667	2.8567	0.2222	2.1805	0.3889	2.5740	0.3611	2.9489	0.2778	2.8319	0.3333	3.1957	0.2500		0.2857
2.8739	0.2222	2.5835	0.2500	3.3932	0.4167	2.4094	0.3333	3.3878	0.3333	2.8377	0.4444	2.3711	0.4444		0.3492
2.7697	0.2222	2.6021	0.2222	2.1775	0.3889	2.3224	0.3333	3.0007	0.3889	2.8327	0.4444	2.3003	0.5000		0.3571
fc6_linear_accuracy:0.3968

fc6_rbf
Giang		Hai  		Long 		Minh 		Thuan		Thuy 		Tuyen		Final accuracy
loss	acc 	loss	acc 	loss	acc 	loss	acc 	loss	acc 	loss	acc 	loss	acc 	
2.8686	0.2222	1.7740	0.4722	2.2048	0.4722	4.2543	0.1111	3.9962	0.0833	2.6899	0.2778	2.5606	0.1667		0.2579
2.9019	0.1944	1.7681	0.4444	1.5850	0.6111	2.0375	0.4722	2.7640	0.3333	2.4274	0.4167	2.2508	0.3611		0.4048
2.5459	0.2222	2.0400	0.3889	1.9499	0.5278	2.0995	0.5000	2.9868	0.2778	2.1068	0.4167	1.9808	0.3056		0.3770
2.5210	0.1667	2.2755	0.4167	1.7827	0.4722	2.1100	0.3889	2.7908	0.3889	2.3598	0.4444	3.3651	0.2778		0.3651
2.5217	0.2222	2.1204	0.4444	2.1944	0.3889	2.0596	0.3333	2.7934	0.4167	2.4238	0.4444	1.9245	0.5278		0.3968
2.4845	0.2222	2.1760	0.3889	1.8242	0.5278	2.0184	0.4722	2.9539	0.4444	2.2717	0.5278	1.8249	0.6389		0.4603
fc6_rbf_accuracy:0.4881

fc7_linear
Giang		Hai  		Long 		Minh 		Thuan		Thuy 		Tuyen		Final accuracy
loss	acc 	loss	acc 	loss	acc 	loss	acc 	loss	acc 	loss	acc 	loss	acc 	
2.7404	0.1667	2.9898	0.2222	2.3767	0.3889	2.6930	0.1944	3.4401	0.3611	4.2000	0.3333	3.4610	0.3611		0.2897
3.6282	0.0556	2.6801	0.3056	2.2634	0.5000	3.1026	0.1667	3.3628	0.3333	3.8657	0.2222	3.4902	0.3611		0.2778
2.9198	0.2500	2.8381	0.2500	1.9423	0.4167	2.6848	0.1944	3.2022	0.3056	4.1256	0.2222	3.0876	0.3333		0.2817
2.6707	0.2222	3.1180	0.1667	1.8470	0.4167	2.2269	0.1944	3.0094	0.3056	3.6451	0.3333	2.6137	0.4167		0.2937
2.4089	0.1944	3.0135	0.1389	1.8410	0.5000	2.4044	0.1944	2.8608	0.3611	3.3435	0.3611	2.7962	0.2778		0.2897
2.4376	0.1944	2.9506	0.1944	1.8471	0.4444	2.3707	0.1667	2.7947	0.3611	3.4710	0.3056	2.7664	0.3889		0.2937
fc7_linear_accuracy:0.3413

fc7_rbf
Giang		Hai  		Long 		Minh 		Thuan		Thuy 		Tuyen		Final accuracy
loss	acc 	loss	acc 	loss	acc 	loss	acc 	loss	acc 	loss	acc 	loss	acc 	
2.3911	0.2778	1.8923	0.3611	1.6673	0.3889	2.0160	0.3611	2.0482	0.4167	2.3357	0.4167	2.3650	0.3889		0.3730
2.8330	0.2500	1.8862	0.3611	1.6443	0.4444	2.2483	0.2778	2.7859	0.2778	2.2942	0.4167	2.4204	0.4444		0.3532
2.8293	0.2500	2.1140	0.3611	1.6526	0.4167	2.1248	0.3056	2.9968	0.2222	2.4760	0.2778	2.8195	0.4444		0.3254
2.5201	0.2500	2.8137	0.1944	1.5906	0.4167	2.1737	0.2778	2.9452	0.2222	2.7645	0.3056	2.4291	0.4167		0.2976
2.6740	0.2778	2.6817	0.2500	1.7609	0.5833	2.0637	0.3056	2.8343	0.2500	2.8456	0.3333	2.6174	0.4167		0.3452
2.5063	0.2500	2.6101	0.3056	1.7592	0.5278	2.1028	0.3056	2.9755	0.2500	2.8161	0.3333	2.7836	0.3889		0.3373
fc7_rbf_accuracy:0.4087

prob
Giang		Hai  		Long 		Minh 		Thuan		Thuy 		Tuyen		Final accuracy
loss	acc 	loss	acc 	loss	acc 	loss	acc 	loss	acc 	loss	acc 	loss	acc 	
2.1173	0.3056	1.9934	0.3056	1.8257	0.3889	2.0243	0.1667	2.5423	0.1667	2.0267	0.3611	1.8965	0.4167		0.3016
2.1450	0.2500	2.2582	0.2500	1.6444	0.3889	2.0093	0.2778	3.1032	0.1389	2.3291	0.3333	2.1726	0.3889		0.2897
2.0599	0.3889	2.0455	0.3056	1.8395	0.3889	2.0362	0.2500	2.8283	0.1944	2.3528	0.3056	2.0734	0.4167		0.3214
2.2483	0.2778	3.2977	0.2500	1.8404	0.3333	2.0676	0.2500	2.6419	0.2500	2.6977	0.3333	2.1525	0.4167		0.3016
2.5099	0.2778	2.7392	0.1944	1.8084	0.3611	2.3817	0.2500	2.4925	0.3056	2.9195	0.3611	2.6664	0.3333		0.2976
2.2785	0.2500	2.8138	0.2778	1.8308	0.3056	2.2690	0.2778	2.9548	0.2222	2.8164	0.3333	2.4860	0.4444		0.3016
prob_accuracy:0.3532

