output/result_backup/table_2019_02_12_original_pre_3_12gestures_fc6_1024_fc7_1024_from_pretrained/K4_K3_2019-02-11_06.24

fc6_linear
Giang		Hai  		Long 		Minh 		Thuan		Thuy 		Tuyen		Final accuracy
loss	acc 	loss	acc 	loss	acc 	loss	acc 	loss	acc 	loss	acc 	loss	acc 	
5.5960	0.0833	4.2666	0.2222	5.7001	0.1944	5.9708	0.1389	5.4923	0.1111	7.2550	0.0833	5.7854	0.1944		0.1468
4.3553	0.2222	4.2108	0.1944	4.6244	0.1667	3.5724	0.3056	4.3835	0.0833	4.2434	0.1667	4.0864	0.1944		0.1905
3.4576	0.1667	5.1985	0.2222	4.9572	0.1389	3.4506	0.1944	4.3482	0.0556	4.6727	0.1389	4.3950	0.1389		0.1508
3.6659	0.1667	3.1702	0.2778	3.4213	0.2222	4.7448	0.1389	3.8122	0.0833	3.4362	0.1944	3.6059	0.0833		0.1667
3.4949	0.1667	4.1462	0.1944	3.2270	0.1111	3.4106	0.1389	3.4863	0.1389	2.9628	0.2500	3.6265	0.1111		0.1587
3.6982	0.1667	4.6086	0.1944	3.3491	0.1944	3.0930	0.1389	3.1505	0.1667	3.0247	0.1944	3.2511	0.1111		0.1667
fc6_linear_accuracy:0.2341

fc6_rbf
Giang		Hai  		Long 		Minh 		Thuan		Thuy 		Tuyen		Final accuracy
loss	acc 	loss	acc 	loss	acc 	loss	acc 	loss	acc 	loss	acc 	loss	acc 	
4.2144	0.0833	3.8104	0.0833	4.1239	0.0833	4.1289	0.0556	4.1184	0.1667	4.8136	0.0833	4.6178	0.0278		0.0833
3.3803	0.1667	3.8146	0.0833	3.3537	0.1667	2.9331	0.1111	3.7842	0.0833	4.0570	0.2222	3.3161	0.1944		0.1468
3.5684	0.1667	4.2621	0.0833	4.5687	0.0833	2.9845	0.1944	3.2809	0.1667	3.9431	0.0833	3.5878	0.1667		0.1349
3.3294	0.1667	4.2070	0.1111	2.9934	0.1111	3.5353	0.1667	4.0427	0.1389	3.9993	0.1111	3.5492	0.1667		0.1389
3.6265	0.1667	3.8086	0.1111	3.0987	0.1944	3.9439	0.1111	3.8049	0.1944	3.8466	0.0833	3.8229	0.1111		0.1389
3.6906	0.1389	3.9420	0.0278	3.0561	0.2222	2.8575	0.2222	3.4690	0.2500	4.1546	0.0556	3.9174	0.1111		0.1468
fc6_rbf_accuracy:0.1984

fc7_linear
Giang		Hai  		Long 		Minh 		Thuan		Thuy 		Tuyen		Final accuracy
loss	acc 	loss	acc 	loss	acc 	loss	acc 	loss	acc 	loss	acc 	loss	acc 	
5.4746	0.1111	3.6523	0.3056	4.4623	0.1944	3.6559	0.1389	4.6259	0.1944	5.2623	0.0833	4.9626	0.0000		0.1468
4.4665	0.0278	3.4259	0.1111	4.2701	0.0833	4.2193	0.1389	4.5361	0.1667	3.1388	0.1944	3.8005	0.1111		0.1190
3.3061	0.1389	3.4103	0.0833	3.7925	0.1667	3.8403	0.1389	3.7339	0.1389	3.0047	0.2222	3.4219	0.1389		0.1468
3.3596	0.1667	2.9852	0.1389	3.4972	0.0833	3.2762	0.1389	3.5664	0.1111	2.7787	0.2500	3.4609	0.0833		0.1389
3.1894	0.1667	2.8937	0.1389	3.1186	0.1389	3.1567	0.1944	3.5948	0.1111	2.5464	0.1667	3.4004	0.1667		0.1548
3.1517	0.1667	3.0290	0.1667	3.2262	0.1389	3.2796	0.1667	3.3049	0.1389	2.5969	0.1667	3.2967	0.1111		0.1508
fc7_linear_accuracy:0.2103

fc7_rbf
Giang		Hai  		Long 		Minh 		Thuan		Thuy 		Tuyen		Final accuracy
loss	acc 	loss	acc 	loss	acc 	loss	acc 	loss	acc 	loss	acc 	loss	acc 	
3.3893	0.1111	2.8101	0.0278	3.1417	0.1667	2.4366	0.1389	2.9511	0.0556	2.9031	0.0833	2.9851	0.0833		0.0952
2.8533	0.2500	2.9423	0.1389	3.3392	0.0833	2.8762	0.1667	3.3728	0.1111	3.0588	0.1389	3.3303	0.1111		0.1429
2.8492	0.1667	3.5315	0.1111	3.7988	0.1389	3.3931	0.1667	3.7960	0.0833	2.9089	0.2222	3.5448	0.1389		0.1468
3.2265	0.1389	3.3525	0.1389	3.3851	0.1111	3.3287	0.1667	3.9035	0.0833	2.8514	0.2222	3.6267	0.0833		0.1349
3.0764	0.1667	3.2712	0.1389	3.1668	0.1667	3.1405	0.1667	3.7524	0.0833	2.7597	0.2222	3.6102	0.0833		0.1468
2.9928	0.1667	3.3112	0.1389	3.3196	0.0833	3.3392	0.1667	3.5199	0.1111	2.7696	0.2222	3.4759	0.0833		0.1389
fc7_rbf_accuracy:0.1706

prob
Giang		Hai  		Long 		Minh 		Thuan		Thuy 		Tuyen		Final accuracy
loss	acc 	loss	acc 	loss	acc 	loss	acc 	loss	acc 	loss	acc 	loss	acc 	
2.6588	0.1389	2.5457	0.2222	2.6976	0.1667	2.4869	0.1111	3.0761	0.1389	2.5335	0.2222	2.7719	0.1667		0.1667
2.8492	0.1667	2.7026	0.1667	2.7616	0.0833	2.7110	0.1389	2.9725	0.0833	2.6477	0.2222	3.1317	0.0833		0.1349
2.9125	0.1667	3.1250	0.1667	2.5610	0.1667	2.6152	0.1667	2.5943	0.2222	2.3124	0.2778	3.2206	0.1111		0.1825
3.3003	0.1389	3.3194	0.1667	3.5091	0.0833	3.1964	0.1667	3.5203	0.0833	2.2467	0.2778	3.9282	0.1667		0.1548
3.4048	0.1111	3.2569	0.1667	3.7686	0.1389	3.8148	0.1667	3.7269	0.0833	2.6091	0.2222	4.2610	0.0833		0.1389
3.5738	0.1667	3.0902	0.1389	3.5865	0.1389	3.3259	0.1667	3.5091	0.1111	2.8137	0.1944	4.1539	0.1389		0.1508
prob_accuracy:0.1984

