output/result_backup/table_2019_02_12_original_pre_3_12gestures_fc6_1024_fc7_1024_from_pretrained/K5_K1_2019-02-11_14.22

fc6_linear
Giang		Hai  		Long 		Minh 		Thuan		Thuy 		Tuyen		Final accuracy
loss	acc 	loss	acc 	loss	acc 	loss	acc 	loss	acc 	loss	acc 	loss	acc 	
4.6685	0.1944	5.4291	0.1667	4.0666	0.1389	4.0383	0.1389	6.3416	0.1667	3.8460	0.1944	6.5504	0.1111		0.1587
5.5011	0.1389	4.7312	0.2778	3.8798	0.1667	4.5175	0.1667	5.6055	0.0833	3.8054	0.1389	4.9345	0.1667		0.1627
4.2776	0.1667	3.3552	0.2222	4.5876	0.1111	3.4154	0.0833	5.5973	0.1111	3.4983	0.1667	3.3646	0.2222		0.1548
4.3756	0.1944	3.8948	0.1667	5.0644	0.0556	3.0084	0.2500	3.7034	0.1667	2.9614	0.1111	3.6499	0.1389		0.1548
4.3694	0.1667	3.3616	0.1944	5.3559	0.1111	2.9499	0.0833	3.2000	0.1389	3.2115	0.0833	3.9438	0.1667		0.1349
5.4849	0.1944	3.1425	0.2222	4.4661	0.1111	3.4645	0.1389	3.0671	0.1389	3.1031	0.1111	3.5884	0.1944		0.1587
fc6_linear_accuracy:0.2103

fc6_rbf
Giang		Hai  		Long 		Minh 		Thuan		Thuy 		Tuyen		Final accuracy
loss	acc 	loss	acc 	loss	acc 	loss	acc 	loss	acc 	loss	acc 	loss	acc 	
2.9933	0.2500	2.9742	0.2222	2.6081	0.1667	2.4634	0.3333	3.6899	0.1667	3.0246	0.1944	3.4251	0.0833		0.2024
3.7423	0.0833	2.8785	0.2778	3.4714	0.2222	2.5227	0.4167	3.7973	0.0833	3.8093	0.1667	2.7569	0.3056		0.2222
3.6055	0.1667	3.0383	0.1667	3.7074	0.1667	2.9460	0.1944	3.8021	0.1111	3.8373	0.2778	2.7108	0.2778		0.1944
2.6251	0.2778	3.5587	0.1111	4.2346	0.1111	2.8859	0.2778	4.0724	0.1111	4.0846	0.0833	2.9886	0.2778		0.1786
2.6107	0.2222	3.3589	0.1111	4.0739	0.2222	2.5045	0.2778	3.6533	0.0833	2.6423	0.2778	2.6857	0.3056		0.2143
3.4189	0.1944	3.1913	0.1389	4.1597	0.1944	2.6524	0.2500	3.8283	0.0833	3.0219	0.0833	3.7717	0.1667		0.1587
fc6_rbf_accuracy:0.2778

fc7_linear
Giang		Hai  		Long 		Minh 		Thuan		Thuy 		Tuyen		Final accuracy
loss	acc 	loss	acc 	loss	acc 	loss	acc 	loss	acc 	loss	acc 	loss	acc 	
4.0625	0.1111	4.7188	0.1667	5.4239	0.0833	4.2173	0.1667	3.3344	0.1944	3.7449	0.0833	4.8646	0.0833		0.1270
4.4860	0.1389	3.4623	0.1944	4.1476	0.0833	4.2664	0.0833	3.4842	0.1667	3.1004	0.1111	4.7610	0.1667		0.1349
4.2489	0.1944	3.2873	0.1389	4.4945	0.0833	3.7981	0.0833	2.8773	0.1944	2.9049	0.2222	4.0192	0.1944		0.1587
4.1211	0.1667	3.6775	0.1667	4.1835	0.1667	3.5384	0.0556	3.0695	0.1944	2.8058	0.2500	3.7924	0.1389		0.1627
3.6154	0.2500	3.4168	0.1389	4.0584	0.1667	3.1999	0.0000	3.0909	0.2222	2.7551	0.2222	3.4746	0.1389		0.1627
3.5880	0.2500	3.4180	0.1389	4.1541	0.1667	3.3714	0.0556	3.0143	0.2222	2.6653	0.3056	3.4290	0.1667		0.1865
fc7_linear_accuracy:0.2143

fc7_rbf
Giang		Hai  		Long 		Minh 		Thuan		Thuy 		Tuyen		Final accuracy
loss	acc 	loss	acc 	loss	acc 	loss	acc 	loss	acc 	loss	acc 	loss	acc 	
2.9150	0.1944	3.2050	0.3056	3.1371	0.1389	2.7916	0.1944	3.0694	0.1944	2.6725	0.1944	3.0130	0.1667		0.1984
3.1644	0.2222	3.7186	0.1667	3.7471	0.1111	3.3522	0.1111	3.1970	0.1944	2.8180	0.1667	3.4817	0.1667		0.1627
3.3644	0.2222	3.8792	0.1667	3.9610	0.1389	3.6258	0.0833	3.4312	0.2222	2.9029	0.2778	3.8956	0.1667		0.1825
3.7958	0.2222	4.0002	0.1667	4.1129	0.1667	3.6535	0.0833	3.1567	0.2500	3.0297	0.2500	3.9624	0.1667		0.1865
3.5682	0.2500	3.6734	0.1667	3.9739	0.1667	3.3166	0.1111	3.1171	0.1944	3.0059	0.1944	3.5387	0.1667		0.1786
3.6351	0.2500	3.7660	0.1667	4.0806	0.1667	3.3946	0.1111	3.1189	0.2222	3.0294	0.1389	3.6728	0.1667		0.1746
fc7_rbf_accuracy:0.2302

prob
Giang		Hai  		Long 		Minh 		Thuan		Thuy 		Tuyen		Final accuracy
loss	acc 	loss	acc 	loss	acc 	loss	acc 	loss	acc 	loss	acc 	loss	acc 	
2.6209	0.1667	2.8727	0.2222	3.1802	0.1667	2.4291	0.1667	2.9995	0.1667	2.2601	0.1944	2.6812	0.1667		0.1786
3.1375	0.1667	3.8726	0.1389	3.7979	0.1944	3.0189	0.1389	3.4651	0.1944	2.5300	0.2222	3.4258	0.2222		0.1825
3.4063	0.1667	4.3728	0.1389	4.7882	0.1667	3.2317	0.1944	3.4255	0.1944	2.8341	0.2500	4.4453	0.2222		0.1905
3.7790	0.1667	5.0047	0.1111	4.7368	0.1667	3.5465	0.2222	3.9151	0.1667	2.7591	0.2778	4.0601	0.1667		0.1825
3.4848	0.1944	5.2572	0.1111	5.1442	0.1667	3.8263	0.1667	4.1311	0.2500	3.0310	0.1944	3.7092	0.2500		0.1905
3.5836	0.1667	5.3423	0.1111	5.2500	0.1667	3.7506	0.1944	4.1349	0.2222	2.9363	0.2500	3.8040	0.2500		0.1944
prob_accuracy:0.2302

