    11      0      0      0      0      4      0      0      0      0      0      0
     0      3      0      0      0      0      0      0      0     12      0      0
     0      0     14      1      0      0      0      0      0      0      0      0
     0      0      0      7      8      0      0      0      0      0      0      0
     0      0      0      0     10      5      0      0      0      0      0      0
     0      0      0      0      0     15      0      0      0      0      0      0
     0      0      0      0      4      6      5      0      0      0      0      0
     0      0      0      0      0      0      0      0      0     15      0      0
     0      0      0      0      0      0      0      0      0     15      0      0
     0      0      0      0      0      0      0      0      0     15      0      0
     0      0      0      8      7      0      0      0      0      0      0      0
     0      0      0      0      7      7      0      0      0      0      0      1
