    12      0      0      0      1      2      0      0      0      0      0      0
     0      0      0      0      0      0      0      0      0     15      0      0
     0      0     15      0      0      0      0      0      0      0      0      0
     0      0      1      9      0      0      5      0      0      0      0      0
     0      0      0      0     13      1      1      0      0      0      0      0
     0      0      0      0      0     13      2      0      0      0      0      0
     0      0      0      0      0      6      9      0      0      0      0      0
     0      0      0      0      0      0      0      5      1      9      0      0
     0      0      0      0      0      0      0      0     14      1      0      0
     0      0      0      0      0      0      0      0      0     15      0      0
     0      0      0     13      1      0      1      0      0      0      0      0
     0      0      0      0     10      1      1      0      0      0      0      3
