output/result_backup/table_08Jan2019_original_aug_1_pad/K5_K3_08-01-2019_03.32.22

fc6_linear
Binh 		Giang		Hung 		Tan  		Thuan		Final accuracy
loss	acc 	loss	acc 	loss	acc 	loss	acc 	loss	acc 	
1.7379	0.5000	1.6051	0.6667	1.8748	0.5355	0.6115	0.8000	0.9765	0.7583		0.6521
1.5475	0.4857	1.2000	0.6952	1.4129	0.5548	0.3686	0.8727	0.8808	0.7833		0.6784
1.4851	0.4786	1.1928	0.7048	1.2540	0.5677	0.2857	0.9273	0.8572	0.8083		0.6973
1.5188	0.4714	1.3019	0.6667	1.1420	0.5806	0.2522	0.9273	0.8527	0.8083		0.6909
1.4651	0.4786	1.2433	0.6571	1.0304	0.6000	0.2314	0.9455	0.8494	0.8083		0.6979
1.4401	0.4714	1.2335	0.6571	1.0280	0.6000	0.2209	0.9545	0.8536	0.8083		0.6983
1.4532	0.4786	1.2187	0.6476	1.0629	0.6000	0.2215	0.9455	0.8449	0.8167		0.6977
fc6_linear_accuracy:0.7152

fc6_rbf
Binh 		Giang		Hung 		Tan  		Thuan		Final accuracy
loss	acc 	loss	acc 	loss	acc 	loss	acc 	loss	acc 	
1.8363	0.3929	1.6845	0.6286	1.4355	0.5935	0.5829	0.7636	1.0656	0.7667		0.6291
1.6366	0.4071	1.2996	0.6286	1.1606	0.5871	0.3663	0.8364	0.9274	0.7917		0.6502
1.7105	0.4571	1.3172	0.6571	1.0109	0.6129	0.2946	0.8818	0.8954	0.7917		0.6801
1.6261	0.4429	1.3764	0.6381	0.8860	0.6258	0.2405	0.9455	0.8951	0.8083		0.6921
1.5455	0.4643	1.2734	0.6286	0.7783	0.6968	0.2382	0.9273	0.8794	0.8083		0.7050
1.5252	0.4714	1.2650	0.6381	0.7794	0.6645	0.2401	0.9455	0.8932	0.8083		0.7056
1.5354	0.4643	1.2761	0.6381	0.8003	0.6516	0.2305	0.9455	0.8745	0.8083		0.7016
fc6_rbf_accuracy:0.7158

fc7_linear
Binh 		Giang		Hung 		Tan  		Thuan		Final accuracy
loss	acc 	loss	acc 	loss	acc 	loss	acc 	loss	acc 	
1.5793	0.5429	1.5579	0.6095	1.5095	0.5742	0.4671	0.8455	0.7071	0.7833		0.6711
1.4303	0.5357	1.3287	0.6381	1.1243	0.6129	0.3217	0.9000	0.6600	0.8250		0.7023
1.3911	0.5071	1.4091	0.6286	0.9774	0.6387	0.2227	0.9455	0.6963	0.8167		0.7073
1.4658	0.4786	1.4229	0.6095	0.8978	0.6645	0.2056	0.9727	0.7187	0.8250		0.7101
1.4113	0.4929	1.4179	0.6190	0.7692	0.6968	0.1953	0.9909	0.7189	0.8333		0.7266
1.3935	0.5000	1.4127	0.6095	0.7784	0.6968	0.1896	0.9909	0.7306	0.8333		0.7261
1.4060	0.5000	1.4403	0.6095	0.8139	0.6774	0.1923	0.9909	0.7104	0.8333		0.7222
fc7_linear_accuracy:0.7404

fc7_rbf
Binh 		Giang		Hung 		Tan  		Thuan		Final accuracy
loss	acc 	loss	acc 	loss	acc 	loss	acc 	loss	acc 	
1.5741	0.4071	1.4188	0.6381	0.8192	0.6645	0.3804	0.8364	0.6740	0.8000		0.6692
1.5034	0.4357	1.3589	0.6381	0.7968	0.6452	0.2650	0.9182	0.7318	0.7833		0.6841
1.4545	0.4714	1.4238	0.6095	0.7688	0.6581	0.2125	0.9455	0.7541	0.8000		0.6969
1.5412	0.4429	1.4306	0.6190	0.7209	0.7097	0.1860	0.9636	0.7414	0.8167		0.7104
1.4367	0.4714	1.3741	0.6000	0.6608	0.7226	0.1926	0.9727	0.7642	0.8167		0.7167
1.4411	0.4714	1.3706	0.6000	0.6744	0.7161	0.1886	0.9636	0.7605	0.8250		0.7152
1.4486	0.4643	1.3719	0.6000	0.7015	0.7097	0.1898	0.9636	0.7496	0.8250		0.7125
fc7_rbf_accuracy:0.7260

prob
Binh 		Giang		Hung 		Tan  		Thuan		Final accuracy
loss	acc 	loss	acc 	loss	acc 	loss	acc 	loss	acc 	
0.9266	0.6714	1.4544	0.5524	0.7854	0.6645	0.3501	0.8909	0.4873	0.8667		0.7292
1.6625	0.5000	2.2510	0.5905	0.5668	0.7806	0.1833	0.9455	0.5874	0.8417		0.7316
1.5769	0.5286	2.4355	0.5714	0.6227	0.7806	0.2263	0.9000	0.8169	0.8333		0.7228
2.2925	0.4786	2.0611	0.5714	0.6976	0.7226	0.1695	0.9364	0.7992	0.8333		0.7085
1.9636	0.5429	2.2445	0.6286	0.5533	0.7742	0.1618	0.9364	0.7621	0.8583		0.7481
1.8692	0.5857	2.3800	0.6190	0.5769	0.8000	0.1169	0.9455	0.7747	0.8500		0.7600
1.9063	0.5500	2.4284	0.6190	0.6471	0.7677	0.1344	0.9364	0.6605	0.8667		0.7480
prob_accuracy:0.7824

