    45      0      0      0      0      0      0      0      0      0      0      0
     0     36      3      0      0      0      0      1      0      5      0      0
     0      2     43      0      0      0      0      0      0      0      0      0
     1      1      1     38      0      0      0      0      0      0      4      0
     0      0      0      0     40      0      0      0      0      0      0      5
     0      0      0      0      1     44      0      0      0      0      0      0
     0      0      0      0      0      1     44      0      0      0      0      0
     0      1      0      0      0      0      0     42      2      0      0      0
     0      0      0      0      0      0      0      1     44      0      0      0
     0      2      0      0      0      0      0      0      0     43      0      0
     1      0      0      5      0      0      0      0      0      0     39      0
     0      0      0      0      1      0      0      0      0      0      0     44
