    18      0      0      0      0      0      0      0      0      0      0      0
     0     14      0      0      0      0      0      0      0      4      0      0
     0      0     18      0      0      0      0      0      0      0      0      0
     0      0      0     15      3      0      0      0      0      0      0      0
     0      0      0      0     18      0      0      0      0      0      0      0
     0      0      0      0      0     18      0      0      0      0      0      0
     0      0      0      0      0      9      9      0      0      0      0      0
     0      7      0      0      0      0      0      9      0      2      0      0
     0      2      0      0      0      0      0      0     16      0      0      0
     0      8      0      0      0      0      0      0      0     10      0      0
     0      0      0     12      4      0      0      0      0      0      2      0
     0      0      0      0     18      0      0      0      0      0      0      0
