     9      1      0      0      2      5      0      0      0      1      0      0
     0      5      0      0      0      0      0      1      0     12      0      0
     0      0      1      0      0      0     17      0      0      0      0      0
     0      0      0     14      3      0      1      0      0      0      0      0
     0      0      0      2     14      0      2      0      0      0      0      0
     0      0      0      0      0      7     11      0      0      0      0      0
     0      0      0      0      0      0     18      0      0      0      0      0
     0      0      0      0      0      0      0     16      0      2      0      0
     0      2      0      0      0      0      0      0      8      8      0      0
     0      0      0      0      0      0      0      0      0     18      0      0
     0      0      0     14      2      0      1      1      0      0      0      0
     0      0      0      3     14      0      1      0      0      0      0      0
