    18      0      0      0      0      0      0      0      0      0      0      0
     0     10      0      0      0      0      0      0      0      8      0      0
     0      0     18      0      0      0      0      0      0      0      0      0
     0      0      0     18      0      0      0      0      0      0      0      0
     0      0      0      0     18      0      0      0      0      0      0      0
     0      0      0      0      0      8     10      0      0      0      0      0
     0      0      0      0      0      0     18      0      0      0      0      0
     0      0      0      0      0      0      0     11      0      7      0      0
     0      1      0      0      0      0      0      1      4     12      0      0
     0      1      0      0      0      0      0      0      0     17      0      0
     0      0      0      5      1      0      0      0      0      0     12      0
     0      0      0      0      1      0      0      0      0      0      0     17
