    18      0      0      0      0      0      0      0      0      0      0      0
     0     11      0      0      0      0      0      0      1      6      0      0
     0      0     18      0      0      0      0      0      0      0      0      0
     0      0      0     17      0      0      0      0      0      0      1      0
     0      0      0      0      3      0      0      0      0      0      2     13
     0      0      0      0      0     17      1      0      0      0      0      0
     0      0      0      0      0      0     18      0      0      0      0      0
     0      3      0      0      0      0      0     14      1      0      0      0
     0      0      0      0      0      0      0      0     17      1      0      0
     0      1      0      0      0      0      0      0      0     17      0      0
     0      0      0      9      0      0      0      0      0      0      9      0
     0      0      0      0      0      0      0      0      0      0      0     18
