    18      0      0      0      0      0      0      0      0      0      0      0
     1     16      0      0      0      0      0      0      0      1      0      0
     0      0     18      0      0      0      0      0      0      0      0      0
     0      0      0     15      0      0      0      0      0      0      3      0
     0      0      0      0     15      0      0      0      0      0      0      3
     0      0      0      0      0      5     13      0      0      0      0      0
     0      0      0      0      0      0     18      0      0      0      0      0
     0      0      0      0      0      0      0     18      0      0      0      0
     0      0      0      0      0      0      0      1     17      0      0      0
     0      1      0      0      0      0      0      0      0     17      0      0
     0      0      0      0      0      0      0      0      0      0     18      0
     0      0      0      0      4      0      0      0      0      0      1     13
