    17      0      0      1      0      0      0      0      0      0      0      0
     0     12      0      0      0      0      0      0      0      6      0      0
     0      0     18      0      0      0      0      0      0      0      0      0
     0      0      0     18      0      0      0      0      0      0      0      0
     0      0      0      0     18      0      0      0      0      0      0      0
     0      0      0      0      0     18      0      0      0      0      0      0
     0      0      0      0      0      4     14      0      0      0      0      0
     0      7      0      0      0      0      0      3      2      6      0      0
     0      0      0      0      0      0      0      0     17      1      0      0
     0      1      0      0      0      0      0      0      0     17      0      0
     0      0      0     11      0      0      0      0      0      0      7      0
     0      0      0      0     18      0      0      0      0      0      0      0
