output/result/table_2019_02_16_12gestures_6_subjects/K1_K2_2019-02-16_20.46

fc6_linear
Giang		Hai  		Long 		Minh 		Thuy 		Tuyen		Final accuracy
loss	acc 	loss	acc 	loss	acc 	loss	acc 	loss	acc 	loss	acc 	
4.7787	0.2222	4.9615	0.1389	5.8436	0.0833	4.3516	0.1111	6.0333	0.0000	4.2651	0.1667		0.1204
4.9280	0.1111	4.5205	0.0833	4.5221	0.0556	4.3200	0.0833	5.8050	0.1389	4.1516	0.0833		0.0926
4.0657	0.1389	4.0794	0.0833	3.9898	0.0833	4.0593	0.0833	5.3114	0.0278	3.8285	0.1389		0.0926
4.4477	0.0833	4.5853	0.0833	4.3652	0.1111	4.2839	0.0000	4.8316	0.0556	3.5769	0.0833		0.0694
4.5232	0.0833	3.9649	0.0556	3.5855	0.0556	4.0488	0.0278	5.5626	0.0833	3.2043	0.0833		0.0648
4.0895	0.1111	5.0046	0.1389	3.5782	0.0556	4.2930	0.0000	5.8186	0.1111	3.4442	0.0833		0.0833
4.7546	0.0833	4.3807	0.1111	3.4792	0.0556	3.8852	0.0556	4.8378	0.0278	3.4467	0.0833		0.0694
fc6_linear_accuracy:0.1481

fc6_rbf
Giang		Hai  		Long 		Minh 		Thuy 		Tuyen		Final accuracy
loss	acc 	loss	acc 	loss	acc 	loss	acc 	loss	acc 	loss	acc 	
3.9051	0.1111	4.1154	0.1667	4.1393	0.2500	4.2746	0.1667	3.9148	0.1389	3.8174	0.1667		0.1667
3.5750	0.1111	3.6955	0.1111	3.8006	0.1667	3.4628	0.0833	4.1778	0.0833	3.2938	0.1944		0.1250
3.1721	0.1389	3.3243	0.1667	3.1854	0.1111	3.1389	0.1389	4.1700	0.0556	2.9978	0.1389		0.1250
3.5293	0.0833	3.6410	0.1389	3.2382	0.2500	3.8201	0.0833	4.0392	0.1111	3.0044	0.1667		0.1389
3.2844	0.1111	3.5602	0.1111	3.2648	0.1944	3.2510	0.0556	4.3940	0.0556	3.1338	0.1944		0.1204
3.4060	0.1111	3.5948	0.1389	3.4756	0.1667	3.2998	0.0000	4.0445	0.1111	2.9929	0.1667		0.1157
3.3287	0.1111	3.6367	0.1944	3.1184	0.1667	3.1635	0.0833	4.2311	0.0000	3.2188	0.1667		0.1204
fc6_rbf_accuracy:0.1806

fc7_linear
Giang		Hai  		Long 		Minh 		Thuy 		Tuyen		Final accuracy
loss	acc 	loss	acc 	loss	acc 	loss	acc 	loss	acc 	loss	acc 	
4.5921	0.2500	4.5604	0.0833	4.9823	0.1111	3.7293	0.0556	4.8673	0.0833	3.9956	0.1667		0.1250
4.2900	0.1111	4.4890	0.1389	3.8699	0.0833	3.7023	0.0833	4.6977	0.1944	3.5717	0.0833		0.1157
4.0566	0.1389	4.0808	0.1111	4.1151	0.0833	3.6513	0.0556	4.1688	0.0278	3.4643	0.1111		0.0880
4.0043	0.1111	3.9356	0.1667	3.1734	0.0000	3.2281	0.0000	4.2178	0.0278	3.2431	0.0833		0.0648
3.8761	0.0833	3.8555	0.0833	3.1112	0.1667	3.1363	0.0556	4.4712	0.0278	3.2936	0.0833		0.0833
3.7842	0.1111	4.1842	0.1389	3.3228	0.1944	3.0741	0.0556	4.3912	0.0000	3.3436	0.0833		0.0972
3.9077	0.0833	3.9570	0.0833	3.2962	0.1667	3.0978	0.0556	4.3831	0.0278	3.3084	0.0833		0.0833
fc7_linear_accuracy:0.1759

fc7_rbf
Giang		Hai  		Long 		Minh 		Thuy 		Tuyen		Final accuracy
loss	acc 	loss	acc 	loss	acc 	loss	acc 	loss	acc 	loss	acc 	
3.9817	0.1389	3.9374	0.0833	4.1670	0.1111	3.5537	0.1389	3.9569	0.0833	3.6699	0.1667		0.1204
3.8335	0.1111	3.5657	0.0833	3.6034	0.0833	3.5659	0.0833	4.2296	0.0556	3.4291	0.0833		0.0833
3.5590	0.1111	3.6744	0.0833	3.0785	0.1389	3.2543	0.0000	3.8460	0.0278	3.1376	0.0833		0.0741
3.7428	0.0833	3.4875	0.1667	3.2085	0.1111	3.2644	0.0833	3.7103	0.0000	3.3353	0.0833		0.0880
3.3242	0.0833	3.1033	0.0833	3.0287	0.1944	3.0205	0.0278	3.7402	0.0000	3.3006	0.2500		0.1065
3.4960	0.0833	3.0846	0.0833	3.2585	0.1944	2.9929	0.0000	3.9506	0.0278	3.2320	0.2500		0.1065
3.6324	0.0833	3.0217	0.1111	3.2212	0.2222	3.4444	0.0556	3.8383	0.0000	3.3878	0.2500		0.1204
fc7_rbf_accuracy:0.1667

prob
Giang		Hai  		Long 		Minh 		Thuy 		Tuyen		Final accuracy
loss	acc 	loss	acc 	loss	acc 	loss	acc 	loss	acc 	loss	acc 	
2.4207	0.0833	2.3832	0.1389	2.3982	0.1111	2.4121	0.1389	2.2283	0.1944	2.3961	0.0833		0.1250
2.5309	0.1111	2.3165	0.0556	2.5058	0.2222	2.3328	0.0833	2.6982	0.2222	2.4907	0.1389		0.1389
3.3145	0.1111	2.5333	0.0278	2.9711	0.1389	2.7075	0.0000	3.5586	0.1389	2.7625	0.1389		0.0926
3.2452	0.1111	2.3537	0.1111	3.1025	0.1944	2.5146	0.1111	3.7039	0.0556	2.6242	0.2222		0.1343
3.5351	0.1389	2.5268	0.1667	2.7856	0.1944	2.7684	0.0278	3.5578	0.1389	2.6087	0.1944		0.1435
3.4929	0.1111	2.4904	0.1667	2.6226	0.2500	2.7304	0.0278	4.2628	0.0556	2.6220	0.2500		0.1435
3.4120	0.1111	2.6390	0.1111	2.7544	0.1944	2.7092	0.0556	4.2878	0.0556	2.6210	0.2500		0.1296
prob_accuracy:0.1944

