     0      1      1      5     11      0      0      0      0      0      0      0
     0     18      0      0      0      0      0      0      0      0      0      0
     0      0     18      0      0      0      0      0      0      0      0      0
     0      1      3     11      3      0      0      0      0      0      0      0
     0      0      2      0     16      0      0      0      0      0      0      0
     0      0      1      1      4     12      0      0      0      0      0      0
     0      0      3      7      7      0      1      0      0      0      0      0
     0     18      0      0      0      0      0      0      0      0      0      0
     0     18      0      0      0      0      0      0      0      0      0      0
     0     18      0      0      0      0      0      0      0      0      0      0
     0      0      3     10      5      0      0      0      0      0      0      0
     0      1      3      0     13      0      0      0      0      0      0      1
