    12      0      0      0      0      3      0      0      0      0      0      0
     0      3      0      0      0      0      0      0      0     12      0      0
     0      0     14      1      0      0      0      0      0      0      0      0
     0      0      0     15      0      0      0      0      0      0      0      0
     0      0      0      4      8      3      0      0      0      0      0      0
     0      0      0      0      0     15      0      0      0      0      0      0
     0      0      0      2      0     13      0      0      0      0      0      0
     0      1      0      0      0      0      0      0      0     14      0      0
     0      0      0      0      0      0      0      0      6      9      0      0
     0      0      0      0      0      0      0      0      0     15      0      0
     0      0      0     15      0      0      0      0      0      0      0      0
     0      0      0      1     10      4      0      0      0      0      0      0
