    42      0      0      0      0      2      0      0      0      0      0      1
     0     43      0      0      0      2      0      0      0      0      0      0
     0      1     38      0      0      5      1      0      0      0      0      0
     0      1      0     44      0      0      0      0      0      0      0      0
     0      0      0      0      0      2      0      0      0      0      0     43
     0      0      0      0      0     44      0      0      0      0      0      1
     0      0      0      0      0      0     45      0      0      0      0      0
     0      1      0      0      0      0      0     44      0      0      0      0
     0      4      0      0      0      0      0      0     41      0      0      0
     0     38      0      0      0      0      0      0      0      7      0      0
     0      0      0     36      0      0      0      1      0      0      8      0
     0      0      0      0      0      0      0      0      0      0      0     45
