     0      6      0      6      0      0      0      0      0      0      6      0
     0     18      0      0      0      0      0      0      0      0      0      0
     0      0     18      0      0      0      0      0      0      0      0      0
     0      0      0     15      3      0      0      0      0      0      0      0
     0      0      0      1     13      0      0      0      0      0      2      2
     0      0      0      3      0      0     15      0      0      0      0      0
     0      0      0      0      0      0     18      0      0      0      0      0
     0     18      0      0      0      0      0      0      0      0      0      0
     0      6      0      0      0      0      0      0      8      4      0      0
     0     15      0      0      0      0      0      0      0      3      0      0
     0      0      0      2      3      0      0      0      0      0     13      0
     0      0      0      0      9      0      0      0      0      0      3      6
