     4      5      0      9      0      0      0      0      0      0      0      0
     0      7      0      0      0      0      0      0      0     11      0      0
     0      0     18      0      0      0      0      0      0      0      0      0
     0      0      0     15      2      0      1      0      0      0      0      0
     0      0      0      3     15      0      0      0      0      0      0      0
     0      0      0      1      0      0     17      0      0      0      0      0
     0      0      0      0      0      0     18      0      0      0      0      0
     0      6      0      0      0      0      0      3      1      8      0      0
     0      1      0      0      0      0      0      0      8      9      0      0
     0      6      0      0      0      0      0      0      3      9      0      0
     0      0      0     13      3      0      0      0      0      0      2      0
     0      0      0      2     15      0      1      0      0      0      0      0
