    18      0      0      0      0      0      0      0      0      0      0      0
     0     10      0      0      0      0      0      0      0      8      0      0
     0      0     18      0      0      0      0      0      0      0      0      0
     0      0      0     16      2      0      0      0      0      0      0      0
     0      0      0      0     15      0      0      0      0      0      0      3
     0      0      0      0      0     10      8      0      0      0      0      0
     0      0      0      0      0      0     18      0      0      0      0      0
     0      2      0      0      0      0      0     10      0      6      0      0
     0      3      0      0      0      0      0      1      2     12      0      0
     0      1      0      0      0      0      0      0      0     17      0      0
     0      0      0      2      1      0      0      0      0      0     14      1
     0      0      0      0     10      0      0      0      0      0      0      8
