output/result_backup/table_2019_02_27_original_pre_3_12gestures_6_subjects_fc6_1024_fc7_1024/K5_K5_2019-02-23_09.27

fc6_linear
Giang		Hai  		Long 		Minh 		Thuy 		Tuyen		Final accuracy
loss	acc 	loss	acc 	loss	acc 	loss	acc 	loss	acc 	loss	acc 	
0.8966	0.6667	0.5335	0.8056	0.5799	0.7500	0.6004	0.7778	1.0692	0.7500	0.5765	0.8056		0.7593
0.9522	0.6389	0.3958	0.8889	0.5878	0.7778	0.4640	0.8333	1.2359	0.7500	0.3789	0.8611		0.7917
0.9862	0.6111	0.4350	0.8611	0.4340	0.8889	0.5456	0.8056	1.4972	0.7778	0.5239	0.7778		0.7870
0.9580	0.6667	0.3880	0.9444	0.4349	0.8889	0.7365	0.8333	1.3502	0.7778	0.5585	0.7778		0.8148
0.9667	0.7222	0.4408	0.8333	0.4116	0.8333	0.7748	0.8056	1.1499	0.7778	0.6031	0.7778		0.7917
0.9665	0.7222	0.4132	0.8889	0.4329	0.8889	0.8518	0.8056	1.1426	0.7778	0.5806	0.7778		0.8102
0.9231	0.7222	0.4441	0.8333	0.4292	0.8056	0.8627	0.8056	1.1388	0.7778	0.5584	0.7778		0.7870
fc6_linear_accuracy:0.8380

fc6_rbf
Giang		Hai  		Long 		Minh 		Thuy 		Tuyen		Final accuracy
loss	acc 	loss	acc 	loss	acc 	loss	acc 	loss	acc 	loss	acc 	
0.8613	0.7222	0.6533	0.8333	0.7673	0.8056	1.0903	0.6944	1.0162	0.7500	0.6243	0.8333		0.7731
0.7767	0.7222	0.6261	0.8333	0.5535	0.7778	0.6185	0.7500	1.0434	0.6944	0.5054	0.8333		0.7685
0.7239	0.6944	0.5288	0.8333	0.5713	0.7778	0.5786	0.7500	0.9619	0.7778	0.5276	0.7500		0.7639
0.7815	0.7222	0.5290	0.8611	0.5218	0.8333	0.6678	0.7778	1.0204	0.7778	0.5193	0.7778		0.7917
0.7608	0.7222	0.4915	0.8333	0.4972	0.8056	0.8111	0.7778	0.9761	0.7778	0.5777	0.7778		0.7824
0.8193	0.6667	0.4953	0.8056	0.4811	0.8056	0.8415	0.7778	1.0711	0.7778	0.5476	0.8056		0.7731
0.7636	0.7222	0.4897	0.8611	0.4741	0.8056	0.8623	0.7500	0.9939	0.7778	0.6049	0.7500		0.7778
fc6_rbf_accuracy:0.8009

fc7_linear
Giang		Hai  		Long 		Minh 		Thuy 		Tuyen		Final accuracy
loss	acc 	loss	acc 	loss	acc 	loss	acc 	loss	acc 	loss	acc 	
1.2967	0.6944	0.7002	0.8056	0.6284	0.7222	0.4644	0.8056	1.0417	0.7500	0.5088	0.8333		0.7685
1.2567	0.7500	0.4255	0.8611	0.5505	0.7778	0.4832	0.8333	1.3586	0.8056	0.4931	0.8056		0.8056
1.0350	0.7222	0.4878	0.8333	0.4734	0.8056	0.5966	0.8333	1.6374	0.7778	0.6261	0.7500		0.7870
1.1169	0.6944	0.4274	0.8889	0.5105	0.8333	0.8027	0.8056	1.5907	0.8056	0.5847	0.7778		0.8009
1.0120	0.6111	0.4601	0.8611	0.4504	0.8056	0.9476	0.7778	1.5296	0.8056	0.6707	0.7778		0.7731
0.9222	0.6111	0.4665	0.8333	0.4805	0.8056	0.9373	0.7778	1.5184	0.7778	0.6157	0.7778		0.7639
0.8672	0.6389	0.5234	0.8611	0.4728	0.8056	0.9116	0.7778	1.5030	0.7778	0.6132	0.7778		0.7731
fc7_linear_accuracy:0.8241

fc7_rbf
Giang		Hai  		Long 		Minh 		Thuy 		Tuyen		Final accuracy
loss	acc 	loss	acc 	loss	acc 	loss	acc 	loss	acc 	loss	acc 	
1.0584	0.7500	0.7514	0.7778	0.7820	0.7778	0.5418	0.8611	1.1985	0.6944	0.6109	0.7778		0.7731
0.8118	0.7222	0.5083	0.8611	0.6365	0.7500	0.5821	0.7222	1.1207	0.7222	0.4725	0.7778		0.7593
0.8130	0.6944	0.4990	0.8333	0.5807	0.7778	0.6201	0.7500	1.1240	0.7778	0.6042	0.8056		0.7731
0.8781	0.6389	0.5813	0.7778	0.4726	0.8889	0.7055	0.7778	1.1013	0.8056	0.5836	0.7500		0.7731
0.7867	0.6111	0.4995	0.8333	0.4689	0.8611	0.9008	0.7500	1.2363	0.7778	0.6134	0.7778		0.7685
0.8563	0.5833	0.5078	0.8333	0.4853	0.8333	0.7918	0.7500	1.2261	0.7778	0.5531	0.8056		0.7639
0.8454	0.5833	0.5749	0.8333	0.4705	0.8611	0.8562	0.7500	1.2349	0.8056	0.5837	0.7778		0.7685
fc7_rbf_accuracy:0.8287

prob
Giang		Hai  		Long 		Minh 		Thuy 		Tuyen		Final accuracy
loss	acc 	loss	acc 	loss	acc 	loss	acc 	loss	acc 	loss	acc 	
0.8751	0.5278	0.5060	0.7778	1.0476	0.6389	0.5199	0.6667	0.8580	0.6667	0.5758	0.8056		0.6806
0.5822	0.7778	0.5051	0.8056	0.5362	0.6944	0.4636	0.7500	0.7285	0.7500	0.4075	0.7778		0.7593
0.5198	0.8056	0.4845	0.7778	0.4043	0.8333	0.7086	0.7500	0.7700	0.7500	0.6911	0.7500		0.7778
0.9387	0.7778	0.8650	0.6944	0.5680	0.6944	0.8089	0.7500	0.9227	0.8056	0.5828	0.7500		0.7454
0.6858	0.7500	0.8021	0.7500	0.4380	0.8333	0.9546	0.7500	1.1097	0.7778	0.9771	0.6944		0.7593
0.7975	0.6667	0.5820	0.7500	0.4869	0.8056	0.9659	0.7500	1.0451	0.8056	0.6593	0.7778		0.7593
0.7673	0.7778	0.5264	0.7778	0.5432	0.8056	1.1373	0.7500	1.1571	0.8056	0.7206	0.7778		0.7824
prob_accuracy:0.8009

