    18      0      0      0      0      0      0      0      0      0      0      0
     0      7      0      0      0      0      0      0      0     11      0      0
     0      0     18      0      0      0      0      0      0      0      0      0
     0      0      0     17      0      0      0      0      0      0      1      0
     0      0      0      0     15      0      0      0      0      0      0      3
     0      0      0      0      0      9      9      0      0      0      0      0
     0      0      0      0      0      0     18      0      0      0      0      0
     0      0      0      0      0      0      0      8      2      8      0      0
     0      0      0      0      0      0      1      1     13      3      0      0
     0      0      0      0      0      0      0      0      0     18      0      0
     0      0      0      3      0      0      0      0      0      0     15      0
     0      0      0      0      1      0      0      0      0      0      0     17
