    90      0      0      0      0      0      0      0      0      0      0      0
     0     83      0      0      0      0      0      0      0      7      0      0
     0      0     90      0      0      0      0      0      0      0      0      0
     0      0      0     78      0      0      0      0      0      0     12      0
     0      0      0      0     70      0      0      0      0      0      0     20
     0      0      0      0      0     90      0      0      0      0      0      0
     0      0      0      0      0      0     90      0      0      0      0      0
     0      1      0      0      0      0      0     89      0      0      0      0
     0      0      0      0      0      0      0      0     88      2      0      0
     0      4      0      0      0      0      0      0      2     84      0      0
     0      0      0      1      0      0      0      0      0      0     89      0
     0      0      0      0      7      0      0      0      0      0      0     83
