    90      0      0      0      0      0      0      0      0      0      0      0
     0     80      0      2      0      0      0      3      4      1      0      0
     0      0     90      0      0      0      0      0      0      0      0      0
     0      0      0     16      0      0      0      0      0      0     74      0
     0      0      0      0     83      0      0      0      0      0      1      6
     0      0      0      0      0     86      4      0      0      0      0      0
     0      0      0      0      0      0     90      0      0      0      0      0
     0      0      0      0      4      0      0     86      0      0      0      0
     0      0      0      0      0      0      0      0     90      0      0      0
     0      6      0      0      0      0      0      5      7     72      0      0
     0      0      0      0      0      0      0      0      0      0     90      0
     0      0      0      0     44      0      0      0      0      0      0     46
