    15      0      0      0      0      0      0      0      0      0      0      0
     0     10      0      0      0      0      0      0      2      3      0      0
     0      0     15      0      0      0      0      0      0      0      0      0
     0      0      0      1      0      0      0      0      0      0     14      0
     0      0      0      0      7      0      0      0      0      0      2      6
     0      0      0      0      0     15      0      0      0      0      0      0
     0      0      0      0      0      0     15      0      0      0      0      0
     0     10      0      0      0      0      0      5      0      0      0      0
     0      1      0      0      0      0      0      0     13      1      0      0
     0      1      0      0      0      0      0      0      0     14      0      0
     0      0      0      0      0      0      0      0      0      0     14      1
     0      0      0      0      1      0      0      0      0      0      1     13
