     9      0      0      0      2      0      0      0      0      0      0      4
     0      4      0      0      0      0      0      0      0     11      0      0
     0      0     13      1      0      0      0      0      0      0      0      1
     0      0      0     14      0      1      0      0      0      0      0      0
     0      0      0      0      0      0      0      0      0      0      0     15
     0      0      0      0      0     15      0      0      0      0      0      0
     0      0      0      0      0     12      3      0      0      0      0      0
     0      1      0      0      0      0      0      5      1      8      0      0
     0      1      0      0      0      1      0      0     13      0      0      0
     0      1      0      0      0      0      0      0      0     14      0      0
     0      0      0     15      0      0      0      0      0      0      0      0
     0      0      0      0      0      0      0      0      0      0      0     15
