    90      0      0      0      0      0      0      0      0      0      0      0
     0     81      0      0      0      0      0      0      1      8      0      0
     0      0     90      0      0      0      0      0      0      0      0      0
     0      0      0     79      0      0      0      0      0      0     11      0
     0      0      0      0     85      0      0      0      0      0      0      5
     0      0      0      0      0     87      2      0      0      0      0      1
     0      0      0      0      0      0     90      0      0      0      0      0
     0      0      0      0      0      0      0     90      0      0      0      0
     0      1      0      1      0      0      0      3     78      7      0      0
     0      8      0      0      0      0      0      1      0     81      0      0
     0      0      0      7      0      0      0      0      0      0     83      0
     0      0      0      0      7      0      0      0      0      0      0     83
