    90      0      0      0      0      0      0      0      0      0      0      0
     0     70      0      0      0      0      0      2      5     13      0      0
     0      0     89      0      0      0      1      0      0      0      0      0
     0      0      0     72      0      0      0      0      0      0     18      0
     0      0      0      0     81      0      0      0      0      0      0      9
     0      0      0      0      1     85      3      0      0      0      0      1
     0      0      0      0      0      0     90      0      0      0      0      0
     0      2      0      0      0      0      0     83      2      3      0      0
     0      2      0      0      0      0      0      6     72     10      0      0
     0      8      0      0      0      0      0      0      1     81      0      0
     0      0      0      9      0      0      0      0      0      0     79      2
     0      0      0      0     13      0      0      0      0      0      0     77
