    82      0      0      6      2      0      0      0      0      0      0      0
     0     76      0      2      7      0      0      0      5      0      0      0
     0      0     61      0      0      2     17      3      7      0      0      0
     0      0      0     59     25      0      2      0      0      0      4      0
     0      0      0      1     87      0      2      0      0      0      0      0
     0      0      0      0      2     67     21      0      0      0      0      0
     0      0      0      0      0      1     89      0      0      0      0      0
     0     35      0      0     14      0      0      2     39      0      0      0
     0     40      0      0      2      0      0      0     48      0      0      0
     0     84      0      0      0      0      0      0      6      0      0      0
     0      0      0     62     24      0      0      0      0      0      4      0
     0      0      0      0     88      2      0      0      0      0      0      0
