    18      0      0      0      0      0      0      0      0      0      0      0
     0     16      0      0      0      0      0      0      0      2      0      0
     0      0     18      0      0      0      0      0      0      0      0      0
     0      0      0     14      3      0      0      0      0      0      0      1
     0      0      0      1     17      0      0      0      0      0      0      0
     0      0      0      0      0     18      0      0      0      0      0      0
     0      0      0      0      0      5     13      0      0      0      0      0
     0      5      0      0      0      0      0      7      3      3      0      0
     0      2      0      0      0      0      0      0     16      0      0      0
     0     10      0      0      0      0      0      0      0      8      0      0
     0      0      0      8      2      0      0      0      0      0      6      2
     0      0      0      0     16      0      0      0      0      0      0      2
