output/result_backup/table_05Feb2019_original_pre_3_12gestures/K5_K4_2019-02-07_16.30

fc6_linear
Giang		Hai  		Long 		Minh 		Thuan		Thuy 		Tuyen		Final accuracy
loss	acc 	loss	acc 	loss	acc 	loss	acc 	loss	acc 	loss	acc 	loss	acc 	
4.9912	0.1944	2.1520	0.4167	2.7778	0.3611	3.3526	0.3333	3.0588	0.3056	3.3694	0.2500	3.1669	0.2778		0.3056
3.4943	0.3333	1.9861	0.4167	2.2493	0.3611	3.1731	0.3333	2.8710	0.1944	3.0777	0.3056	2.4489	0.3333		0.3254
3.4266	0.3333	2.0335	0.4167	2.3115	0.3889	2.5201	0.2222	3.2931	0.1944	3.0128	0.2778	2.3332	0.2500		0.2976
3.4678	0.3333	1.9953	0.4167	2.2349	0.3889	2.7207	0.3333	3.6052	0.1667	2.7969	0.2500	2.3948	0.3056		0.3135
3.2284	0.3056	1.9337	0.5000	2.3465	0.3889	2.4492	0.3333	3.5949	0.1667	3.1174	0.2222	2.4750	0.3056		0.3175
3.2362	0.3056	1.9939	0.4167	2.3166	0.4167	2.3913	0.2778	3.5097	0.1667	2.9318	0.3056	2.3563	0.3056		0.3135
fc6_linear_accuracy:0.3611

fc6_rbf
Giang		Hai  		Long 		Minh 		Thuan		Thuy 		Tuyen		Final accuracy
loss	acc 	loss	acc 	loss	acc 	loss	acc 	loss	acc 	loss	acc 	loss	acc 	
3.9375	0.1389	1.8101	0.3333	2.3585	0.3889	2.4591	0.3333	3.0096	0.1111	2.3284	0.3056	2.3641	0.3611		0.2817
2.3272	0.3056	1.5885	0.3889	1.9086	0.3611	2.8290	0.1944	2.6329	0.2500	1.9801	0.3056	2.0122	0.3333		0.3056
2.4697	0.3056	1.9332	0.2778	2.1121	0.3333	2.4574	0.2222	2.6346	0.2222	2.3227	0.3056	2.4579	0.3056		0.2817
2.5939	0.2778	1.8241	0.3611	2.0816	0.4444	2.3641	0.3056	2.5647	0.3056	2.5506	0.3056	2.1458	0.3333		0.3333
2.5699	0.2778	1.8193	0.4444	2.0488	0.3333	2.3051	0.2778	2.7482	0.1944	2.4997	0.3056	2.2170	0.3056		0.3056
2.5672	0.2778	1.9267	0.4722	2.1053	0.3333	2.2651	0.3056	2.7206	0.2500	2.3929	0.3333	2.2535	0.3056		0.3254
fc6_rbf_accuracy:0.3651

fc7_linear
Giang		Hai  		Long 		Minh 		Thuan		Thuy 		Tuyen		Final accuracy
loss	acc 	loss	acc 	loss	acc 	loss	acc 	loss	acc 	loss	acc 	loss	acc 	
3.3419	0.2778	2.1288	0.3056	2.1702	0.3333	2.5784	0.2778	3.1969	0.2778	3.0624	0.2500	3.5017	0.1944		0.2738
3.2393	0.3056	2.0798	0.4444	2.4548	0.3333	2.7901	0.2222	3.1293	0.1111	2.7924	0.3056	2.3164	0.2778		0.2857
3.2625	0.2778	2.1715	0.4722	2.2905	0.4167	2.4084	0.2222	3.7937	0.1667	3.0424	0.2778	2.0309	0.3056		0.3056
3.1361	0.3333	1.9265	0.4167	2.1113	0.3611	2.4158	0.2500	3.5976	0.1667	2.8584	0.3056	2.1888	0.3333		0.3095
2.9144	0.3333	1.8785	0.4444	2.3098	0.3333	2.4066	0.1944	3.5447	0.1667	3.0538	0.2222	2.1176	0.3056		0.2857
2.8758	0.3056	1.9059	0.4444	2.3636	0.3333	2.3042	0.2500	3.4044	0.1667	2.7083	0.2500	2.1514	0.3056		0.2937
fc7_linear_accuracy:0.3452

fc7_rbf
Giang		Hai  		Long 		Minh 		Thuan		Thuy 		Tuyen		Final accuracy
loss	acc 	loss	acc 	loss	acc 	loss	acc 	loss	acc 	loss	acc 	loss	acc 	
2.3642	0.2500	1.7933	0.3333	1.9658	0.3889	2.1754	0.3333	2.4258	0.2222	2.3334	0.3056	2.2386	0.3056		0.3056
2.3938	0.3056	1.6557	0.3056	1.9364	0.3611	2.0934	0.2778	2.4327	0.2500	2.2147	0.2778	1.9591	0.3611		0.3056
2.5778	0.3056	1.8482	0.3056	1.9480	0.3889	2.2078	0.2222	2.7525	0.2222	3.4143	0.3056	1.9108	0.3611		0.3016
2.6355	0.3056	1.6791	0.3333	1.9740	0.3889	2.1231	0.2500	2.9554	0.2500	2.3491	0.3333	2.1245	0.3056		0.3095
2.5733	0.2778	1.8258	0.4444	2.0832	0.3611	2.1706	0.2778	2.9400	0.2222	2.3781	0.2778	2.2115	0.3056		0.3095
2.6363	0.3056	2.2563	0.3056	2.0724	0.3611	2.2541	0.2500	2.8180	0.2500	2.2804	0.3056	2.1706	0.3056		0.2976
fc7_rbf_accuracy:0.3452

prob
Giang		Hai  		Long 		Minh 		Thuan		Thuy 		Tuyen		Final accuracy
loss	acc 	loss	acc 	loss	acc 	loss	acc 	loss	acc 	loss	acc 	loss	acc 	
2.1671	0.2778	1.7058	0.2778	1.8448	0.2778	2.2410	0.1944	2.7315	0.1944	2.2107	0.1389	2.2178	0.3056		0.2381
2.5822	0.2222	2.0237	0.3611	2.2962	0.3333	2.5992	0.1667	2.9621	0.2500	2.6842	0.3056	2.6435	0.2500		0.2698
3.5170	0.2222	2.2346	0.3611	2.2499	0.3611	2.9674	0.1667	2.8737	0.1111	3.0295	0.2222	2.4683	0.3056		0.2500
4.5986	0.1944	1.8214	0.3889	2.5059	0.3333	2.9241	0.2778	3.3578	0.1944	3.5199	0.2222	2.7704	0.2500		0.2659
4.1977	0.2222	2.1281	0.4167	2.7192	0.2778	2.7891	0.2222	3.6109	0.1667	3.2145	0.2222	3.6100	0.2500		0.2540
4.0683	0.2222	2.1877	0.3889	2.8369	0.2500	3.0975	0.2500	3.8555	0.1667	3.6605	0.2222	3.2244	0.2500		0.2500
prob_accuracy:0.3135

