output/result_set_table_15Jan2019_clean_1_aug_1_pad/Kinect_5_test_on_Kinect_5_15-01-2019_11.11.06

fc6_linear
Binh 		Giang		Hung 		Tan  		Thuan		Final accuracy
loss	acc 	loss	acc 	loss	acc 	loss	acc 	loss	acc 	
0.1022	0.9556	0.0449	1.0000	0.1251	0.9600	0.0406	1.0000	0.2135	0.9250		0.9681
0.0731	0.9852	0.0378	1.0000	0.1137	0.9800	0.0459	0.9900	0.2043	0.9250		0.9760
0.0719	0.9852	0.0421	1.0000	0.1134	0.9800	0.0486	0.9900	0.1987	0.9250		0.9760
0.0650	0.9852	0.0413	1.0000	0.1115	0.9800	0.0487	0.9900	0.1941	0.9250		0.9760
0.0716	0.9852	0.0410	1.0000	0.1163	0.9867	0.0478	0.9900	0.1837	0.9417		0.9807
0.0715	0.9852	0.0399	1.0000	0.1188	0.9800	0.0478	0.9900	0.1925	0.9417		0.9794
0.0712	0.9852	0.0385	1.0000	0.1183	0.9800	0.0474	0.9900	0.1835	0.9417		0.9794
fc6_linear_accuracy:0.9807

fc6_rbf
Binh 		Giang		Hung 		Tan  		Thuan		Final accuracy
loss	acc 	loss	acc 	loss	acc 	loss	acc 	loss	acc 	
0.1108	0.9630	0.0387	1.0000	0.1474	0.9533	0.0654	0.9800	0.2241	0.9250		0.9643
0.0597	0.9852	0.0340	1.0000	0.1265	0.9667	0.0382	0.9900	0.2221	0.9083		0.9700
0.0558	0.9926	0.0411	1.0000	0.1234	0.9667	0.0424	0.9900	0.2243	0.9083		0.9715
0.0530	0.9926	0.0527	1.0000	0.1192	0.9733	0.0404	0.9900	0.2239	0.9083		0.9729
0.0562	0.9852	0.0435	1.0000	0.1231	0.9533	0.0397	0.9900	0.1890	0.9417		0.9740
0.0569	0.9852	0.0456	1.0000	0.1237	0.9533	0.0402	0.9900	0.1949	0.9417		0.9740
0.0579	0.9852	0.0449	1.0000	0.1224	0.9533	0.0409	0.9900	0.1925	0.9417		0.9740
fc6_rbf_accuracy:0.9740

fc7_linear
Binh 		Giang		Hung 		Tan  		Thuan		Final accuracy
loss	acc 	loss	acc 	loss	acc 	loss	acc 	loss	acc 	
0.0670	0.9926	0.0452	1.0000	0.1091	0.9733	0.0431	1.0000	0.2415	0.9167		0.9765
0.0497	1.0000	0.0345	1.0000	0.0829	0.9867	0.0461	0.9900	0.2428	0.9167		0.9787
0.0478	1.0000	0.0346	1.0000	0.0832	0.9867	0.0465	0.9800	0.2343	0.9167		0.9767
0.0444	1.0000	0.0347	1.0000	0.0843	0.9867	0.0454	0.9900	0.2354	0.9083		0.9770
0.0467	1.0000	0.0323	1.0000	0.0858	0.9867	0.0445	1.0000	0.2294	0.9083		0.9790
0.0479	1.0000	0.0341	1.0000	0.0817	0.9867	0.0440	1.0000	0.2306	0.9083		0.9790
0.0472	1.0000	0.0329	1.0000	0.0812	0.9933	0.0437	1.0000	0.2291	0.9083		0.9803
fc7_linear_accuracy:0.9803

fc7_rbf
Binh 		Giang		Hung 		Tan  		Thuan		Final accuracy
loss	acc 	loss	acc 	loss	acc 	loss	acc 	loss	acc 	
0.0585	0.9926	0.0343	1.0000	0.1392	0.9467	0.0500	0.9800	0.2963	0.8833		0.9605
0.0394	1.0000	0.0305	1.0000	0.0963	0.9867	0.0382	0.9900	0.2772	0.8917		0.9737
0.0365	1.0000	0.0328	1.0000	0.0896	0.9867	0.0388	0.9900	0.2736	0.9000		0.9753
0.0355	1.0000	0.0359	1.0000	0.0884	0.9867	0.0375	0.9900	0.2676	0.9000		0.9753
0.0366	1.0000	0.0470	0.9905	0.0919	0.9867	0.0365	0.9900	0.2296	0.9167		0.9768
0.0373	1.0000	0.0366	1.0000	0.1015	0.9800	0.0367	0.9900	0.2364	0.9167		0.9773
0.0367	1.0000	0.0361	1.0000	0.0894	0.9867	0.0369	0.9900	0.2349	0.9167		0.9787
fc7_rbf_accuracy:0.9787

prob
Binh 		Giang		Hung 		Tan  		Thuan		Final accuracy
loss	acc 	loss	acc 	loss	acc 	loss	acc 	loss	acc 	
0.0901	0.9704	0.0934	0.9714	0.4215	0.7933	0.0659	0.9700	0.3485	0.8750		0.9160
0.0095	1.0000	0.0047	1.0000	0.0314	0.9933	0.0316	0.9800	0.5638	0.8583		0.9663
0.0097	1.0000	0.0046	1.0000	0.0244	1.0000	0.0176	1.0000	0.4405	0.8750		0.9750
0.0019	1.0000	0.0071	1.0000	0.0187	1.0000	0.0141	1.0000	0.4577	0.8917		0.9783
0.0017	1.0000	0.0026	1.0000	0.0170	1.0000	0.0217	1.0000	0.4331	0.9000		0.9800
0.0016	1.0000	0.0033	1.0000	0.0133	1.0000	0.0170	1.0000	0.4068	0.9000		0.9800
0.0016	1.0000	0.0023	1.0000	0.0131	1.0000	0.0160	1.0000	0.4069	0.9000		0.9800
prob_accuracy:0.9800

