output/result_backup/table_2019_02_27_original_pre_3_12gestures_6_subjects_fc6_1024_fc7_1024/K5_K2_2019-02-23_04.30

fc6_linear
Giang		Hai  		Long 		Minh 		Thuy 		Tuyen		Final accuracy
loss	acc 	loss	acc 	loss	acc 	loss	acc 	loss	acc 	loss	acc 	
5.1394	0.0833	3.8925	0.3333	5.7753	0.2222	3.7772	0.2500	3.4159	0.1944	3.6552	0.1667		0.2083
5.2532	0.1389	3.7570	0.1667	3.7429	0.1389	2.9874	0.2778	3.4718	0.0278	4.1068	0.2778		0.1713
5.4272	0.0833	3.6056	0.1667	4.3032	0.1944	2.9344	0.3056	3.8129	0.1111	3.5884	0.3056		0.1944
4.8382	0.0833	3.4468	0.2500	3.6311	0.1667	2.6075	0.2500	3.5034	0.1667	3.3517	0.2500		0.1944
4.7264	0.1667	3.2741	0.2222	3.0203	0.2500	2.3554	0.2778	3.3018	0.0833	3.1409	0.1944		0.1991
4.3008	0.0833	3.3327	0.2500	3.0321	0.2500	2.5121	0.2500	3.3976	0.1944	3.1194	0.1944		0.2037
4.0477	0.1944	3.1933	0.2778	3.0606	0.2500	2.5680	0.2778	3.3418	0.1667	3.0511	0.1944		0.2269
fc6_linear_accuracy:0.2639

fc6_rbf
Giang		Hai  		Long 		Minh 		Thuy 		Tuyen		Final accuracy
loss	acc 	loss	acc 	loss	acc 	loss	acc 	loss	acc 	loss	acc 	
3.4134	0.1111	2.6038	0.3333	3.6584	0.0833	3.5622	0.0833	2.5779	0.1944	3.1935	0.1667		0.1620
3.0058	0.1111	2.8696	0.2500	2.7639	0.1667	3.3105	0.2778	2.9904	0.1667	3.3069	0.1111		0.1806
3.3803	0.0833	2.9302	0.2500	2.9844	0.2222	2.5217	0.2778	2.7000	0.2222	2.6097	0.1389		0.1991
2.9668	0.1111	3.0298	0.2500	2.7221	0.2500	2.2868	0.3056	3.0190	0.1111	2.6656	0.2778		0.2176
2.9828	0.1667	2.9329	0.2222	2.6255	0.1944	2.3053	0.3056	3.0887	0.1944	2.8095	0.2500		0.2222
2.9200	0.0833	2.9548	0.2500	2.7215	0.1944	2.3630	0.3056	3.0380	0.1944	2.5435	0.3056		0.2222
3.1215	0.0833	2.9577	0.2500	2.6910	0.1944	2.3097	0.3056	2.8721	0.2222	2.5987	0.2222		0.2130
fc6_rbf_accuracy:0.2639

fc7_linear
Giang		Hai  		Long 		Minh 		Thuy 		Tuyen		Final accuracy
loss	acc 	loss	acc 	loss	acc 	loss	acc 	loss	acc 	loss	acc 	
5.6121	0.0833	3.0887	0.2778	3.8559	0.0833	4.0060	0.1667	4.3856	0.0000	3.9228	0.2222		0.1389
5.4176	0.0833	2.6637	0.1111	3.3642	0.1667	3.3157	0.0833	3.4603	0.0833	3.2109	0.2500		0.1296
4.7028	0.0833	2.7950	0.1944	2.8698	0.2778	2.6287	0.1389	3.3928	0.0556	2.8003	0.2222		0.1620
3.6208	0.0278	3.1366	0.3333	2.8739	0.1667	2.6584	0.2500	2.9852	0.1111	2.7872	0.2500		0.1898
4.0102	0.0000	3.1374	0.2778	2.7803	0.2222	2.4209	0.2500	3.1630	0.0278	2.9072	0.2778		0.1759
3.7838	0.0000	3.1155	0.2778	2.7901	0.2222	2.5636	0.2500	3.0951	0.0833	2.8876	0.1944		0.1713
3.8264	0.0000	3.1188	0.3056	2.8205	0.1944	2.5796	0.2500	2.9926	0.0833	2.9318	0.1944		0.1713
fc7_linear_accuracy:0.2222

fc7_rbf
Giang		Hai  		Long 		Minh 		Thuy 		Tuyen		Final accuracy
loss	acc 	loss	acc 	loss	acc 	loss	acc 	loss	acc 	loss	acc 	
3.6874	0.0556	2.3461	0.2778	2.4652	0.1944	2.6268	0.2500	2.8062	0.2222	2.6005	0.2500		0.2083
3.5705	0.0556	2.7359	0.3056	2.8208	0.0833	2.6272	0.1944	3.0458	0.0556	2.8282	0.2222		0.1528
3.7442	0.0556	2.7496	0.1667	2.7307	0.3333	2.7314	0.2500	3.4065	0.1111	2.7440	0.3056		0.2037
3.2882	0.0556	2.8868	0.1944	2.7686	0.1667	2.6317	0.2778	3.2509	0.0556	2.9270	0.3333		0.1806
3.6397	0.0000	2.8141	0.1944	2.7027	0.2778	2.5425	0.2500	3.2779	0.0833	2.9127	0.2500		0.1759
3.4100	0.0278	2.8079	0.1944	2.7424	0.1667	2.4601	0.2500	3.3034	0.1667	2.8701	0.3056		0.1852
3.5284	0.0000	2.8116	0.2500	2.8577	0.1944	2.4855	0.2500	3.1508	0.0833	3.0019	0.2778		0.1759
fc7_rbf_accuracy:0.2546

prob
Giang		Hai  		Long 		Minh 		Thuy 		Tuyen		Final accuracy
loss	acc 	loss	acc 	loss	acc 	loss	acc 	loss	acc 	loss	acc 	
3.7129	0.0833	2.9378	0.1389	2.8471	0.1667	2.7641	0.1667	2.6254	0.0833	2.4317	0.2500		0.1481
3.4741	0.0556	3.7326	0.1667	3.4121	0.1667	2.5630	0.2500	3.3188	0.1389	3.1633	0.2500		0.1713
4.4201	0.0556	3.8380	0.1667	3.3862	0.2222	3.2340	0.2500	3.6230	0.1667	3.2383	0.3056		0.1944
4.3676	0.1111	4.6858	0.1111	3.7670	0.2778	2.6234	0.2778	3.9658	0.1389	3.9577	0.3333		0.2083
4.5242	0.0556	4.5414	0.1389	4.1957	0.1667	2.8286	0.2222	4.3210	0.0833	4.0505	0.1944		0.1435
4.4373	0.0833	4.3296	0.2222	4.1938	0.1667	2.8724	0.2500	4.5846	0.1389	3.6989	0.2778		0.1898
4.6215	0.0833	4.3107	0.1944	4.4703	0.1667	2.7908	0.2222	4.6602	0.0833	3.7926	0.2778		0.1713
prob_accuracy:0.2315

