    18      0      0      0      0      0      0      0      0      0      0      0
     0     12      0      0      0      0      0      0      6      0      0      0
     0      0     18      0      0      0      0      0      0      0      0      0
     0      0      0      9      9      0      0      0      0      0      0      0
     0      0      0      0     18      0      0      0      0      0      0      0
     0      0      0      0      0     18      0      0      0      0      0      0
     0      0      0      0      0      2     16      0      0      0      0      0
     0      6      0      0      0      0      0      3      9      0      0      0
     0      2      0      0      0      0      0      0     15      1      0      0
     0      7      0      0      0      0      0      0      5      6      0      0
     0      0      0     10      8      0      0      0      0      0      0      0
     0      0      0      0     18      0      0      0      0      0      0      0
