    15      0      0      0      0      0      0      0      0      0      0      0
     0      0      0      0      0      0      0      0      0     15      0      0
     0      0     15      0      0      0      0      0      0      0      0      0
     0      0      2      9      0      4      0      0      0      0      0      0
     0      0      1      0     13      1      0      0      0      0      0      0
     0      0      0      0      0     15      0      0      0      0      0      0
     0      0      0      0      0     15      0      0      0      0      0      0
     0      0      0      0      0      0      0      1      1     13      0      0
     0      0      0      0      0      0      0      0     14      1      0      0
     0      0      0      0      0      0      0      0      0     15      0      0
     0      0      1      7      1      3      0      0      1      0      2      0
     0      0      1      0     14      0      0      0      0      0      0      0
