    26      0      0     13      0      0      5      0      0      0      1      0
     0      1      0      1      1      1      0      7      0     33      0      1
     0      0     14      0      2      0      7     22      0      0      0      0
     1      0      0     32      0      1      0      2      0      0      8      1
     2      0      0      3      4      0      1      1      0      0      0     34
     1      0      0      3      2     27     12      0      0      0      0      0
     0      0      0      2      0      0     42      1      0      0      0      0
     0      0      0      0      0      0      1     33      0     10      0      1
     0      0      0      0      0      0      0     18      0     11      0     16
     0      0      0      0      0      0      0      0      0     43      0      2
     0      0      0     15      0      0      0      0      0      0     30      0
     0      0      0      0      1      0      0      0      0      0      0     44
