    18      0      0      0      0      0      0      0      0      0      0      0
     0     14      0      0      0      0      1      0      0      3      0      0
     0      0     17      0      0      0      1      0      0      0      0      0
     0      0      0     15      2      0      0      0      0      1      0      0
     0      0      0      0     18      0      0      0      0      0      0      0
     0      0      0      0      0      8     10      0      0      0      0      0
     0      0      0      0      0      0     18      0      0      0      0      0
     0      0      0      0      0      0      0      8      0     10      0      0
     0      3      0      0      0      0      0      0      3     12      0      0
     0      0      0      0      0      0      0      0      0     18      0      0
     0      0      0      1      1      0      0      0      0      0     15      1
     0      0      0      0      0      0      0      0      0      0      0     18
