    90      0      0      0      0      0      0      0      0      0      0      0
     0     78      0      0      0      0      0      0      5      7      0      0
     0      0     90      0      0      0      0      0      0      0      0      0
     0      0      0     75      0      0      0      0      0      0     15      0
     0      0      0      0     70      0      0      0      0      0      0     20
     0      0      0      0      0     87      3      0      0      0      0      0
     0      0      0      0      0      0     90      0      0      0      0      0
     0      1      0      0      0      0      0     88      0      1      0      0
     0      4      0      0      0      0      0      0     83      3      0      0
     0      6      0      0      0      0      0      1      5     78      0      0
     0      0      0     10      0      0      0      0      0      0     78      2
     0      0      0      0     11      0      0      0      0      0      0     79
