    90      0      0      0      0      0      0      0      0      0      0      0
     0     70      0      0      0      0      0      2      7     11      0      0
     0      0     90      0      0      0      0      0      0      0      0      0
     0      0      0     74      0      0      0      0      0      0     16      0
     0      0      0      0     73      0      0      1      0      0      0     16
     0      0      0      0      0     88      2      0      0      0      0      0
     0      0      0      0      0      0     90      0      0      0      0      0
     0      4      0      0      0      0      0     84      0      2      0      0
     0      3      0      0      0      0      0      1     81      5      0      0
     0      5      0      0      0      0      0      1      6     78      0      0
     0      0      0     11      0      0      0      0      0      0     74      5
     0      0      0      0     18      0      0      0      0      0      0     72
