    90      0      0      0      0      0      0      0      0      0      0      0
     2     60      0      1      0      0      0      2     17      8      0      0
     0      0     90      0      0      0      0      0      0      0      0      0
     0      0      0     73      0      0      0      0      0      0     16      1
     0      0      0      0     47      0      0      0      0      0      1     42
     0      0      0      0      0     89      1      0      0      0      0      0
     0      0      0      0      0      1     89      0      0      0      0      0
     0      8      0      1      1      0      0     77      3      0      0      0
     0      2      0      0      0      0      0      0     82      6      0      0
     0      8      0      0      0      0      0      1      7     74      0      0
     0      0      0     14      0      0      0      0      0      0     65     11
     0      0      0      0     10      0      0      0      0      0      0     80
