    45      0      0      0      0      0      0      0      0      0      0      0
     0     41      1      0      0      1      0      0      0      2      0      0
     1      1     43      0      0      0      0      0      0      0      0      0
     0      0      0     43      0      0      0      0      0      0      2      0
     0      0      0      0     43      0      0      0      0      0      0      2
     0      0      0      0      0     45      0      0      0      0      0      0
     0      0      0      0      0      0     45      0      0      0      0      0
     0      0      0      0      0      0      0     45      0      0      0      0
     0      0      0      0      0      0      0      0     45      0      0      0
     0      2      0      0      0      0      0      0      0     43      0      0
     0      0      0      0      0      0      0      0      0      0     45      0
     0      0      0      0      0      0      0      0      0      0      0     45
