     5      0      0     10      1      0      0      0      0      2      0      0
     0      0      0      0      0      0      0      0      0     18      0      0
     0      0     11      0      0      0      0      7      0      0      0      0
     0      0      0     14      3      0      1      0      0      0      0      0
     0      0      0      1     15      0      1      0      0      0      0      1
     0      0      0      0      0      0     18      0      0      0      0      0
     0      0      0      0      0      0     18      0      0      0      0      0
     0      0      0      0      0      0      0      4      0     14      0      0
     0      0      0      0      0      0      0      0      3     15      0      0
     0      0      0      0      0      0      0      0      0     18      0      0
     0      0      0     10      4      0      2      0      0      0      1      1
     0      0      0      0     12      0      0      0      0      0      0      6
