    90      0      0      0      0      0      0      0      0      0      0      0
     0     79      0      0      0      0      0      0      6      5      0      0
     0      0     90      0      0      0      0      0      0      0      0      0
     0      0      0     78      0      0      0      0      0      0     12      0
     0      0      0      0     73      0      0      0      0      0      0     17
     0      0      0      0      0     90      0      0      0      0      0      0
     0      0      0      0      0      0     90      0      0      0      0      0
     0      1      0      0      0      0      0     89      0      0      0      0
     0      0      0      0      0      0      0      0     87      3      0      0
     0      3      0      0      0      0      0      0      3     84      0      0
     0      0      0      6      1      0      0      0      0      0     82      1
     0      0      0      0     10      0      0      0      0      0      0     80
