    90      0      0      0      0      0      0      0      0      0      0      0
     0     73      0      0      0      0      0      1      7      9      0      0
     0      0     90      0      0      0      0      0      0      0      0      0
     0      0      0     75      0      0      0      0      0      0     15      0
     0      0      0      0     64      0      0      0      0      0      0     26
     0      0      0      0      0     90      0      0      0      0      0      0
     0      0      0      0      0      0     90      0      0      0      0      0
     0      2      0      0      0      0      0     88      0      0      0      0
     0      2      0      0      0      0      0      0     86      2      0      0
     0      3      0      0      0      0      0      2      4     81      0      0
     0      0      0      7      1      0      0      0      0      0     81      1
     0      0      0      0     11      0      0      0      0      0      0     79
