    90      0      0      0      0      0      0      0      0      0      0      0
     0     79      0      0      0      0      0      0      7      4      0      0
     0      0     90      0      0      0      0      0      0      0      0      0
     0      0      0     60      0      0      0      0      0      0     30      0
     0      0      0      0     79      0      0      0      0      0      5      6
     0      0      0      0      0     88      2      0      0      0      0      0
     0      0      0      0      0      0     90      0      0      0      0      0
     0     16      0      0      0      0      0     74      0      0      0      0
     0      3      0      0      0      0      0      0     83      4      0      0
     0      8      0      0      0      0      0      0      1     81      0      0
     0      0      0      0      1      0      0      0      0      0     89      0
     0      0      0      0     36      0      0      0      0      0      0     54
