output/result_backup/table_22Jan2019_segmented/K5_K3_22-01-2019_02.51.34

fc6_linear
Binh 		Giang		Hung 		Tan  		Thuan		Final accuracy
loss	acc 	loss	acc 	loss	acc 	loss	acc 	loss	acc 	
0.8176	0.5938	0.7238	0.8095	1.5580	0.6129	0.9027	0.7273	1.2764	0.4583		0.6404
0.8268	0.5938	0.6199	0.8095	1.3828	0.6129	0.8735	0.7273	1.2313	0.4583		0.6404
0.7794	0.6250	0.5651	0.8095	1.2586	0.6452	0.8430	0.7273	1.3070	0.4583		0.6531
0.7916	0.6562	0.6761	0.7143	1.2861	0.6774	0.8510	0.7273	1.2317	0.4583		0.6467
1.0012	0.5938	0.5849	0.8095	1.2084	0.6129	0.8530	0.7273	1.3218	0.4583		0.6404
fc6_linear_accuracy:0.6658

fc6_rbf
Binh 		Giang		Hung 		Tan  		Thuan		Final accuracy
loss	acc 	loss	acc 	loss	acc 	loss	acc 	loss	acc 	
0.8870	0.4688	0.6039	0.7619	1.5843	0.5161	0.7683	0.7273	1.3564	0.4583		0.5865
0.9248	0.4375	0.6101	0.7143	1.3752	0.6452	0.6912	0.7273	1.2538	0.4583		0.5965
1.0002	0.4062	0.5131	0.8095	1.3475	0.6452	0.6977	0.7273	1.2272	0.4583		0.6093
0.8788	0.5000	0.5358	0.8095	1.3865	0.5806	0.6758	0.7273	1.2297	0.4167		0.6068
0.9286	0.4688	0.5093	0.8095	1.2886	0.6452	0.6852	0.7273	1.2102	0.4583		0.6218
fc6_rbf_accuracy:0.6281

fc7_linear
Binh 		Giang		Hung 		Tan  		Thuan		Final accuracy
loss	acc 	loss	acc 	loss	acc 	loss	acc 	loss	acc 	
0.8260	0.5938	0.7341	0.8095	1.5395	0.5806	0.8882	0.6818	1.2586	0.4583		0.6248
0.8083	0.6250	0.6249	0.8095	1.3823	0.5806	0.8216	0.7273	1.2010	0.4583		0.6402
0.8149	0.6250	0.5695	0.8095	1.2968	0.5806	0.8120	0.7273	1.2043	0.4583		0.6402
0.7998	0.6562	0.5583	0.8095	1.2859	0.5806	0.7866	0.7273	1.2636	0.4583		0.6464
0.8204	0.6250	0.5723	0.8095	1.2593	0.5806	0.7935	0.7273	1.2133	0.4583		0.6402
fc7_linear_accuracy:0.6464

fc7_rbf
Binh 		Giang		Hung 		Tan  		Thuan		Final accuracy
loss	acc 	loss	acc 	loss	acc 	loss	acc 	loss	acc 	
0.9822	0.3750	0.6210	0.8095	1.4484	0.5484	0.7517	0.7273	1.3554	0.4167		0.5754
0.8327	0.6250	0.5616	0.8095	1.3761	0.4839	0.6898	0.7273	1.2727	0.4167		0.6125
0.8161	0.6250	0.4782	0.8095	1.2509	0.5161	0.6540	0.7727	1.1773	0.4167		0.6280
0.8198	0.6562	0.4813	0.8095	1.2081	0.5484	0.6912	0.7273	1.2704	0.4167		0.6316
0.8333	0.6250	0.5354	0.8095	1.1767	0.5484	0.6279	0.8182	1.2806	0.4167		0.6436
fc7_rbf_accuracy:0.6498

prob
Binh 		Giang		Hung 		Tan  		Thuan		Final accuracy
loss	acc 	loss	acc 	loss	acc 	loss	acc 	loss	acc 	
1.1079	0.5938	0.6132	0.8571	1.2230	0.5161	0.6662	0.7273	1.4398	0.4583		0.6305
1.2132	0.5938	0.4715	0.8571	1.3358	0.5806	0.8145	0.6364	1.6477	0.4583		0.6252
1.2196	0.6250	0.4123	0.8571	1.5948	0.4839	0.6665	0.7273	1.7931	0.4583		0.6303
1.1491	0.6250	0.4683	0.8571	1.4573	0.5484	0.6831	0.7273	1.8446	0.4583		0.6432
1.1004	0.6250	0.4522	0.8571	1.5288	0.5161	0.6177	0.8182	1.8422	0.4583		0.6550
prob_accuracy:0.6679

