     0      4      3      0      6      0      0      0      1      0      0      4
     0     18      0      0      0      0      0      0      0      0      0      0
     0      0     18      0      0      0      0      0      0      0      0      0
     0      0      6      7      3      1      0      0      1      0      0      0
     0      2      0      0     12      0      0      0      0      0      0      4
     0      0      1      0      8      9      0      0      0      0      0      0
     0      0      1      1     10      3      3      0      0      0      0      0
     0     18      0      0      0      0      0      0      0      0      0      0
     0     15      0      0      0      0      0      0      3      0      0      0
     0     18      0      0      0      0      0      0      0      0      0      0
     0      0      6      9      3      0      0      0      0      0      0      0
     0      2      0      1      6      0      0      0      1      0      0      8
