    90      0      0      0      0      0      0      0      0      0      0      0
     0     79      0      0      0      0      0      0      4      6      1      0
     0      0     90      0      0      0      0      0      0      0      0      0
     0      0      0     75      0      0      0      0      0      0     15      0
     0      0      0      0     82      0      0      0      0      0      0      8
     0      0      0      0      0     86      4      0      0      0      0      0
     0      0      0      0      0      0     90      0      0      0      0      0
     0      0      0      0      0      0      0     84      0      6      0      0
     0      4      0      0      0      0      0      0     80      6      0      0
     0      9      0      0      0      0      0      0      0     81      0      0
     0      0      0     10      0      0      0      0      0      0     77      3
     0      0      0      1      6      0      0      0      0      0      0     83
