    90      0      0      0      0      0      0      0      0      0      0      0
     0     71      0      0      0      0      0      3      5     10      1      0
     0      0     90      0      0      0      0      0      0      0      0      0
     0      0      0     72      0      0      0      0      0      0     18      0
     0      0      0      0     79      0      0      0      0      0      0     11
     0      0      0      0      0     85      5      0      0      0      0      0
     0      0      0      0      0      1     89      0      0      0      0      0
     0      1      0      0      0      0      0     81      0      8      0      0
     0      9      0      0      0      0      0      2     70      9      0      0
     0     12      0      0      0      0      0      0      1     77      0      0
     0      0      0     19      1      0      0      0      0      0     64      6
     0      0      0      2      8      0      0      0      0      0      0     80
