    90      0      0      0      0      0      0      0      0      0      0      0
     1     49      0      3      0      0      0      2      4     30      0      1
     0      0     90      0      0      0      0      0      0      0      0      0
     0      0      0     74      0      0      0      0      0      0      0     16
     0      0      0      1     20      5      0      0      0      0      0     64
     0      0      0      0      0     88      2      0      0      0      0      0
     0      0      0      0      0      9     81      0      0      0      0      0
     0     10      0      0      0      2      0     39     15     21      0      3
     0     13      0      0      0      0      0      0     42     35      0      0
     0      3      0      0      0      0      0      0      0     87      0      0
     0      0      0     61      0      0      0      0      0      0      1     28
     0      0      0      4      0      1      0      0      0      0      0     85
