    18      0      0      0      0      0      0      0      0      0      0      0
     0     13      0      0      0      0      0      0      1      4      0      0
     0      0     18      0      0      0      0      0      0      0      0      0
     0      0      0     18      0      0      0      0      0      0      0      0
     0      0      0      0     18      0      0      0      0      0      0      0
     0      0      0      0      0     18      0      0      0      0      0      0
     0      0      0      0      0      0     18      0      0      0      0      0
     0      2      0      0      0      0      0     13      0      3      0      0
     0      0      0      0      0      0      0      0     16      2      0      0
     0      0      0      0      0      0      0      0      0     18      0      0
     0      0      0      5      0      0      0      0      0      0     11      2
     0      0      0      0      4      0      0      0      0      0      0     14
