    18      0      0      0      0      0      0      0      0      0      0      0
     0      0      0      0      0      0      0      0     13      5      0      0
     0      0     18      0      0      0      0      0      0      0      0      0
     0      0      0     18      0      0      0      0      0      0      0      0
     0      0      0      1     14      0      0      0      0      0      0      3
     0      0      0      0      0     17      1      0      0      0      0      0
     0      0      0      0      0      0     18      0      0      0      0      0
     0      0      0      0      0      0      0      7     11      0      0      0
     0      0      0      0      0      0      0      0     18      0      0      0
     0      0      0      0      0      0      0      0      8     10      0      0
     0      0      0     16      0      0      0      0      0      0      2      0
     0      0      0      3      1      0      0      0      0      0      0     14
