     7      0      0      6      0      2      0      0      0      0      0      0
     0      7      0      0      0      0      0      0      0      8      0      0
     0      0     15      0      0      0      0      0      0      0      0      0
     0      0      0     15      0      0      0      0      0      0      0      0
     0      0      0      0     15      0      0      0      0      0      0      0
     0      0      0      0      0     15      0      0      0      0      0      0
     0      0      0      2      0      5      8      0      0      0      0      0
     0      6      0      0      0      0      0      1      1      7      0      0
     0      0      0      0      0      0      0      0     13      2      0      0
     0      0      0      0      0      0      0      0      0     15      0      0
     0      0      0     13      0      0      0      0      0      0      2      0
     0      0      0      0     15      0      0      0      0      0      0      0
