    90      0      0      0      0      0      0      0      0      0      0      0
     0     78      0      0      0      0      0      0      3      9      0      0
     0      0     90      0      0      0      0      0      0      0      0      0
     0      0      0     83      0      0      0      0      0      0      7      0
     0      0      0      0     85      0      0      0      0      0      0      5
     0      0      0      0      0     86      4      0      0      0      0      0
     0      0      0      0      0      0     90      0      0      0      0      0
     0      0      0      0      0      0      0     90      0      0      0      0
     0      1      0      0      0      0      0      0     88      1      0      0
     0      4      0      0      0      0      0      0      9     77      0      0
     0      0      0      8      0      0      0      0      0      0     81      1
     0      0      0      0     11      0      0      0      0      0      0     79
