    90      0      0      0      0      0      0      0      0      0      0      0
     0     75      0      0      0      0      0      0      1     14      0      0
     0      0     90      0      0      0      0      0      0      0      0      0
     0      0      0     83      0      0      0      0      0      0      7      0
     0      0      0      0     72      0      0      0      0      0      0     18
     0      0      0      0      0     87      3      0      0      0      0      0
     0      0      0      0      0      0     90      0      0      0      0      0
     0      0      0      0      0      0      0     90      0      0      0      0
     0      2      0      0      0      0      0      0     83      5      0      0
     0      6      0      0      0      0      0      0      6     78      0      0
     0      0      0     11      0      0      0      0      0      0     77      2
     0      0      0      0     10      0      0      0      0      0      0     80
