    90      0      0      0      0      0      0      0      0      0      0      0
     0     90      0      0      0      0      0      0      0      0      0      0
     0      0     90      0      0      0      0      0      0      0      0      0
     0      0      0     48      0      0      0      0      0      0     42      0
     0      0      0      0     66      0      0      0      0      0      0     24
     0      0      0      0      0     84      6      0      0      0      0      0
     0      0      0      0      0      0     90      0      0      0      0      0
     0     22      0      0      0      0      0     68      0      0      0      0
     0     23      0      0      0      0      0      0     65      2      0      0
     0     62      0      0      0      0      0      0      0     28      0      0
     0      0      0      0      0      0      0      0      0      0     88      2
     0      0      0      0     14      0      0      0      0      0      0     76
