    18      0      0      0      0      0      0      0      0      0      0      0
     1      1      0      0      0      0      0      0      0     16      0      0
     0      0     18      0      0      0      0      0      0      0      0      0
     0      0      0     13      2      0      0      0      0      0      2      1
     0      0      0      0     13      0      0      0      0      0      1      4
     0      0      0      0      2     16      0      0      0      0      0      0
     0      0      3      0      0      0     15      0      0      0      0      0
     0      0      0      0      0      0      0     15      0      3      0      0
     0      0      0      0      0      0      0      0     18      0      0      0
     0      0      0      0      0      0      0      0      0     18      0      0
     0      0      0      8      1      0      0      0      0      0      7      2
     0      0      0      0      9      0      0      0      0      0      1      8
