     0      1      1     10      4      0      0      0      0      0      0      2
     0     16      2      0      0      0      0      0      0      0      0      0
     0      0     18      0      0      0      0      0      0      0      0      0
     0      1      0     14      3      0      0      0      0      0      0      0
     0      0      3      2     12      0      0      0      0      0      0      1
     0      0      1      0      2     15      0      0      0      0      0      0
     0      1      3      3      5      1      5      0      0      0      0      0
     0     18      0      0      0      0      0      0      0      0      0      0
     0     17      0      0      0      0      0      0      1      0      0      0
     0     15      3      0      0      0      0      0      0      0      0      0
     0      0      4      8      6      0      0      0      0      0      0      0
     0      1      3      2      6      2      0      0      0      0      0      4
