    15      0      0      0      0      0      0      0      0      0      0      0
     0     14      0      0      0      0      0      0      0      1      0      0
     0      0     15      0      0      0      0      0      0      0      0      0
     0      0      0     14      0      0      0      0      0      0      1      0
     0      0      0      0     15      0      0      0      0      0      0      0
     0      0      0      0      0     15      0      0      0      0      0      0
     0      0      0      0      0      1     14      0      0      0      0      0
     0      0      0      0      0      0      0     15      0      0      0      0
     0      0      0      0      0      0      0      0     15      0      0      0
     0      0      0      0      0      0      0      2      1     12      0      0
     0      0      0      1      0      0      0      0      0      0     14      0
     0      0      0      0      6      0      0      0      0      0      0      9
