output/result/K1_K1_2019-05-13_13.30

fc6_linear
Giang		Hai  		Long 		Minh 		Thuy 		Tuyen		Final accuracy
loss	acc 	loss	acc 	loss	acc 	loss	acc 	loss	acc 	loss	acc 	
3.0135	0.3611	1.3526	0.6019	1.2049	0.6852	3.4985	0.3333	2.1929	0.5093	1.2334	0.6481		0.5231
2.1362	0.5093	1.2456	0.6296	1.1788	0.6944	2.1767	0.4167	1.5640	0.6204	1.0734	0.5926		0.5772
1.7436	0.5648	0.9821	0.6667	1.0133	0.6944	2.3391	0.4352	1.2919	0.6296	0.9509	0.7037		0.6157
1.8034	0.5093	1.1079	0.6944	1.0738	0.7222	2.5980	0.4352	1.2264	0.6204	0.8965	0.7407		0.6204
1.6820	0.5370	0.9541	0.7222	1.0905	0.6852	2.4612	0.4259	1.3387	0.6296	1.0404	0.6667		0.6111
1.6122	0.5278	1.0785	0.7222	0.9683	0.7037	2.4214	0.4352	1.3738	0.6389	0.9032	0.6667		0.6157
1.6820	0.5278	1.0945	0.7130	0.9800	0.7407	2.5543	0.4074	1.3819	0.6204	0.9605	0.6667		0.6127
fc6_linear_accuracy:0.6404

fc6_rbf
Giang		Hai  		Long 		Minh 		Thuy 		Tuyen		Final accuracy
loss	acc 	loss	acc 	loss	acc 	loss	acc 	loss	acc 	loss	acc 	
2.7733	0.4259	1.2230	0.5926	1.2366	0.7037	2.6486	0.3611	2.1136	0.4630	1.0500	0.6111		0.5262
1.8644	0.5185	0.9676	0.6667	1.0585	0.6667	1.6012	0.4444	1.2698	0.4722	1.0029	0.6204		0.5648
1.7261	0.5370	0.9197	0.6111	1.0279	0.6759	1.5221	0.4352	1.2012	0.6204	0.9376	0.6111		0.5818
1.8508	0.5278	0.8713	0.6574	1.0260	0.7222	1.7368	0.4630	1.0606	0.6111	0.8500	0.6759		0.6096
1.6123	0.5093	0.8563	0.6944	0.9715	0.6944	1.7129	0.4722	1.1295	0.5833	0.9228	0.6481		0.6003
1.7097	0.4815	0.8747	0.6667	0.9365	0.6944	1.6714	0.4722	1.0938	0.6111	0.8751	0.6852		0.6019
1.7360	0.4907	0.8673	0.6759	0.9337	0.7222	1.7181	0.4722	1.1142	0.6111	0.8657	0.6759		0.6080
fc6_rbf_accuracy:0.6219

fc7_linear
Giang		Hai  		Long 		Minh 		Thuy 		Tuyen		Final accuracy
loss	acc 	loss	acc 	loss	acc 	loss	acc 	loss	acc 	loss	acc 	
3.0854	0.3426	1.3706	0.6204	1.4149	0.6204	3.8926	0.3796	2.0835	0.4907	1.1069	0.6759		0.5216
1.8345	0.4444	1.2186	0.6574	1.3855	0.7130	1.9750	0.4167	1.4136	0.6204	1.2076	0.6111		0.5772
1.6769	0.5185	0.9985	0.6296	1.0342	0.6759	1.9111	0.4444	1.1706	0.6111	1.0957	0.6574		0.5895
1.8603	0.5370	1.0256	0.7037	1.0540	0.6852	2.1800	0.4167	1.1731	0.6296	0.9474	0.6944		0.6111
1.7099	0.5833	1.0382	0.6944	1.0317	0.6944	2.3420	0.4167	1.3158	0.6389	1.1138	0.6574		0.6142
1.6904	0.6204	1.1381	0.6944	1.0010	0.7130	2.1319	0.4352	1.3307	0.6296	1.0837	0.6389		0.6219
1.6587	0.5741	1.0807	0.7130	1.0498	0.7130	2.3179	0.4259	1.3509	0.6296	1.1027	0.6296		0.6142
fc7_linear_accuracy:0.6373

fc7_rbf
Giang		Hai  		Long 		Minh 		Thuy 		Tuyen		Final accuracy
loss	acc 	loss	acc 	loss	acc 	loss	acc 	loss	acc 	loss	acc 	
2.7767	0.3889	1.2057	0.6111	1.4043	0.6574	2.6937	0.3981	1.9093	0.4352	1.0385	0.6296		0.5201
1.6159	0.5370	0.9527	0.6667	1.0293	0.6667	1.5990	0.4444	1.1374	0.5648	1.0499	0.6019		0.5802
1.7067	0.5370	0.8701	0.6667	0.9944	0.6759	1.4889	0.4167	1.0906	0.6389	0.9790	0.6204		0.5926
1.5859	0.5556	0.8531	0.6759	0.8558	0.7037	1.5573	0.4444	1.0041	0.6389	0.9087	0.6389		0.6096
1.6300	0.5093	0.8206	0.6759	0.8597	0.7037	1.6171	0.4815	1.1747	0.6204	0.9374	0.6759		0.6111
1.5689	0.5370	0.8613	0.6667	0.8440	0.7130	1.6010	0.4815	1.1834	0.6019	0.9239	0.6759		0.6127
1.6638	0.5370	0.8449	0.6759	0.9207	0.6944	1.6285	0.4537	1.1831	0.6019	0.9297	0.6667		0.6049
fc7_rbf_accuracy:0.6235

prob
Giang		Hai  		Long 		Minh 		Thuy 		Tuyen		Final accuracy
loss	acc 	loss	acc 	loss	acc 	loss	acc 	loss	acc 	loss	acc 	
2.0982	0.2963	1.8947	0.3056	1.9550	0.3519	1.9856	0.2685	2.0019	0.3241	1.7986	0.3426		0.3148
1.4633	0.3796	1.0382	0.5741	1.2744	0.5000	1.6197	0.4537	1.2756	0.5556	1.2047	0.4352		0.4830
1.1225	0.6204	0.8791	0.5741	0.9780	0.5463	1.5930	0.4167	1.2225	0.6204	1.0240	0.5185		0.5494
1.2916	0.5278	0.9990	0.6944	0.9399	0.6389	1.5371	0.5185	1.4812	0.6944	1.0384	0.5370		0.6019
1.3069	0.4630	0.6802	0.6481	0.9468	0.6481	1.6792	0.4907	1.3688	0.5926	0.9134	0.6389		0.5802
1.1856	0.6111	0.7318	0.6667	0.5952	0.7315	1.5688	0.4722	1.1922	0.6389	0.7686	0.6944		0.6358
1.2285	0.5926	0.8684	0.6759	0.6182	0.7407	1.7499	0.4630	1.2315	0.6204	0.7502	0.6667		0.6265
prob_accuracy:0.6605

