     7      0      0      8      0      0      0      0      0      0      0      0
     0      2      0      0      0      0      0      1      2     10      0      0
     0      0     15      0      0      0      0      0      0      0      0      0
     0      0      0     15      0      0      0      0      0      0      0      0
     0      0      0      4      1      0      1      0      0      0      0      9
     0      0      0      0      0     10      4      0      0      0      0      1
     0      0      0      0      0      0     15      0      0      0      0      0
     0      3      0      0      0      0      0      0      2      9      0      1
     0      0      0      0      0      0      0      0      2     13      0      0
     0      0      0      0      0      0      0      0      0     15      0      0
     0      0      0     15      0      0      0      0      0      0      0      0
     0      0      0      4      0      0      0      0      0      0      0     11
