    18      0      0      0      0      0      0      0      0      0      0      0
     0     15      0      0      0      0      0      0      0      3      0      0
     0      0     18      0      0      0      0      0      0      0      0      0
     0      0      0     12      0      0      0      0      0      0      6      0
     0      0      0      0      7      0      0      0      0      0      0     11
     0      0      0      0      0     18      0      0      0      0      0      0
     0      0      0      0      0      1     17      0      0      0      0      0
     0      0      0      0      0      0      0     15      1      2      0      0
     0      0      0      0      0      0      0      0     18      0      0      0
     0      0      0      0      0      0      0      0      0     18      0      0
     0      0      0      0      0      0      0      0      0      0     18      0
     0      0      0      0      0      0      0      0      0      0      0     18
