output/result_backup/table_05Feb2019_original_pre_3_12gestures/K1_K4_2019-02-05_22.55

fc6_linear
Giang		Hai  		Long 		Minh 		Thuan		Thuy 		Tuyen		Final accuracy
loss	acc 	loss	acc 	loss	acc 	loss	acc 	loss	acc 	loss	acc 	loss	acc 	
3.0588	0.3333	4.7947	0.1667	3.5182	0.2222	2.9632	0.3611	3.6260	0.3056	3.4898	0.2500	3.6757	0.2500		0.2698
2.7277	0.3333	3.5074	0.3611	3.3147	0.2500	2.0933	0.5278	2.7083	0.2500	2.8607	0.3611	2.9698	0.2778		0.3373
2.8801	0.3889	3.2927	0.3611	3.4593	0.2500	2.3962	0.5000	2.7373	0.3056	3.0898	0.3611	2.8368	0.3333		0.3571
2.5755	0.3333	3.0792	0.4167	3.0644	0.2500	2.4130	0.5278	2.9656	0.3056	2.3945	0.3611	5.0072	0.3333		0.3611
2.8470	0.3611	2.7317	0.3889	2.8528	0.3611	2.8501	0.4444	2.9948	0.3056	2.4892	0.5000	2.6023	0.3889		0.3929
2.8380	0.3333	3.0045	0.3889	2.6169	0.3611	2.7917	0.4722	2.8461	0.2500	2.3502	0.4444	2.5993	0.3889		0.3770
fc6_linear_accuracy:0.4127

fc6_rbf
Giang		Hai  		Long 		Minh 		Thuan		Thuy 		Tuyen		Final accuracy
loss	acc 	loss	acc 	loss	acc 	loss	acc 	loss	acc 	loss	acc 	loss	acc 	
2.6426	0.2778	3.3938	0.2500	3.0484	0.2222	1.9926	0.3611	3.2405	0.1944	2.5121	0.3056	2.9336	0.2500		0.2659
2.1878	0.3333	2.7424	0.2778	3.0880	0.2222	1.8889	0.5000	2.5005	0.3056	2.1956	0.4167	2.7070	0.3056		0.3373
2.2525	0.3611	2.6697	0.2778	2.9768	0.3056	2.0249	0.4167	2.5729	0.2778	2.1758	0.3611	2.2797	0.3333		0.3333
2.1452	0.3333	2.3846	0.3889	2.5757	0.3333	1.9736	0.4722	2.2832	0.2500	1.8596	0.5278	2.6045	0.2778		0.3690
2.1803	0.3333	2.4077	0.3889	2.4825	0.3333	2.2290	0.4722	2.1318	0.2778	1.8986	0.5000	2.2438	0.3889		0.3849
2.1377	0.3611	2.4686	0.3056	2.4455	0.3611	2.2251	0.4722	2.2166	0.3333	1.7521	0.5000	2.0640	0.3889		0.3889
fc6_rbf_accuracy:0.4087

fc7_linear
Giang		Hai  		Long 		Minh 		Thuan		Thuy 		Tuyen		Final accuracy
loss	acc 	loss	acc 	loss	acc 	loss	acc 	loss	acc 	loss	acc 	loss	acc 	
3.6593	0.3056	3.8757	0.1389	3.4313	0.2778	2.9812	0.3333	3.5108	0.2778	2.9233	0.3611	3.3230	0.2778		0.2817
2.5930	0.4167	3.0740	0.4444	3.2777	0.2222	2.2733	0.4722	2.6776	0.2778	2.0254	0.4444	2.9526	0.3056		0.3690
2.6501	0.3889	2.9861	0.4167	3.1449	0.2500	2.1691	0.4444	2.9550	0.3333	2.3614	0.5000	2.6055	0.3333		0.3810
2.8884	0.3333	2.6658	0.4167	2.8693	0.3611	2.1241	0.4722	2.9757	0.3333	1.9797	0.5000	2.5188	0.3889		0.4008
2.9569	0.4167	2.6775	0.3889	2.6218	0.3889	2.3780	0.4722	2.8547	0.3333	2.0342	0.5000	2.4688	0.4444		0.4206
2.8625	0.4167	2.4970	0.3889	2.6997	0.3333	2.4590	0.5000	2.7025	0.2778	2.1182	0.5278	2.3054	0.4444		0.4127
fc7_linear_accuracy:0.4365

fc7_rbf
Giang		Hai  		Long 		Minh 		Thuan		Thuy 		Tuyen		Final accuracy
loss	acc 	loss	acc 	loss	acc 	loss	acc 	loss	acc 	loss	acc 	loss	acc 	
2.5595	0.4722	3.3384	0.1944	3.0095	0.1944	1.9693	0.4444	3.2248	0.2222	2.1670	0.3056	3.2528	0.2500		0.2976
2.0737	0.3333	2.4097	0.3611	3.0334	0.1944	1.8522	0.4722	2.3250	0.3333	1.8245	0.5000	2.5263	0.2222		0.3452
1.9923	0.3333	2.3167	0.3056	2.7972	0.3056	1.9778	0.4167	2.1543	0.3056	1.9872	0.4722	2.3114	0.3333		0.3532
2.1567	0.3611	2.2099	0.3333	2.4681	0.3333	1.8874	0.4444	2.3351	0.2778	1.7187	0.5278	2.0976	0.4167		0.3849
2.0676	0.4167	2.2864	0.3333	2.5779	0.3333	2.1707	0.4722	2.1108	0.3611	1.6061	0.5556	2.0149	0.4167		0.4127
2.1097	0.4444	2.3398	0.3611	2.5070	0.3333	2.0855	0.4444	2.1011	0.3333	1.6054	0.5556	2.0229	0.4444		0.4167
fc7_rbf_accuracy:0.4286

prob
Giang		Hai  		Long 		Minh 		Thuan		Thuy 		Tuyen		Final accuracy
loss	acc 	loss	acc 	loss	acc 	loss	acc 	loss	acc 	loss	acc 	loss	acc 	
1.9524	0.1944	2.2916	0.1389	1.9836	0.1667	1.9863	0.1667	2.2924	0.0833	1.7870	0.3056	2.1945	0.0833		0.1627
2.1534	0.2500	1.7087	0.3333	1.8390	0.3889	1.9819	0.3333	2.2827	0.3333	1.9413	0.3056	2.1216	0.2778		0.3175
2.1832	0.2500	1.8386	0.1667	2.3652	0.2500	1.4470	0.5000	2.2686	0.3333	1.1722	0.6111	2.3450	0.3056		0.3452
2.6770	0.1944	1.8471	0.2222	2.4796	0.3056	1.6525	0.4167	2.3648	0.3333	1.5553	0.5556	2.3537	0.3889		0.3452
2.7664	0.3333	2.0824	0.3333	2.3127	0.1944	1.6026	0.4722	2.8797	0.3056	1.2526	0.6111	2.1284	0.4444		0.3849
2.5904	0.3056	1.9392	0.3333	2.2019	0.3611	1.6566	0.4722	2.4382	0.3333	1.3663	0.6389	2.2227	0.4444		0.4127
prob_accuracy:0.4246

