output/result_backup/table_05Feb2019_original_pre_3_12gestures/K2_K1_2019-02-06_02.28

fc6_linear
Giang		Hai  		Long 		Minh 		Thuan		Thuy 		Tuyen		Final accuracy
loss	acc 	loss	acc 	loss	acc 	loss	acc 	loss	acc 	loss	acc 	loss	acc 	
4.9838	0.1111	6.4183	0.0833	6.2206	0.0833	6.1955	0.0833	5.9919	0.1667	7.5042	0.0833	6.1831	0.1389		0.1071
4.4021	0.1389	5.3580	0.0833	4.7913	0.1389	5.0313	0.2500	4.6410	0.1667	6.0407	0.1667	5.5091	0.0278		0.1389
4.7176	0.1667	5.3393	0.1111	5.2849	0.1389	4.1954	0.1667	4.3183	0.1667	5.6506	0.1667	5.1459	0.1667		0.1548
3.8618	0.1111	5.2805	0.0833	4.6819	0.1389	5.4896	0.3333	4.6649	0.1667	4.9645	0.1667	4.4589	0.1944		0.1706
4.3338	0.2500	5.0950	0.0833	5.2224	0.1389	4.2364	0.1667	4.9345	0.1667	4.9437	0.0833	4.7808	0.1667		0.1508
4.9337	0.1667	5.2643	0.0833	5.0534	0.1389	4.3623	0.1667	4.9547	0.1667	4.9461	0.1111	4.9582	0.1389		0.1389
fc6_linear_accuracy:0.1944

fc6_rbf
Giang		Hai  		Long 		Minh 		Thuan		Thuy 		Tuyen		Final accuracy
loss	acc 	loss	acc 	loss	acc 	loss	acc 	loss	acc 	loss	acc 	loss	acc 	
3.6844	0.1389	4.2425	0.1111	4.5203	0.1111	4.3351	0.0833	4.3714	0.1667	4.7747	0.0833	4.3501	0.1667		0.1230
3.4892	0.0833	4.0673	0.0833	4.0690	0.1389	3.3483	0.2222	3.6463	0.1667	4.1242	0.1389	3.5304	0.0278		0.1230
3.3042	0.1389	3.9950	0.1667	3.8760	0.0833	3.4513	0.0833	3.3435	0.2500	3.7469	0.1667	3.6490	0.0833		0.1389
3.1623	0.1111	4.0422	0.1111	3.6625	0.1111	3.6855	0.1944	3.3195	0.2500	3.6779	0.1667	3.4129	0.1111		0.1508
3.4253	0.0833	4.3157	0.0833	3.6160	0.0833	3.5537	0.1944	3.1613	0.2222	3.5895	0.1389	3.8964	0.1944		0.1429
3.6010	0.0833	4.4826	0.0833	3.5679	0.1389	3.4963	0.1667	3.7586	0.1667	4.0243	0.0833	3.7975	0.1389		0.1230
fc6_rbf_accuracy:0.1825

fc7_linear
Giang		Hai  		Long 		Minh 		Thuan		Thuy 		Tuyen		Final accuracy
loss	acc 	loss	acc 	loss	acc 	loss	acc 	loss	acc 	loss	acc 	loss	acc 	
4.9655	0.0833	5.4284	0.0833	5.2915	0.0833	5.2807	0.1667	6.1374	0.1667	7.1268	0.1667	5.0710	0.1389		0.1270
4.0720	0.1389	5.3894	0.0833	4.7677	0.1667	4.8618	0.2222	5.5724	0.0833	5.8635	0.2222	4.8953	0.1667		0.1548
4.2668	0.1389	4.7431	0.0833	4.6530	0.0833	3.9483	0.2222	3.3371	0.3056	5.0733	0.1667	4.2765	0.2500		0.1786
3.2518	0.1389	4.4704	0.0833	4.6893	0.1389	3.7685	0.2500	3.5052	0.1667	4.6070	0.1667	3.6858	0.0556		0.1429
3.7770	0.0833	4.8679	0.0833	4.7338	0.1111	4.1868	0.1667	3.6270	0.1667	4.4986	0.1667	3.8816	0.2222		0.1429
3.7723	0.0833	4.3522	0.0833	4.8220	0.1111	4.3523	0.2222	3.9299	0.1667	4.3807	0.1389	3.9151	0.1667		0.1389
fc7_linear_accuracy:0.2024

fc7_rbf
Giang		Hai  		Long 		Minh 		Thuan		Thuy 		Tuyen		Final accuracy
loss	acc 	loss	acc 	loss	acc 	loss	acc 	loss	acc 	loss	acc 	loss	acc 	
3.8466	0.1389	4.4857	0.1111	4.2890	0.0833	4.1449	0.1667	4.6189	0.1667	4.3988	0.1111	3.9987	0.0833		0.1230
3.4322	0.0833	4.0648	0.0833	3.4739	0.0833	3.5203	0.2500	3.5037	0.1389	3.6255	0.1667	3.9973	0.0833		0.1270
3.5951	0.0833	3.9209	0.0833	3.7439	0.1111	3.3005	0.1667	3.0732	0.2500	3.4068	0.1667	3.5509	0.0833		0.1349
3.1227	0.0833	3.8654	0.0833	3.6807	0.0833	3.3412	0.1944	2.9952	0.2500	3.3805	0.1667	3.3588	0.0556		0.1310
3.4275	0.0833	4.0215	0.0833	3.5796	0.1111	3.2702	0.1667	3.1135	0.1944	3.3783	0.1667	3.7103	0.0833		0.1270
3.2367	0.0833	3.9354	0.0833	3.8814	0.0833	3.7487	0.1111	3.4351	0.1944	3.5388	0.1667	3.6735	0.1111		0.1190
fc7_rbf_accuracy:0.1627

prob
Giang		Hai  		Long 		Minh 		Thuan		Thuy 		Tuyen		Final accuracy
loss	acc 	loss	acc 	loss	acc 	loss	acc 	loss	acc 	loss	acc 	loss	acc 	
2.3712	0.2222	2.5158	0.0833	2.4839	0.1111	2.5822	0.1111	2.4960	0.1667	2.2542	0.1111	2.6170	0.0833		0.1270
2.5407	0.0833	3.4256	0.0833	3.0310	0.0833	2.8285	0.0833	2.5922	0.1944	2.5669	0.1389	3.6895	0.0833		0.1071
3.3491	0.0833	3.4251	0.0833	3.3922	0.0833	3.6123	0.0833	2.9301	0.2500	3.0980	0.1389	3.5748	0.0833		0.1151
2.8784	0.0833	4.0620	0.0833	3.5295	0.1111	3.1648	0.1389	2.9297	0.2222	3.6548	0.2222	3.3304	0.0556		0.1310
3.1256	0.0833	4.3153	0.0833	3.2807	0.0833	3.4927	0.0833	3.2388	0.2500	3.9470	0.2500	3.5838	0.1111		0.1349
3.1818	0.0833	4.6182	0.0833	3.8149	0.0833	3.5716	0.1111	3.3193	0.2500	3.9414	0.2500	3.6046	0.1111		0.1389
prob_accuracy:0.1667

