output/result_backup/table_05Feb2019_original_pre_3_12gestures/K3_K2_2019-02-06_13.42

fc6_linear
Giang		Hai  		Long 		Minh 		Thuan		Thuy 		Tuyen		Final accuracy
loss	acc 	loss	acc 	loss	acc 	loss	acc 	loss	acc 	loss	acc 	loss	acc 	
2.5890	0.2778	2.7642	0.4167	3.3534	0.2222	3.2810	0.1944	4.1678	0.2500	3.6267	0.2500	2.4317	0.1944		0.2579
2.8455	0.2222	2.5117	0.4167	3.1862	0.2500	3.8509	0.1389	2.4834	0.3333	4.3976	0.3056	2.3612	0.1944		0.2659
2.7226	0.3333	1.9908	0.4722	2.6817	0.2500	3.2046	0.1944	2.2701	0.3611	2.8716	0.3333	1.9356	0.3333		0.3254
2.8600	0.3333	1.9060	0.4167	2.3292	0.1111	2.2094	0.2222	2.2486	0.3611	2.7276	0.2222	1.4457	0.4444		0.3016
2.2206	0.1944	1.9106	0.4444	2.3344	0.1667	2.2945	0.1667	1.9702	0.4167	2.7907	0.4167	1.4764	0.5278		0.3333
1.9824	0.2500	1.8307	0.4722	2.2674	0.1944	2.3599	0.1389	1.8959	0.5000	3.9510	0.1944	1.5565	0.5000		0.3214
fc6_linear_accuracy:0.3889

fc6_rbf
Giang		Hai  		Long 		Minh 		Thuan		Thuy 		Tuyen		Final accuracy
loss	acc 	loss	acc 	loss	acc 	loss	acc 	loss	acc 	loss	acc 	loss	acc 	
2.6667	0.2778	2.1453	0.3056	2.5283	0.1667	2.6502	0.4167	2.5788	0.3333	2.7585	0.2500	2.1548	0.2500		0.2857
2.8169	0.2500	1.9817	0.3889	3.8480	0.1667	2.3769	0.2778	2.2071	0.2778	3.2666	0.2222	2.4509	0.3333		0.2738
2.4540	0.2778	1.7922	0.3611	1.9577	0.3889	2.0933	0.3611	2.2687	0.3333	2.4223	0.3333	2.5180	0.3889		0.3492
2.5272	0.3056	1.7379	0.3333	2.1759	0.4722	2.0000	0.4167	2.2081	0.2778	2.4489	0.3333	1.5236	0.5000		0.3770
2.3480	0.2222	1.7242	0.3611	1.9495	0.3333	1.9867	0.3889	2.1015	0.3333	2.3868	0.3333	1.5853	0.4722		0.3492
2.2087	0.2778	1.8186	0.3889	1.9523	0.3056	1.9819	0.3333	2.2725	0.1667	2.3542	0.3333	1.6353	0.5556		0.3373
fc6_rbf_accuracy:0.4008

fc7_linear
Giang		Hai  		Long 		Minh 		Thuan		Thuy 		Tuyen		Final accuracy
loss	acc 	loss	acc 	loss	acc 	loss	acc 	loss	acc 	loss	acc 	loss	acc 	
3.6364	0.2222	3.2426	0.3611	2.7368	0.2222	3.1701	0.2500	2.9709	0.3611	3.5302	0.2778	2.7774	0.1944		0.2698
2.3176	0.2500	2.6457	0.4167	2.9758	0.1667	2.5062	0.2778	4.0821	0.1111	3.0214	0.2222	2.6500	0.2500		0.2421
2.1185	0.2500	2.0304	0.4444	2.4935	0.1667	1.7159	0.4167	2.9741	0.1667	2.5340	0.3333	1.7858	0.3056		0.2976
2.2604	0.3056	1.9656	0.3889	1.8603	0.3333	1.9856	0.3611	2.9812	0.1667	2.7027	0.2778	1.5569	0.4722		0.3294
1.9319	0.3056	1.9650	0.4722	2.2640	0.3056	2.1592	0.2500	2.6527	0.2500	2.7860	0.4167	1.4343	0.5556		0.3651
1.9759	0.2778	2.1155	0.4444	2.4251	0.3056	2.3456	0.3333	2.5301	0.3611	2.7682	0.4167	1.4909	0.4722		0.3730
fc7_linear_accuracy:0.4087

fc7_rbf
Giang		Hai  		Long 		Minh 		Thuan		Thuy 		Tuyen		Final accuracy
loss	acc 	loss	acc 	loss	acc 	loss	acc 	loss	acc 	loss	acc 	loss	acc 	
2.7152	0.2222	1.8828	0.4167	2.1913	0.2500	2.2337	0.3889	2.6465	0.2500	2.5424	0.3056	2.0848	0.2778		0.3016
2.5376	0.3333	1.7931	0.4167	1.9321	0.4167	2.1570	0.3611	2.3435	0.1667	2.3473	0.3333	1.7045	0.3889		0.3452
2.6075	0.2222	1.8714	0.4167	1.9375	0.3611	2.0367	0.3889	2.3843	0.1944	2.3574	0.3611	1.5611	0.5278		0.3532
2.4786	0.2222	1.7214	0.4167	1.7888	0.3333	2.0187	0.3611	2.1850	0.2222	3.3051	0.2222	1.5013	0.4722		0.3214
2.4177	0.2222	1.7079	0.4444	1.7694	0.4444	1.9701	0.3333	2.2540	0.1944	2.4020	0.3611	1.4989	0.5278		0.3611
2.4101	0.2222	1.7342	0.5000	1.8483	0.3333	2.0849	0.3056	2.1905	0.3611	2.3019	0.3611	1.4423	0.5556		0.3770
fc7_rbf_accuracy:0.4206

prob
Giang		Hai  		Long 		Minh 		Thuan		Thuy 		Tuyen		Final accuracy
loss	acc 	loss	acc 	loss	acc 	loss	acc 	loss	acc 	loss	acc 	loss	acc 	
2.2338	0.2222	1.8563	0.2500	1.8444	0.4167	1.9361	0.2778	2.3266	0.1667	2.0161	0.2500	1.8827	0.3333		0.2738
1.8407	0.3333	1.5067	0.4167	1.5707	0.3611	1.5687	0.3889	2.2382	0.3056	2.3163	0.2778	1.5662	0.3333		0.3452
2.4467	0.2500	1.5729	0.4444	1.8994	0.2222	1.6346	0.3611	2.2131	0.3611	2.2649	0.2500	1.6359	0.4167		0.3294
2.3813	0.3056	1.7150	0.4444	1.6618	0.3889	1.7275	0.3333	2.6727	0.2778	2.8792	0.2222	1.4223	0.4722		0.3492
2.1149	0.2778	2.5497	0.2778	1.6715	0.4167	2.2573	0.2778	2.1798	0.4444	3.2930	0.2222	1.6977	0.4722		0.3413
2.1547	0.2500	2.2681	0.3333	1.8171	0.3056	2.0166	0.3333	2.1444	0.3889	3.2004	0.2222	1.4043	0.5000		0.3333
prob_accuracy:0.4008

