     0     13      0      0      2      0      0      0      2      0      0      1
     0     18      0      0      0      0      0      0      0      0      0      0
     0      3      8      0      7      0      0      0      0      0      0      0
     0      1      0      8      9      0      0      0      0      0      0      0
     0      1      0      2     12      0      0      0      0      0      0      3
     0      3      0      1     12      0      0      0      2      0      0      0
     0      4      1      7      6      0      0      0      0      0      0      0
     0     17      0      0      0      0      0      1      0      0      0      0
     0     15      0      0      0      0      0      0      3      0      0      0
     0     18      0      0      0      0      0      0      0      0      0      0
     0      1      0      8      9      0      0      0      0      0      0      0
     0      0      0      3     12      0      0      0      0      0      0      3
