    90      0      0      0      0      0      0      0      0      0      0      0
     0     90      0      0      0      0      0      0      0      0      0      0
     0      0     90      0      0      0      0      0      0      0      0      0
     0      0      0     80      0      0      0      0      0      0     10      0
     0      0      0      0     83      0      0      0      0      0      0      7
     0      0      0      0      0     89      1      0      0      0      0      0
     0      0      0      0      0      0     90      0      0      0      0      0
     0      0      0      0      0      0      0     90      0      0      0      0
     0      0      0      0      0      0      0      0     88      2      0      0
     0      2      0      0      0      0      0      0      3     85      0      0
     0      0      0      3      0      0      0      0      0      0     86      1
     0      0      0      0     11      0      0      0      0      0      0     79
