    90      0      0      0      0      0      0      0      0      0      0      0
     0     90      0      0      0      0      0      0      0      0      0      0
     0      0     90      0      0      0      0      0      0      0      0      0
     0      0      0     79      0      0      0      0      0      0     11      0
     0      0      0      0     78      0      0      0      0      0      0     12
     0      0      0      0      0     90      0      0      0      0      0      0
     0      0      0      0      0      0     90      0      0      0      0      0
     0      0      0      0      0      0      0     89      0      1      0      0
     0      1      0      0      0      0      0      0     86      3      0      0
     0      1      0      0      0      0      0      0      5     84      0      0
     0      0      0      8      1      0      0      0      0      0     79      2
     0      0      0      0     18      0      0      0      0      0      0     72
