    90      0      0      0      0      0      0      0      0      0      0      0
     0     64      0      0      0      0      0      5     17      4      0      0
     0      0     90      0      0      0      0      0      0      0      0      0
     0      0      0     29      0      0      0      0      0      0     61      0
     0      0      0      0     87      0      0      0      0      0      0      3
     0      0      0      0      0     90      0      0      0      0      0      0
     0      0      0      0      0      0     90      0      0      0      0      0
     0      0      0      0      0      0      0     90      0      0      0      0
     0      0      0      0      0      0      0      0     90      0      0      0
     0      0      0      0      0      0      0      1     13     76      0      0
     0      0      0      0      2      0      0      0      0      0     88      0
     0      0      0      0     35      0      0      0      0      0      0     55
