    18      0      0      0      0      0      0      0      0      0      0      0
     0     11      0      0      0      0      0      0      3      4      0      0
     0      0     18      0      0      0      0      0      0      0      0      0
     0      0      0      9      9      0      0      0      0      0      0      0
     0      0      0      2     16      0      0      0      0      0      0      0
     0      0      0      0      0     18      0      0      0      0      0      0
     0      0      0      0      0      9      9      0      0      0      0      0
     0      3      0      0      0      0      0      7      3      5      0      0
     0      3      0      0      0      0      0      0     14      1      0      0
     0      1      0      0      0      0      0      0      1     16      0      0
     0      0      0     12      6      0      0      0      0      0      0      0
     0      0      0      3     15      0      0      0      0      0      0      0
