    18      0      0      0      0      0      0      0      0      0      0      0
     1      7      0      0      0      0      0      2      2      6      0      0
     0      0     18      0      0      0      0      0      0      0      0      0
     0      0      0     11      2      0      0      0      0      0      4      1
     0      0      0      0     15      0      0      0      0      0      3      0
     0      0      0      0      0     17      1      0      0      0      0      0
     0      0      0      0      0      0     18      0      0      0      0      0
     0      6      0      0      0      0      0      5      2      5      0      0
     0      0      0      0      0      0      0      0     17      1      0      0
     0      2      0      0      0      0      0      0      6     10      0      0
     0      0      0      0      3      0      0      0      0      0     14      1
     0      0      0      0     13      0      0      0      0      0      0      5
