    45      0      0      0      0      0      0      0      0      0      0      0
     0     33      0      0      0      0      0      0      7      5      0      0
     0      0     45      0      0      0      0      0      0      0      0      0
     0      0      0     40      4      0      0      0      0      0      1      0
     0      0      0      0     43      0      0      0      0      0      0      2
     0      0      0      0      0     45      0      0      0      0      0      0
     0      0      0      0      0      0     45      0      0      0      0      0
     0      1      0      0      0      0      0     33     11      0      0      0
     0      0      0      0      0      0      0      0     45      0      0      0
     0      2      0      0      0      0      0      0     10     33      0      0
     0      0      0      3      0      1      0      0      0      0     41      0
     0      0      0      0     10      0      0      0      0      0      0     35
