    16      0      0      0      2      0      0      0      0      0      0      0
     0     10      0      0      0      0      1      0      0      7      0      0
     0      0     17      0      0      0      0      1      0      0      0      0
     0      0      0     15      3      0      0      0      0      0      0      0
     0      0      0      0     15      0      0      0      0      0      3      0
     0      0      0      0      0      2     14      0      2      0      0      0
     0      0      0      0      0      0     18      0      0      0      0      0
     0      1      0      0      0      0      0     12      0      5      0      0
     0      1      0      0      0      0      0      0     15      2      0      0
     0      0      0      0      0      0      0      0      0     18      0      0
     0      0      0     15      2      0      1      0      0      0      0      0
     0      0      0      0     12      0      0      0      0      0      3      3
