    18      0      0      0      0      0      0      0      0      0      0      0
     0     10      0      0      0      0      0      0      1      7      0      0
     0      0     18      0      0      0      0      0      0      0      0      0
     0      0      0     15      3      0      0      0      0      0      0      0
     0      0      0      1     12      0      0      0      0      0      0      5
     0      0      0      0      0     17      1      0      0      0      0      0
     0      0      0      0      0      0     18      0      0      0      0      0
     0      2      0      0      0      0      0     11      2      3      0      0
     0      0      0      0      0      0      0      0     17      1      0      0
     0      5      0      0      0      0      0      0      1     12      0      0
     0      0      0      3      0      0      0      0      0      0     12      3
     0      0      0      0      8      0      0      0      0      0      0     10
