    45      0      0      0      0      0      0      0      0      0      0      0
     0     41      2      0      0      0      0      0      1      1      0      0
     0      1     41      0      1      0      2      0      0      0      0      0
     0      0      0     44      0      0      0      0      0      0      1      0
     0      0      0      0     36      0      0      0      0      0      0      9
     0      0      0      0      0     45      0      0      0      0      0      0
     0      0      0      0      0      0     45      0      0      0      0      0
     0      0      0      0      0      0      0     44      0      1      0      0
     0      0      1      0      0      0      0      0     44      0      0      0
     0      0      0      0      0      0      0      0      0     45      0      0
     0      0      0      2      0      0      0      0      0      0     43      0
     1      0      0      0      0      0      0      0      0      0      0     44
