    15      0      0      0      0      0      0      0      0      0      0      0
     0      5      0      0      0      0      0      4      0      6      0      0
     0      0     15      0      0      0      0      0      0      0      0      0
     0      0      0     15      0      0      0      0      0      0      0      0
     0      0      0      0     15      0      0      0      0      0      0      0
     0      0      0      0      0     11      4      0      0      0      0      0
     0      0      0      0      0      0     15      0      0      0      0      0
     0      0      0      0      0      0      0     12      1      2      0      0
     0      0      0      1      0      0      0      1     12      1      0      0
     0      0      0      0      0      0      0      7      0      8      0      0
     0      0      0     15      0      0      0      0      0      0      0      0
     0      0      0      0     14      0      0      0      0      0      0      1
