    13      0      0      0      1      0      0      0      4      0      0      0
     0      9      0      0      0      0      0      0      2      7      0      0
     0      0     17      0      0      0      1      0      0      0      0      0
     0      0      0     11      3      0      1      0      0      0      3      0
     0      0      0      0     15      0      0      0      0      0      3      0
     0      0      0      0      2      4      9      0      3      0      0      0
     0      0      0      0      0      0     18      0      0      0      0      0
     0     10      0      0      0      0      0      3      1      4      0      0
     0      1      0      0      0      0      0      0     13      4      0      0
     0      4      0      0      0      0      0      0      0     14      0      0
     0      0      0     10      3      0      0      0      0      0      5      0
     0      0      0      0     15      0      0      0      0      0      3      0
