    15      0      0      0      0      0      0      0      0      0      0      0
     0     13      0      0      0      0      0      0      0      2      0      0
     0      0     15      0      0      0      0      0      0      0      0      0
     0      0      0     15      0      0      0      0      0      0      0      0
     0      0      0      0     15      0      0      0      0      0      0      0
     0      0      0      0      0     15      0      0      0      0      0      0
     0      0      0      0      0     13      2      0      0      0      0      0
     0      2      0      0      0      0      0     13      0      0      0      0
     0      0      0      0      0      0      0      0     15      0      0      0
     0      0      0      0      0      0      0      0      0     15      0      0
     0      0      0      6      0      0      0      0      0      0      9      0
     0      0      0      0     15      0      0      0      0      0      0      0
