    15      0      0      0      0      0      0      0      0      0      0      0
     0      6      0      0      0      0      0      1      1      7      0      0
     0      0     15      0      0      0      0      0      0      0      0      0
     0      0      0     15      0      0      0      0      0      0      0      0
     0      0      0      2      2      0      0      0      0      0      0     11
     0      0      0      0      0     12      3      0      0      0      0      0
     0      0      0      0      0      0     15      0      0      0      0      0
     0      0      0      0      0      0      0     12      0      3      0      0
     0      0      0      0      0      0      0      0     12      3      0      0
     0      0      0      0      0      0      0      0      0     15      0      0
     0      0      0     14      0      0      0      0      0      0      0      1
     0      0      0      0      0      0      0      0      0      0      0     15
