    15      0      0      0      0      0      0      0      0      0      0      0
     0     15      0      0      0      0      0      0      0      0      0      0
     0      0     15      0      0      0      0      0      0      0      0      0
     0      0      0     15      0      0      0      0      0      0      0      0
     0      0      0      4     10      0      0      0      0      0      0      1
     0      0      0      0      0      9      6      0      0      0      0      0
     0      0      0      0      0      0     15      0      0      0      0      0
     0      7      0      0      0      0      0      7      1      0      0      0
     0      5      0      0      0      0      0      0      8      2      0      0
     0     10      0      0      0      0      0      0      0      5      0      0
     0      0      0     15      0      0      0      0      0      0      0      0
     0      0      0      1      0      0      0      0      0      0      0     14
