    15      0      0      0      0      0      0      0      0      0      0      0
     0      1      0      0      0      0      0      1      0     13      0      0
     0      0     15      0      0      0      0      0      0      0      0      0
     0      0      0     15      0      0      0      0      0      0      0      0
     0      0      0      0      0      0      0      0      0      0      0     15
     0      0      0      0      0     15      0      0      0      0      0      0
     0      0      0      0      0      0     15      0      0      0      0      0
     0      0      0      0      0      0      0      6      2      7      0      0
     0      0      0      0      0      0      0      0     15      0      0      0
     0      0      0      0      0      0      0      0      0     15      0      0
     0      0      0     10      0      0      0      0      0      0      5      0
     0      0      0      0      0      0      0      0      0      0      0     15
