output/result_set_table_22Jan2019_segmented/Kinect_1_test_on_Kinect_1_21-01-2019_21.06.49

fc6_linear
Binh 		Giang		Hung 		Tan  		Thuan		Final accuracy
loss	acc 	loss	acc 	loss	acc 	loss	acc 	loss	acc 	
0.3421	0.8438	0.2954	0.9524	0.5047	0.8387	1.0917	0.6818	0.0766	1.0000		0.8633
0.3747	0.8438	0.3199	0.9048	0.4570	0.8387	0.8494	0.7273	0.0735	1.0000		0.8629
0.3620	0.8438	0.3241	0.9524	0.4426	0.8387	0.8812	0.7273	0.0706	1.0000		0.8724
0.3704	0.8125	0.3326	0.9048	0.4336	0.8387	0.9244	0.7273	0.0764	1.0000		0.8566
0.4472	0.7500	0.3332	0.9048	0.4357	0.8387	0.8638	0.7273	0.0789	1.0000		0.8441
fc6_linear_accuracy:0.8724

fc6_rbf
Binh 		Giang		Hung 		Tan  		Thuan		Final accuracy
loss	acc 	loss	acc 	loss	acc 	loss	acc 	loss	acc 	
0.5302	0.7500	0.3692	0.9048	0.3723	0.8387	0.7230	0.7727	0.1005	1.0000		0.8532
0.4964	0.7500	0.3463	0.9524	0.3464	0.8387	0.6868	0.7727	0.0888	1.0000		0.8628
0.4929	0.7812	0.3715	0.9048	0.3224	0.8387	0.6682	0.7273	0.0954	1.0000		0.8504
0.5013	0.7812	0.5145	0.8095	0.3377	0.8387	0.7101	0.7273	0.1820	0.9583		0.8230
0.6202	0.6875	0.4036	0.8571	0.3326	0.8387	0.6537	0.8182	0.2835	0.9583		0.8320
fc6_rbf_accuracy:0.8628

fc7_linear
Binh 		Giang		Hung 		Tan  		Thuan		Final accuracy
loss	acc 	loss	acc 	loss	acc 	loss	acc 	loss	acc 	
0.3699	0.8438	0.3075	0.9524	0.4813	0.8387	0.9424	0.6364	0.0845	1.0000		0.8542
0.3840	0.7812	0.3370	0.9048	0.4275	0.8387	0.7405	0.6818	0.0892	1.0000		0.8413
0.3703	0.8750	0.3356	0.9048	0.4084	0.8387	0.7378	0.6818	0.0810	1.0000		0.8601
0.3704	0.8750	0.3371	0.9048	0.4002	0.8387	0.7146	0.7273	0.0812	1.0000		0.8691
0.3736	0.8750	0.3344	0.8571	0.4426	0.8387	0.7254	0.7273	0.0820	1.0000		0.8596
fc7_linear_accuracy:0.8691

fc7_rbf
Binh 		Giang		Hung 		Tan  		Thuan		Final accuracy
loss	acc 	loss	acc 	loss	acc 	loss	acc 	loss	acc 	
0.4650	0.7500	0.3774	0.8571	0.4069	0.8065	0.7449	0.7273	0.1054	1.0000		0.8282
0.4966	0.7500	0.3780	0.8571	0.3120	0.8387	0.6667	0.7727	0.0970	1.0000		0.8437
0.4278	0.7812	0.3550	0.8571	0.3203	0.8387	0.6406	0.7727	0.0931	1.0000		0.8500
0.4090	0.7812	0.3509	0.8571	0.3151	0.8387	0.6592	0.7727	0.0951	1.0000		0.8500
0.3993	0.7812	0.3795	0.8095	0.3463	0.8387	0.6537	0.7727	0.0984	1.0000		0.8404
fc7_rbf_accuracy:0.8500

prob
Binh 		Giang		Hung 		Tan  		Thuan		Final accuracy
loss	acc 	loss	acc 	loss	acc 	loss	acc 	loss	acc 	
0.3496	0.9062	0.3481	0.9048	0.7897	0.8065	0.9399	0.6364	0.1172	1.0000		0.8508
0.3487	0.8750	0.3836	0.8095	0.9207	0.8387	0.9324	0.6364	0.0708	1.0000		0.8319
0.2908	0.9375	0.4128	0.8095	0.7203	0.8387	0.6784	0.7727	0.0679	1.0000		0.8717
0.2697	0.9375	0.4553	0.8095	0.8897	0.8387	0.7401	0.7273	0.0650	1.0000		0.8626
0.2649	0.9688	0.4436	0.8095	0.9291	0.8387	0.7566	0.7273	0.0647	1.0000		0.8689
prob_accuracy:0.8717

