    18      0      0      0      0      0      0      0      0      0      0      0
     0      1      0      0      0      0      0      1      0     16      0      0
     0      0     18      0      0      0      0      0      0      0      0      0
     0      0      0     14      3      0      0      0      0      0      0      1
     0      0      0      0     17      0      0      0      0      0      0      1
     0      0      0      0      0     18      0      0      0      0      0      0
     0      0      0      1      0      1     16      0      0      0      0      0
     0      0      0      0      0      0      0     10      0      8      0      0
     0      0      0      0      0      0      0      0     18      0      0      0
     0      0      0      0      0      0      0      0      0     18      0      0
     0      0      0     13      4      0      0      0      0      0      0      1
     0      0      0      0     11      0      0      0      0      0      0      7
