    17      0      0      0      0      1      0      0      0      0      0      0
     0     12      0      0      0      0      0      0      0      6      0      0
     0      0     17      0      0      0      1      0      0      0      0      0
     0      0      0     15      0      0      0      0      0      0      2      1
     0      0      0      0     10      0      0      0      0      0      3      5
     0      0      0      0      0      4     14      0      0      0      0      0
     0      0      0      0      0      0     18      0      0      0      0      0
     0      0      0      0      0      0      0     16      0      2      0      0
     0      1      0      0      0      0      0      1     15      1      0      0
     0      0      0      0      0      0      0      0      0     18      0      0
     0      0      0      4      0      0      0      0      0      0     12      2
     0      0      0      0      7      0      0      0      0      0      3      8
