output/result_backup/table_26Jan2019_fc6_2048_fc7_2048/K5_K1_2019-01-26_04.24

fc6_linear
Binh 		Giang		Hung 		Tan  		Thuan		Final accuracy
loss	acc 	loss	acc 	loss	acc 	loss	acc 	loss	acc 	
1.5409	0.4286	0.9306	0.7143	2.0007	0.4194	1.1589	0.6476	1.6997	0.4000		0.5220
1.6043	0.4286	0.9616	0.6952	1.9928	0.4000	1.3030	0.6000	1.6210	0.4417		0.5131
1.6153	0.4214	0.9675	0.6667	1.9211	0.3806	1.1605	0.6667	1.6307	0.4417		0.5154
1.6504	0.4214	0.9821	0.6286	1.9094	0.3742	1.1548	0.6667	1.6235	0.4500		0.5082
1.6492	0.4286	0.9880	0.6286	1.9031	0.3742	1.1888	0.6667	1.6078	0.4417		0.5079
1.6587	0.4214	0.9868	0.6286	1.9029	0.3806	1.1801	0.6762	1.5992	0.4500		0.5114
1.6461	0.4214	0.9744	0.6476	1.9086	0.3677	1.1893	0.6667	1.5853	0.4500		0.5107
fc6_linear_accuracy:0.5377

fc6_rbf
Binh 		Giang		Hung 		Tan  		Thuan		Final accuracy
loss	acc 	loss	acc 	loss	acc 	loss	acc 	loss	acc 	
1.9397	0.3071	0.9517	0.6476	1.5137	0.3871	1.3063	0.6000	2.4850	0.3583		0.4600
1.5492	0.4214	0.9639	0.5810	1.5040	0.3677	1.7967	0.2476	2.0628	0.3417		0.3919
1.6565	0.4143	0.9687	0.5714	1.5901	0.3613	1.2871	0.5810	1.7833	0.3750		0.4606
1.6952	0.4071	1.0154	0.5714	1.6611	0.3677	1.2938	0.5810	1.8302	0.3500		0.4555
1.6896	0.4000	1.0162	0.5619	1.5793	0.3613	1.4265	0.5619	1.4081	0.6000		0.4970
1.7290	0.3929	1.0085	0.5714	1.6602	0.3226	1.4213	0.5714	1.7485	0.5333		0.4783
1.7826	0.3714	1.0192	0.5524	1.6605	0.3161	1.4359	0.5619	1.7561	0.5333		0.4670
fc6_rbf_accuracy:0.5312

fc7_linear
Binh 		Giang		Hung 		Tan  		Thuan		Final accuracy
loss	acc 	loss	acc 	loss	acc 	loss	acc 	loss	acc 	
1.7190	0.3786	0.9589	0.7333	2.1704	0.2774	1.2756	0.6095	1.8865	0.3000		0.4598
1.7378	0.3929	0.8935	0.7333	2.0509	0.2839	1.2605	0.6190	1.8120	0.3583		0.4775
1.7345	0.4000	0.9064	0.7143	2.0479	0.2774	1.2661	0.6286	1.7977	0.3750		0.4791
1.7439	0.4071	0.9123	0.6952	2.0188	0.2774	1.2604	0.6381	1.8138	0.3750		0.4786
1.7350	0.4071	0.9020	0.6952	2.0336	0.2774	1.2675	0.6190	1.8248	0.3750		0.4748
1.7400	0.4000	0.8967	0.7048	2.0122	0.2839	1.2766	0.6190	1.8189	0.3750		0.4765
1.7372	0.4071	0.9020	0.6952	2.0318	0.2774	1.2728	0.6190	1.8114	0.3750		0.4748
fc7_linear_accuracy:0.4875

fc7_rbf
Binh 		Giang		Hung 		Tan  		Thuan		Final accuracy
loss	acc 	loss	acc 	loss	acc 	loss	acc 	loss	acc 	
1.7175	0.3929	0.8850	0.7619	1.9662	0.3161	1.3612	0.5905	1.8048	0.4083		0.4939
1.7707	0.4214	0.9142	0.7048	1.8913	0.3419	1.3435	0.5905	1.8630	0.3917		0.4901
1.7579	0.4286	0.9480	0.6571	1.8916	0.3226	1.3562	0.5714	1.8195	0.4083		0.4776
1.7691	0.4286	0.9482	0.6571	1.9360	0.2968	1.3583	0.5714	1.8741	0.3833		0.4675
1.7631	0.4286	0.9480	0.6381	1.9436	0.2903	1.3835	0.5714	1.8810	0.4000		0.4657
1.7521	0.4286	0.9501	0.6381	1.9564	0.2839	1.3720	0.5714	1.8829	0.3917		0.4627
1.7660	0.4286	0.9521	0.6381	1.9479	0.2839	1.3695	0.5714	1.8775	0.3833		0.4611
fc7_rbf_accuracy:0.5062

prob
Binh 		Giang		Hung 		Tan  		Thuan		Final accuracy
loss	acc 	loss	acc 	loss	acc 	loss	acc 	loss	acc 	
1.6533	0.3929	1.1222	0.5524	1.8508	0.4839	1.3023	0.5905	2.2372	0.4417		0.4923
1.7449	0.4357	1.0664	0.5905	2.4790	0.3613	1.5451	0.6381	2.6856	0.4583		0.4968
1.9949	0.4143	0.9976	0.6095	2.7022	0.3677	1.7223	0.6286	3.1159	0.4417		0.4924
2.1316	0.4214	1.0346	0.5810	2.8353	0.3548	1.8138	0.6286	3.5340	0.4167		0.4805
2.1948	0.4143	1.1033	0.5905	2.9017	0.3613	1.7942	0.6190	3.4691	0.4083		0.4787
2.2045	0.4143	1.0785	0.5905	2.9068	0.3548	1.8133	0.6095	3.4985	0.4167		0.4772
2.1949	0.4143	1.0808	0.5905	2.9192	0.3548	1.8264	0.6095	3.5274	0.4167		0.4772
prob_accuracy:0.5251

