    18      0      0      0      0      0      0      0      0      0      0      0
     0     10      0      1      0      0      0      1      2      4      0      0
     0      0     18      0      0      0      0      0      0      0      0      0
     0      0      0     18      0      0      0      0      0      0      0      0
     0      0      0      0     18      0      0      0      0      0      0      0
     0      0      0      0      0     18      0      0      0      0      0      0
     0      0      0      0      0      0     18      0      0      0      0      0
     0      0      0      0      0      0      0     17      1      0      0      0
     0      0      0      0      0      0      0      0     17      1      0      0
     0      0      0      0      0      0      0      0      2     16      0      0
     0      0      0     10      0      0      0      0      0      0      8      0
     0      0      0      0      5      0      0      0      0      0      0     13
