output/result/K3_K3_2019-02-01_11.55

fc6_linear
Giang		Hai  		Long 		Minh 		Thuan		Thuy 		Tuyen		Final accuracy
loss	acc 	loss	acc 	loss	acc 	loss	acc 	loss	acc 	loss	acc 	loss	acc 	
1.2267	0.6389	1.1403	0.5556	0.7814	0.7778	0.5829	0.8333	2.6970	0.4167	1.1215	0.6667	0.7800	0.8056		0.6706
1.2072	0.5278	0.7641	0.7500	0.5084	0.8611	0.6141	0.8056	2.4134	0.4444	0.9822	0.7778	0.6723	0.7778		0.7063
1.0489	0.6111	0.7554	0.7778	0.5348	0.8611	0.6182	0.7778	2.5047	0.4444	0.8951	0.7778	0.6257	0.8056		0.7222
1.0254	0.6389	0.7014	0.8056	0.4495	0.8333	0.6988	0.7778	2.3171	0.5000	0.8163	0.7778	0.5864	0.8889		0.7460
0.9777	0.6389	0.6739	0.7778	0.5041	0.8333	0.7547	0.7778	2.2586	0.5556	0.7733	0.8056	0.5768	0.8611		0.7500
0.9839	0.6667	0.6964	0.7500	0.5138	0.8333	0.6490	0.7778	2.3602	0.5000	0.8379	0.8333	0.5529	0.8333		0.7421
fc6_linear_accuracy:0.7778

fc6_rbf
Giang		Hai  		Long 		Minh 		Thuan		Thuy 		Tuyen		Final accuracy
loss	acc 	loss	acc 	loss	acc 	loss	acc 	loss	acc 	loss	acc 	loss	acc 	
1.0338	0.6944	1.0842	0.6389	0.6176	0.8333	0.6301	0.8056	1.8951	0.4167	1.0757	0.6667	0.7549	0.7778		0.6905
0.8612	0.6944	0.8926	0.7222	0.6410	0.8056	0.7154	0.7778	1.5741	0.5000	0.7479	0.8056	0.6187	0.7778		0.7262
0.9187	0.6944	0.7695	0.7500	0.5951	0.8333	0.5456	0.7778	1.6990	0.5278	0.7024	0.8056	0.6187	0.8056		0.7421
0.8266	0.6944	0.6939	0.7222	0.5140	0.8333	0.5476	0.8333	1.8309	0.5833	0.6019	0.8056	0.5008	0.8056		0.7540
0.8110	0.7222	0.7217	0.7500	0.5014	0.8333	0.5307	0.8333	2.1155	0.5278	0.6011	0.8333	0.4689	0.7778		0.7540
0.7662	0.7500	0.6679	0.7222	0.5080	0.8333	0.5591	0.8333	2.0727	0.5278	0.5974	0.8333	0.4519	0.8056		0.7579
fc6_rbf_accuracy:0.7698

fc7_linear
Giang		Hai  		Long 		Minh 		Thuan		Thuy 		Tuyen		Final accuracy
loss	acc 	loss	acc 	loss	acc 	loss	acc 	loss	acc 	loss	acc 	loss	acc 	
1.2054	0.5278	1.0293	0.6389	0.6273	0.8611	0.5969	0.8611	2.5358	0.3611	1.3834	0.6389	0.7116	0.8056		0.6706
1.1310	0.6111	0.8135	0.7222	0.4874	0.8056	0.5866	0.8333	2.3386	0.4167	1.0733	0.7500	0.7263	0.7500		0.6984
0.9613	0.6389	0.8305	0.7500	0.4772	0.8333	0.4909	0.8333	2.3565	0.4722	0.8794	0.8056	0.7473	0.7500		0.7262
0.9781	0.6667	0.7051	0.8056	0.4026	0.8611	0.6305	0.8333	2.4141	0.5833	0.8849	0.8056	0.5765	0.8056		0.7659
0.9722	0.6667	0.7184	0.8056	0.4130	0.8333	0.7786	0.8056	2.3175	0.5556	0.7223	0.8333	0.5716	0.8333		0.7619
0.9027	0.6667	0.7685	0.7778	0.4724	0.8333	0.7566	0.8056	2.2470	0.5556	0.7577	0.8333	0.5779	0.8056		0.7540
fc7_linear_accuracy:0.7778

fc7_rbf
Giang		Hai  		Long 		Minh 		Thuan		Thuy 		Tuyen		Final accuracy
loss	acc 	loss	acc 	loss	acc 	loss	acc 	loss	acc 	loss	acc 	loss	acc 	
0.8507	0.7222	1.0483	0.5556	0.6627	0.8333	0.5958	0.8056	1.8157	0.4167	1.1154	0.6111	0.7392	0.7222		0.6667
0.8902	0.6944	0.8626	0.7222	0.6541	0.8333	0.6353	0.7778	1.5153	0.5000	0.8660	0.6944	0.6220	0.8333		0.7222
0.8405	0.6667	0.7535	0.7222	0.5922	0.8611	0.4859	0.8056	1.4647	0.5556	0.6569	0.8056	0.5980	0.7500		0.7381
0.8038	0.6944	0.6253	0.7778	0.4888	0.8333	0.5602	0.7500	2.1498	0.5833	0.5717	0.8056	0.4985	0.7500		0.7421
0.7854	0.7778	0.6640	0.8056	0.4983	0.8333	0.5672	0.7778	2.0592	0.5000	0.5128	0.8333	0.4558	0.7778		0.7579
0.8141	0.6944	0.6363	0.8056	0.4966	0.8333	0.5781	0.8056	2.1690	0.5278	0.4906	0.8889	0.4315	0.7778		0.7619
fc7_rbf_accuracy:0.7937

prob
Giang		Hai  		Long 		Minh 		Thuan		Thuy 		Tuyen		Final accuracy
loss	acc 	loss	acc 	loss	acc 	loss	acc 	loss	acc 	loss	acc 	loss	acc 	
1.5183	0.5000	1.4427	0.3333	1.3488	0.4444	1.1164	0.6389	2.6342	0.2500	1.4558	0.3611	1.5160	0.4167		0.4206
1.1902	0.6111	1.0967	0.4722	0.6094	0.6944	0.5628	0.7778	3.0851	0.5000	0.7397	0.6389	0.5934	0.7500		0.6349
0.9288	0.6389	0.8144	0.7778	0.5950	0.7778	0.4973	0.8056	3.2955	0.5556	0.6378	0.8333	0.7006	0.8056		0.7421
0.6845	0.7222	0.6440	0.6944	0.5723	0.8056	0.4804	0.8056	3.6474	0.5278	0.5412	0.8056	0.3648	0.8611		0.7460
1.2524	0.5833	0.7114	0.6944	0.4898	0.8333	0.3870	0.8611	3.7194	0.5556	0.3587	0.8611	0.5443	0.7500		0.7341
0.9307	0.6667	0.7987	0.6944	0.4963	0.8333	0.3977	0.8056	3.8280	0.6111	0.5708	0.8056	0.4039	0.8056		0.7460
prob_accuracy:0.7897

