    13      0      0      0      2      0      0      0      0      0      0      0
     0      0      0      0      0      0      0      0      1     14      0      0
     0      0     12      0      2      0      1      0      0      0      0      0
     0      0      0     10      1      2      2      0      0      0      0      0
     0      0      0      0     14      1      0      0      0      0      0      0
     0      0      0      0      0     14      1      0      0      0      0      0
     0      0      0      0      0      8      7      0      0      0      0      0
     0      0      0      0      0      0      0      0      1     14      0      0
     0      0      0      0      0      0      0      0     14      1      0      0
     0      0      0      0      0      0      0      0      0     15      0      0
     0      0      0     10      1      2      2      0      0      0      0      0
     0      0      0      0     11      4      0      0      0      0      0      0
