    18      0      0      0      0      0      0      0      0      0      0      0
     0      1      0      0      0      0      0      0      9      8      0      0
     0      0     18      0      0      0      0      0      0      0      0      0
     0      0      0     18      0      0      0      0      0      0      0      0
     0      0      0      0     18      0      0      0      0      0      0      0
     0      0      0      0      0     18      0      0      0      0      0      0
     0      0      0      0      0      1     17      0      0      0      0      0
     0      0      0      0      0      0      0      5     12      1      0      0
     0      0      0      0      0      0      0      0     17      1      0      0
     0      0      0      0      0      0      0      0      8     10      0      0
     0      0      0     13      2      0      0      0      0      0      3      0
     0      0      0      0     13      0      0      0      0      0      0      5
