    18      0      0      0      0      0      0      0      0      0      0      0
     0      0      0      0      0      0      0      0      0     18      0      0
     0      0     18      0      0      0      0      0      0      0      0      0
     0      0      0      5      0      0      0      0      0      0     13      0
     0      0      0      0      3      0      0      0      0      0      4     11
     0      0      0      0      0     17      1      0      0      0      0      0
     0      0      0      0      0      0     18      0      0      0      0      0
     0      0      0      0      0      0      0     17      0      1      0      0
     0      0      0      0      0      0      0      0     18      0      0      0
     0      0      0      0      0      0      0      0      0     18      0      0
     0      0      0      0      0      0      0      0      0      0     18      0
     0      0      0      0      0      0      0      0      0      0      4     14
