     1      0      6      1      2      3      0      0      0      5      0      0
     0      0      0      0      0      0      0      0      0     18      0      0
     0      0     18      0      0      0      0      0      0      0      0      0
     0      0      0     15      3      0      0      0      0      0      0      0
     0      0      0      3     15      0      0      0      0      0      0      0
     0      0      6      1      1     10      0      0      0      0      0      0
     0      0      9      0      0      9      0      0      0      0      0      0
     0      0      0      1      0      0      0     12      0      5      0      0
     0      0      0      0      0      0      0      0     16      2      0      0
     0      0      0      0      0      0      0      0      0     18      0      0
     0      0      0     12      3      0      0      0      0      0      3      0
     0      0      0      3     15      0      0      0      0      0      0      0
