    17      0      0      1      0      0      0      0      0      0      0      0
     0      6      0      0      0      0      0      1      0     11      0      0
     0      0     18      0      0      0      0      0      0      0      0      0
     0      0      0     16      2      0      0      0      0      0      0      0
     0      0      0      0     13      0      0      0      0      0      0      5
     0      0      0      0      0      5     13      0      0      0      0      0
     0      0      0      0      0      0     18      0      0      0      0      0
     0      1      0      0      0      0      0      5      0     12      0      0
     0      0      0      0      0      0      0      1     10      7      0      0
     0      0      0      0      0      0      0      0      0     18      0      0
     0      0      0      0      3      0      0      0      0      0     15      0
     0      0      0      0      3      0      0      0      0      0      0     15
