     0      9      0      4      3      0      0      0      2      0      0      0
     0     18      0      0      0      0      0      0      0      0      0      0
     0      1     17      0      0      0      0      0      0      0      0      0
     0      4      7      2      3      0      0      0      2      0      0      0
     0      3      3      0     12      0      0      0      0      0      0      0
     0      3      4      2      3      6      0      0      0      0      0      0
     0      5      9      1      2      1      0      0      0      0      0      0
     0     18      0      0      0      0      0      0      0      0      0      0
     0     18      0      0      0      0      0      0      0      0      0      0
     0     17      0      0      0      0      0      0      1      0      0      0
     0      3      6      3      5      0      0      0      1      0      0      0
     0      3      3      0      9      0      0      0      0      0      0      3
