    18      0      0      0      0      0      0      0      0      0      0      0
     1     10      0      0      0      0      0      0      0      7      0      0
     0      0     18      0      0      0      0      0      0      0      0      0
     0      0      0     11      3      0      0      0      0      0      4      0
     0      0      0      0     17      0      0      0      0      0      0      1
     0      0      0      0      0     18      0      0      0      0      0      0
     0      0      0      0      0      2     16      0      0      0      0      0
     0      0      0      0      0      0      0     18      0      0      0      0
     0      0      0      0      0      0      0      0     18      0      0      0
     0      0      0      0      0      0      0      0      0     18      0      0
     0      0      0      4      3      0      0      0      0      0     11      0
     0      0      0      0     12      0      0      0      0      0      0      6
