    18      0      0      0      0      0      0      0      0      0      0      0
     0      8      0      0      0      0      0      0      1      9      0      0
     0      0     18      0      0      0      0      0      0      0      0      0
     0      0      0      9      6      1      2      0      0      0      0      0
     0      0      0      0     16      0      0      0      0      0      0      2
     0      0      0      0      0     18      0      0      0      0      0      0
     0      0      0      0      0      2     16      0      0      0      0      0
     0      3      0      0      0      0      0      0      5     10      0      0
     0      5      0      0      0      0      0      0      7      6      0      0
     0      0      0      0      0      0      0      0      0     18      0      0
     0      0      0      6      4      1      1      0      0      0      6      0
     0      0      0      0      6      0      0      0      0      0      0     12
