output/table_26Jan2019_fc6_1024_fc7_1024/K1_K3_2019-01-26_11.16

fc6_linear
Binh 		Giang		Hung 		Tan  		Thuan		Final accuracy
loss	acc 	loss	acc 	loss	acc 	loss	acc 	loss	acc 	
4.8629	0.1481	3.9510	0.2190	4.3157	0.4452	5.8890	0.3000	4.7143	0.2083		0.2641
3.6119	0.1481	3.0516	0.2381	2.8771	0.3871	3.2853	0.4100	2.9035	0.2833		0.2933
3.6715	0.1481	2.5326	0.2571	2.7323	0.3548	3.0603	0.4300	2.8378	0.2917		0.2964
3.6773	0.1481	2.7405	0.2381	2.6689	0.3419	3.0813	0.4300	2.7927	0.2833		0.2883
3.6206	0.1481	2.6725	0.2667	3.2651	0.3355	3.0320	0.4300	2.8158	0.2833		0.2927
3.5746	0.2000	2.6850	0.2667	3.1187	0.3355	3.0169	0.4300	2.8293	0.2833		0.3031
3.6428	0.1481	2.7016	0.2667	2.9438	0.3419	3.0176	0.4300	2.8341	0.2917		0.2957
fc6_linear_accuracy:0.3031

fc6_rbf
Binh 		Giang		Hung 		Tan  		Thuan		Final accuracy
loss	acc 	loss	acc 	loss	acc 	loss	acc 	loss	acc 	
3.6736	0.4444	3.6685	0.2286	3.5065	0.4516	4.3378	0.4300	3.4964	0.2583		0.3626
3.5922	0.1481	3.3952	0.2857	2.8758	0.3419	3.1924	0.3900	2.9454	0.3000		0.2932
3.2959	0.1481	3.0122	0.3524	2.9926	0.1806	2.8423	0.4200	2.7485	0.3083		0.2819
3.1788	0.1556	3.0801	0.2476	2.6859	0.3355	2.8749	0.4000	2.7136	0.2917		0.2861
3.0850	0.1852	2.6696	0.3333	2.7446	0.3355	2.7687	0.4400	2.7160	0.2833		0.3155
3.0755	0.1481	2.6646	0.3333	2.7225	0.3355	2.7247	0.4600	2.7588	0.2667		0.3087
3.1729	0.1630	2.7726	0.2476	2.6977	0.3355	2.8414	0.4100	2.7135	0.2917		0.2895
fc6_rbf_accuracy:0.3626

fc7_linear
Binh 		Giang		Hung 		Tan  		Thuan		Final accuracy
loss	acc 	loss	acc 	loss	acc 	loss	acc 	loss	acc 	
4.6119	0.2519	4.0803	0.2667	3.6692	0.3613	5.4520	0.2000	4.7029	0.2083		0.2576
3.3025	0.1481	2.8137	0.2381	2.8291	0.3226	3.1507	0.3200	2.7283	0.3500		0.2758
3.2444	0.1481	2.5328	0.2762	2.8646	0.3290	2.9408	0.3300	2.4690	0.3917		0.2950
3.3740	0.1481	2.5702	0.2571	2.8190	0.3226	2.9013	0.3500	2.4322	0.3917		0.2939
3.3288	0.1481	2.6041	0.2571	2.8202	0.3226	2.8606	0.3300	2.4389	0.3917		0.2899
3.3284	0.1481	2.6095	0.2476	2.8246	0.3226	2.8666	0.3300	2.4478	0.3917		0.2880
3.3466	0.1481	2.6307	0.2667	2.8011	0.3226	2.8480	0.3300	2.4293	0.3917		0.2918
fc7_linear_accuracy:0.2950

fc7_rbf
Binh 		Giang		Hung 		Tan  		Thuan		Final accuracy
loss	acc 	loss	acc 	loss	acc 	loss	acc 	loss	acc 	
3.2251	0.3111	3.1245	0.2286	3.4193	0.3226	3.9104	0.2200	3.0354	0.2083		0.2581
3.4362	0.1481	3.0016	0.2190	2.9688	0.3290	3.1973	0.2900	2.6083	0.3833		0.2739
3.3379	0.1481	2.5543	0.2667	2.7404	0.3226	2.8919	0.3000	2.4072	0.4000		0.2875
3.4221	0.1481	2.5850	0.2381	2.6778	0.3290	2.8929	0.2900	2.3141	0.4000		0.2811
3.3839	0.1481	2.5780	0.2381	2.6750	0.3290	2.8061	0.3000	2.3333	0.4000		0.2831
3.3668	0.1481	2.5761	0.2190	2.6685	0.3355	2.8242	0.2900	2.3770	0.3917		0.2769
3.4034	0.1481	2.5867	0.2190	2.6626	0.3355	2.8240	0.2900	2.3508	0.3917		0.2769
fc7_rbf_accuracy:0.2875

prob
Binh 		Giang		Hung 		Tan  		Thuan		Final accuracy
loss	acc 	loss	acc 	loss	acc 	loss	acc 	loss	acc 	
1.7542	0.1630	1.3300	0.3429	1.6105	0.2581	1.5732	0.2400	1.3043	0.3583		0.2724
4.0290	0.1481	2.3425	0.2667	3.2381	0.3419	2.9068	0.3200	1.7830	0.4167		0.2987
4.5314	0.1481	2.9239	0.2476	3.9002	0.3355	3.3935	0.3800	2.5370	0.3917		0.3006
5.0458	0.1481	3.0575	0.2667	4.3068	0.3290	3.8615	0.3200	2.5614	0.3917		0.2911
5.5699	0.1481	3.2604	0.2476	4.5067	0.3290	3.9976	0.3700	2.6325	0.4083		0.3006
5.5885	0.1481	3.2799	0.2476	4.5332	0.3355	4.0421	0.3700	2.6614	0.4083		0.3019
5.5408	0.1481	3.2598	0.2571	4.6039	0.3355	4.0302	0.3700	2.7293	0.3917		0.3005
prob_accuracy:0.3019

