     0      0      0     10      1      0      0      0      0      0      0      4
     0      3      0      0      0      0      0      0      9      3      0      0
     0      0     13      0      0      0      1      0      0      0      0      1
     0      0      0     15      0      0      0      0      0      0      0      0
     0      0      0      5      6      0      0      0      0      0      0      4
     0      0      0      1      0      9      2      0      0      0      0      3
     0      0      0      8      0      0      3      0      0      0      1      3
     0      0      0      0      0      1      0      0     12      2      0      0
     0      0      0      0      0      0      0      0     14      1      0      0
     0      0      0      0      0      0      0      0     10      5      0      0
     0      0      0     15      0      0      0      0      0      0      0      0
     0      0      0      0      7      0      0      0      0      0      0      8
