    18      0      0      0      0      0      0      0      0      0      0      0
     0      0      0      0      0      0      0      1      5     12      0      0
     0      0     18      0      0      0      0      0      0      0      0      0
     0      0      0     18      0      0      0      0      0      0      0      0
     0      0      0      1     17      0      0      0      0      0      0      0
     0      0      0      0      0     16      2      0      0      0      0      0
     0      0      0      0      0      0     18      0      0      0      0      0
     0      0      0      0      0      0      0     10      5      3      0      0
     0      0      0      0      0      0      0      0     16      2      0      0
     0      0      0      0      0      0      0      0      1     17      0      0
     0      0      0     17      0      0      0      0      0      0      1      0
     0      0      0      1      6      0      0      0      0      0      1     10
