    18      0      0      0      0      0      0      0      0      0      0      0
     0      6      0      0      0      0      0      0      0     12      0      0
     0      0     18      0      0      0      0      0      0      0      0      0
     0      0      0     15      3      0      0      0      0      0      0      0
     0      0      0      0     18      0      0      0      0      0      0      0
     0      0      0      0      0     18      0      0      0      0      0      0
     0      0      0      0      0      5     13      0      0      0      0      0
     0      0      0      0      0      0      0      6      3      9      0      0
     0      0      0      0      0      0      0      0     18      0      0      0
     0      0      0      0      0      0      0      1      1     16      0      0
     0      0      0      9      4      0      0      0      0      0      5      0
     0      0      0      0     18      0      0      0      0      0      0      0
