    18      0      0      0      0      0      0      0      0      0      0      0
     0      0      0      0      0      0      0      0      2     16      0      0
     0      0     15      0      0      1      0      0      2      0      0      0
     0      0      0     11      3      1      2      0      1      0      0      0
     0      0      0      0     16      0      0      0      0      0      2      0
     0      0      0      0      0     17      1      0      0      0      0      0
     0      0      0      0      0      2     16      0      0      0      0      0
     0      0      0      0      0      0      0      0      1     17      0      0
     0      0      0      0      0      0      0      0     15      3      0      0
     0      0      0      0      0      0      0      0      1     17      0      0
     0      0      0      2      1      1      1      0      4      0      9      0
     0      0      0      0      9      1      0      0      0      0      3      5
