    45      0      0      0      0      0      0      0      0      0      0      0
     1     39      0      0      0      0      0      0      0      5      0      0
     0      0     44      0      0      1      0      0      0      0      0      0
     0      0      0     45      0      0      0      0      0      0      0      0
     1      0      0      0     44      0      0      0      0      0      0      0
     0      0      0      0      0     42      3      0      0      0      0      0
     0      0      1      0      0      0     44      0      0      0      0      0
     0      0      0      0      0      0      0     45      0      0      0      0
     0      0      0      0      0      0      0      0     45      0      0      0
     0      0      0      0      0      0      0      0      0     45      0      0
     0      0      0      1      0      0      0      0      0      0     44      0
     0      0      0      0      0      0      0      0      0      0      0     45
