    45      0      0      0      0      0      0      0      0      0      0      0
     0     44      0      0      0      0      0      0      0      1      0      0
     0      0     45      0      0      0      0      0      0      0      0      0
     0      0      0     44      0      0      0      0      0      0      1      0
     0      0      0      0     39      0      0      0      0      0      0      6
     0      0      0      1      0     43      1      0      0      0      0      0
     0      0      1      0      0      1     43      0      0      0      0      0
     0      0      0      0      0      0      0     45      0      0      0      0
     0      0      0      0      0      0      0      0     45      0      0      0
     0      6      0      0      0      0      0      0      0     39      0      0
     0      0      0      1      0      0      0      0      0      0     44      0
     0      0      0      0      0      0      0      0      0      0      0     45
