output/result_backup/table_23Jan2019_clean_1_pre_3_first_16_fc6_2048_fc7_2048/K5_K5_23-01-2019_02.52.47

fc6_linear
Binh 		Giang		Hung 		Tan  		Thuan		Final accuracy
loss	acc 	loss	acc 	loss	acc 	loss	acc 	loss	acc 	
0.0293	1.0000	0.0379	1.0000	0.1718	0.9600	0.0482	0.9900	0.0413	0.9833		0.9867
0.0295	1.0000	0.0364	1.0000	0.1569	0.9600	0.0451	1.0000	0.0385	0.9833		0.9887
0.0297	1.0000	0.0359	1.0000	0.1639	0.9533	0.0468	1.0000	0.0405	0.9833		0.9873
0.0288	1.0000	0.0356	1.0000	0.2025	0.9333	0.0480	1.0000	0.0377	0.9833		0.9833
0.0291	1.0000	0.0342	1.0000	0.1564	0.9533	0.0508	1.0000	0.0364	0.9833		0.9873
fc6_linear_accuracy:0.9887

fc6_rbf
Binh 		Giang		Hung 		Tan  		Thuan		Final accuracy
loss	acc 	loss	acc 	loss	acc 	loss	acc 	loss	acc 	
0.0394	1.0000	0.0334	1.0000	0.2500	0.9000	0.0544	1.0000	0.0415	1.0000		0.9800
0.0334	1.0000	0.0307	1.0000	0.1919	0.9267	0.0504	1.0000	0.0392	0.9917		0.9837
0.0327	1.0000	0.0317	1.0000	0.1748	0.9333	0.0470	1.0000	0.0421	0.9833		0.9833
0.0327	1.0000	0.0313	1.0000	0.3113	0.8933	0.0483	1.0000	0.0397	0.9833		0.9753
0.0321	1.0000	0.0322	1.0000	0.1696	0.9400	0.0485	1.0000	0.0366	0.9917		0.9863
fc6_rbf_accuracy:0.9880

fc7_linear
Binh 		Giang		Hung 		Tan  		Thuan		Final accuracy
loss	acc 	loss	acc 	loss	acc 	loss	acc 	loss	acc 	
0.0270	1.0000	0.0385	1.0000	0.1705	0.9467	0.0434	0.9900	0.0390	0.9917		0.9857
0.0280	1.0000	0.0326	1.0000	0.1506	0.9600	0.0394	0.9900	0.0390	0.9833		0.9867
0.0276	1.0000	0.0329	1.0000	0.1423	0.9667	0.0396	0.9900	0.0400	0.9833		0.9880
0.0275	1.0000	0.0328	1.0000	0.1381	0.9667	0.0419	0.9900	0.0389	0.9833		0.9880
0.0272	1.0000	0.0322	1.0000	0.1415	0.9600	0.0454	0.9900	0.0379	0.9833		0.9867
fc7_linear_accuracy:0.9897

fc7_rbf
Binh 		Giang		Hung 		Tan  		Thuan		Final accuracy
loss	acc 	loss	acc 	loss	acc 	loss	acc 	loss	acc 	
0.0271	1.0000	0.0313	1.0000	0.2196	0.9267	0.0453	0.9900	0.0471	0.9917		0.9817
0.0280	1.0000	0.0316	1.0000	0.1595	0.9467	0.0436	0.9900	0.0453	0.9833		0.9840
0.0284	1.0000	0.0314	1.0000	0.1448	0.9600	0.0405	1.0000	0.0478	0.9833		0.9887
0.0281	1.0000	0.0303	1.0000	0.1390	0.9667	0.0431	0.9900	0.0461	0.9833		0.9880
0.0280	1.0000	0.0308	1.0000	0.1404	0.9667	0.0411	1.0000	0.0429	0.9833		0.9900
fc7_rbf_accuracy:0.9917

prob
Binh 		Giang		Hung 		Tan  		Thuan		Final accuracy
loss	acc 	loss	acc 	loss	acc 	loss	acc 	loss	acc 	
0.0364	1.0000	0.0738	0.9905	0.3029	0.8667	0.0479	1.0000	0.0841	0.9750		0.9664
0.0123	1.0000	0.0130	1.0000	0.1244	0.9667	0.0366	0.9800	0.0823	0.9667		0.9827
0.0100	1.0000	0.0084	1.0000	0.0770	0.9867	0.0228	1.0000	0.0916	0.9667		0.9907
0.0082	1.0000	0.0059	1.0000	0.0725	0.9867	0.0309	0.9800	0.1384	0.9583		0.9850
0.0053	1.0000	0.0046	1.0000	0.0871	0.9800	0.0238	1.0000	0.0902	0.9667		0.9893
prob_accuracy:0.9923

