    18      0      0      0      0      0      0      0      0      0      0      0
     0      4      0      0      1      0      0      0      4      9      0      0
     0      0     18      0      0      0      0      0      0      0      0      0
     0      0      0     10      7      0      0      0      0      0      0      1
     0      0      0      0     16      0      0      0      0      0      0      2
     0      0      0      0      0     18      0      0      0      0      0      0
     0      0      0      0      0      5     13      0      0      0      0      0
     0      1      0      0      0      0      0      0     11      6      0      0
     0      0      0      0      0      0      0      0     14      4      0      0
     0      0      0      0      0      0      0      0      1     17      0      0
     0      0      0      2      7      0      0      0      0      0      8      1
     0      0      0      0      7      0      0      0      0      0      0     11
