    43      1      0      0      0      1      0      0      0      0      0      0
     1     39      2      0      0      0      0      0      0      3      0      0
     0      0     41      3      0      1      0      0      0      0      0      0
     0      0      0     37      1      1      0      0      0      0      6      0
     2      0      1      0     42      0      0      0      0      0      0      0
     4      0      0      0      1     37      3      0      0      0      0      0
     0      0      2      0      0      0     43      0      0      0      0      0
     0      2      0      0      0      0      0     43      0      0      0      0
     0      0      0      0      0      0      0      0     45      0      0      0
     0      1      0      0      0      0      0      0      0     44      0      0
     0      0      0      1      0      0      0      0      0      0     44      0
     0      0      0      0      1      0      0      0      0      0      0     44
