    11      0      0      0      1      3      0      0      0      0      0      0
     0      1      0      0      0      0      0      0      0     14      0      0
     0      0     14      1      0      0      0      0      0      0      0      0
     0      0      0      9      5      0      1      0      0      0      0      0
     0      0      0      0     13      2      0      0      0      0      0      0
     0      0      0      0      0     15      0      0      0      0      0      0
     0      0      0      0      1     12      2      0      0      0      0      0
     0      1      0      0      0      0      0      0      5      9      0      0
     0      3      0      0      0      0      0      0      6      6      0      0
     0      0      0      0      0      0      0      0      0     15      0      0
     0      0      0     12      3      0      0      0      0      0      0      0
     0      0      0      0     11      4      0      0      0      0      0      0
