    45      0      0      0      0      0      0      0      0      0      0      0
     1     42      1      0      0      0      0      0      0      1      0      0
     0      0     43      2      0      0      0      0      0      0      0      0
     0      0      0     39      1      1      0      0      0      0      4      0
     1      0      1      0     42      0      0      0      0      0      0      1
     4      0      0      0      1     36      4      0      0      0      0      0
     0      0      0      0      0      0     45      0      0      0      0      0
     0      1      0      0      0      0      0     44      0      0      0      0
     0      0      0      0      0      0      0      0     45      0      0      0
     0      0      0      0      0      0      0      0      0     45      0      0
     0      0      0      1      0      0      0      0      0      0     44      0
     0      0      0      0      0      0      0      0      0      0      0     45
