    18      0      0      0      0      0      0      0      0      0      0      0
     0      1      0      0      0      0      0      0      3     14      0      0
     0      0     18      0      0      0      0      0      0      0      0      0
     0      0      0     18      0      0      0      0      0      0      0      0
     0      0      0      1     17      0      0      0      0      0      0      0
     0      0      0      0      0     17      1      0      0      0      0      0
     0      0      0      0      0      0     18      0      0      0      0      0
     0      0      0      0      0      0      0      9      2      7      0      0
     0      0      0      0      0      0      0      0     17      1      0      0
     0      0      0      0      0      0      0      0      1     17      0      0
     0      0      0     17      0      0      0      0      0      0      1      0
     0      0      0      0     18      0      0      0      0      0      0      0
