     0      1      2     11      2      1      0      0      1      0      0      0
     0     17      0      0      0      0      0      0      1      0      0      0
     0      0     18      0      0      0      0      0      0      0      0      0
     0      0      3     11      4      0      0      0      0      0      0      0
     0      0      3      0     15      0      0      0      0      0      0      0
     0      0      0      0      0     17      1      0      0      0      0      0
     0      0      1      0      4      5      8      0      0      0      0      0
     0     18      0      0      0      0      0      0      0      0      0      0
     0     13      0      0      0      0      0      0      5      0      0      0
     0     16      0      0      0      0      0      0      0      2      0      0
     0      0      4      5      8      0      0      0      1      0      0      0
     0      0      1      0     17      0      0      0      0      0      0      0
