    15      0      0      0      0      0      0      0      0      0      0      0
     0     12      0      0      0      0      0      2      0      1      0      0
     0      0     15      0      0      0      0      0      0      0      0      0
     0      0      0     15      0      0      0      0      0      0      0      0
     0      0      0      0      9      0      0      0      0      0      1      5
     0      0      0      0      0     14      1      0      0      0      0      0
     0      0      0      0      0      0     15      0      0      0      0      0
     0      1      0      0      0      0      0     13      1      0      0      0
     0      0      0      0      0      0      0      0     15      0      0      0
     0      4      0      0      0      0      0      4      0      7      0      0
     0      0      0      6      0      0      2      0      0      0      7      0
     0      0      0      0      4      0      0      0      0      0      0     11
