    12      0      0      0      2      0      0      0      0      0      0      4
     0     11      0      0      0      0      0      3      0      4      0      0
     0      0     10      1      0      0      7      0      0      0      0      0
     0      0      0     14      2      0      2      0      0      0      0      0
     0      0      0      0      6      0      1      0      0      0      3      8
     0      0      0      0      0      4     14      0      0      0      0      0
     0      0      0      0      0      0     18      0      0      0      0      0
     0      6      0      0      0      0      0      5      1      6      0      0
     0      1      0      0      0      0      1      0     16      0      0      0
     0      7      0      0      0      0      0      2      0      9      0      0
     0      0      0     11      1      0      3      0      0      0      3      0
     0      0      0      0      6      0      1      0      0      0      3      8
