    90      0      0      0      0      0      0      0      0      0      0      0
     0     80      0      0      0      0      0      1      4      5      0      0
     0      0     90      0      0      0      0      0      0      0      0      0
     0      0      0     76      0      0      0      0      0      0     14      0
     0      0      0      0     84      0      0      0      0      0      0      6
     0      0      0      0      0     82      8      0      0      0      0      0
     0      0      0      0      0      0     90      0      0      0      0      0
     0      0      0      0      0      0      0     90      0      0      0      0
     0      2      0      0      0      0      0      0     83      5      0      0
     0      4      0      0      0      0      0      1      3     82      0      0
     0      0      0     10      0      0      0      0      0      0     74      6
     0      0      0      2     14      0      0      0      0      0      0     74
