    90      0      0      0      0      0      0      0      0      0      0      0
     0     82      0      0      0      0      0      0      5      2      1      0
     0      0     90      0      0      0      0      0      0      0      0      0
     0      0      0     69      0      0      0      0      0      0     21      0
     0      0      0      0     76      0      0      0      0      0      1     13
     0      0      0      1      0     82      7      0      0      0      0      0
     0      0      0      0      0      0     90      0      0      0      0      0
     0      2      0      0      0      0      0     85      1      2      0      0
     0      8      0      0      0      0      0      0     77      5      0      0
     0      5      0      0      0      0      0      4      3     78      0      0
     0      0      0     11      0      0      0      0      0      0     73      6
     0      0      0      1     18      0      0      0      0      0      0     71
