    90      0      0      0      0      0      0      0      0      0      0      0
     3     41      0      0      0      0      0      0     17     27      2      0
     0      0     90      0      0      0      0      0      0      0      0      0
     0      0      0     81      0      0      0      0      0      0      9      0
     0      0      0      0     51      0      0      0      0      0      6     33
     0      0      0      0      0     83      7      0      0      0      0      0
     0      0      0      0      0      0     90      0      0      0      0      0
     0      3      0      1      0      1      0     71      5      9      0      0
     0      3      0      0      0      0      0      0     69     18      0      0
     0      0      0      0      0      0      0      2      5     83      0      0
     0      0      0     33      2      0      0      0      0      0     49      6
     0      0      0      5     13      0      0      0      0      0      1     71
