     7      0      0      2      0     33      0      0      0      2      1      0
     0      0      0      0      0      6      0      4      0     35      0      0
     0      0     13      0      0      8      0     24      0      0      0      0
     0      0      0     37      0      6      0      0      0      1      1      0
     0      0      0      2      0     17      0      1      0      1      0     24
     0      0      0      0      0     45      0      0      0      0      0      0
     0      0      0      0      0     42      0      3      0      0      0      0
     0      0      0      0      0      0      0     34      0     11      0      0
     0      0      0      0      0      0      0     16      0     16      0     13
     0      0      0      0      0      0      0      1      0     44      0      0
     0      0      0     22      0      1      0      0      0      0     22      0
     0      0      0      0      0      6      0      0      0      0      0     39
