    15      0      0      0      0      0      0      0      0      0      0      0
     0      9      0      0      0      0      0      0      1      5      0      0
     0      0     15      0      0      0      0      0      0      0      0      0
     0      0      0     15      0      0      0      0      0      0      0      0
     0      0      0      0     15      0      0      0      0      0      0      0
     0      0      0      0      0     13      2      0      0      0      0      0
     0      0      0      0      0      0     15      0      0      0      0      0
     0      0      0      0      0      0      0      9      4      2      0      0
     0      0      0      0      0      0      0      0     13      2      0      0
     0      0      0      0      0      0      0      0      0     15      0      0
     0      0      0     11      0      0      0      0      0      0      4      0
     0      0      0      0      6      0      0      0      0      0      1      8
