    17      0      0      1      0      0      0      0      0      0      0      0
     0     12      0      0      0      0      0      2      0      4      0      0
     0      0     18      0      0      0      0      0      0      0      0      0
     0      0      0     18      0      0      0      0      0      0      0      0
     0      0      0      0     18      0      0      0      0      0      0      0
     0      0      0      0      0     12      6      0      0      0      0      0
     0      0      0      0      0      0     18      0      0      0      0      0
     0      1      0      0      0      0      0     13      2      2      0      0
     0      0      0      0      0      0      0      1     17      0      0      0
     0      2      0      0      0      0      0      0      0     16      0      0
     0      0      0      0      0      0      0      0      0      0     17      1
     0      0      0      0     11      0      0      0      0      0      0      7
