     0     16      0      0      1      0      0      0      1      0      0      0
     0     18      0      0      0      0      0      0      0      0      0      0
     0      0     18      0      0      0      0      0      0      0      0      0
     0      0      0     15      0      0      0      0      3      0      0      0
     0      0      0      3      9      0      0      0      6      0      0      0
     0      3      5      2      3      4      0      0      1      0      0      0
     0      0      8      1      3      4      0      0      2      0      0      0
     0     15      0      0      0      0      0      3      0      0      0      0
     0     12      0      0      0      0      0      0      6      0      0      0
     0     18      0      0      0      0      0      0      0      0      0      0
     0      0      0     15      0      0      0      0      3      0      0      0
     0      0      0      3      9      0      0      0      6      0      0      0
