    45      0      0      0      0      0      0      0      0      0      0      0
     1     41      2      0      0      0      0      0      0      1      0      0
     1      0     41      2      0      1      0      0      0      0      0      0
     0      0      0     38      1      1      0      0      0      0      5      0
     1      0      1      0     42      0      0      0      0      0      0      1
     5      0      0      0      0     36      3      0      0      0      0      1
     0      0      0      0      0      0     45      0      0      0      0      0
     0      1      0      0      0      0      0     44      0      0      0      0
     0      0      0      0      0      0      0      0     45      0      0      0
     0      0      0      0      0      0      0      0      0     45      0      0
     0      0      0      2      0      0      0      0      0      0     43      0
     0      0      0      0      0      0      0      0      0      0      0     45
