    18      0      0      0      0      0      0      0      0      0      0      0
     0     13      0      0      1      0      0      0      4      0      0      0
     0      0     18      0      0      0      0      0      0      0      0      0
     0      0      0      8     10      0      0      0      0      0      0      0
     0      0      0      0     17      1      0      0      0      0      0      0
     0      0      0      0      0     18      0      0      0      0      0      0
     0      0      0      0      0      2     16      0      0      0      0      0
     0      3      0      0      0      0      0      4     10      1      0      0
     0      1      0      0      0      0      0      0     17      0      0      0
     0      3      0      0      0      0      0      0      8      7      0      0
     0      0      0      9      9      0      0      0      0      0      0      0
     0      0      0      0     17      1      0      0      0      0      0      0
