    18      0      0      0      0      0      0      0      0      0      0      0
     0      2      0      0      0      0      0      0      0     16      0      0
     0      0     16      0      0      0      0      0      0      0      0      2
     0      0      0     18      0      0      0      0      0      0      0      0
     0      0      0      0     18      0      0      0      0      0      0      0
     0      0      0      0      0      0     18      0      0      0      0      0
     0      0      0      0      0      0     18      0      0      0      0      0
     0      0      0      0      0      0      0      5      0     13      0      0
     0      0      0      0      0      0      0      0     12      6      0      0
     0      0      0      0      0      0      0      0      0     18      0      0
     0      0      0     11      1      0      3      0      0      0      3      0
     0      0      0      0     13      0      0      0      0      0      0      5
