output/result_backup/table_08Jan2019_original_aug_1_pad/K3_K1_07-01-2019_17.40.27

fc6_linear
Binh 		Giang		Hung 		Tan  		Thuan		Final accuracy
loss	acc 	loss	acc 	loss	acc 	loss	acc 	loss	acc 	
4.0371	0.1786	3.0721	0.2381	2.4685	0.4452	1.5050	0.5727	1.9544	0.4417		0.3752
3.2476	0.1786	2.8804	0.2190	1.9476	0.4194	1.8024	0.5364	1.3483	0.6000		0.3907
2.8949	0.1786	2.6549	0.2190	1.9685	0.4323	1.4667	0.5909	1.0928	0.6333		0.4108
2.8668	0.1714	2.6955	0.2190	1.5724	0.4581	1.5244	0.5727	1.0015	0.6667		0.4176
2.7521	0.1714	2.6737	0.2190	1.7179	0.4194	1.4050	0.5727	0.9756	0.6750		0.4115
2.7371	0.1714	2.6952	0.2190	1.6869	0.4129	1.3671	0.5818	0.9545	0.6750		0.4120
2.7795	0.1714	2.6557	0.2190	1.6408	0.4129	1.3425	0.5818	0.9556	0.6750		0.4120
fc6_linear_accuracy:0.4281

fc6_rbf
Binh 		Giang		Hung 		Tan  		Thuan		Final accuracy
loss	acc 	loss	acc 	loss	acc 	loss	acc 	loss	acc 	
3.3390	0.1786	2.2127	0.2476	2.1978	0.5226	1.6468	0.6273	2.0615	0.4667		0.4085
3.0872	0.1714	2.5614	0.2381	1.7557	0.4903	1.7607	0.5545	1.2840	0.6833		0.4275
2.8434	0.1714	2.4314	0.2190	1.6752	0.4581	1.5047	0.6000	1.0893	0.7000		0.4297
2.8803	0.1714	2.4640	0.2095	1.3365	0.5097	1.6062	0.5909	1.0373	0.7167		0.4396
2.7488	0.1714	2.4664	0.2190	1.3683	0.5032	1.4638	0.5909	1.0404	0.6917		0.4353
2.7934	0.1714	2.4898	0.2190	1.3895	0.4903	1.4676	0.6000	1.0069	0.7083		0.4378
2.8227	0.1714	2.4550	0.2095	1.3532	0.4968	1.4314	0.6000	1.0072	0.7000		0.4355
fc6_rbf_accuracy:0.4585

fc7_linear
Binh 		Giang		Hung 		Tan  		Thuan		Final accuracy
loss	acc 	loss	acc 	loss	acc 	loss	acc 	loss	acc 	
4.0551	0.1786	2.7089	0.2381	2.5017	0.3806	1.4781	0.5182	1.5201	0.4917		0.3614
3.2501	0.1786	2.8445	0.2381	1.8730	0.4000	1.7417	0.5182	1.0707	0.5667		0.3803
2.9592	0.1786	2.6522	0.2190	1.9513	0.3935	1.2853	0.5909	0.8798	0.6250		0.4014
2.9585	0.1786	2.6465	0.1905	1.5873	0.3871	1.2797	0.5636	0.8511	0.6333		0.3906
2.7738	0.1786	2.6502	0.2095	1.7458	0.3677	1.2562	0.5455	0.8591	0.6167		0.3836
2.8150	0.1714	2.6523	0.1905	1.6820	0.3613	1.2302	0.5727	0.8531	0.6250		0.3842
2.8049	0.1714	2.6276	0.1905	1.6423	0.3677	1.2046	0.5636	0.8581	0.6167		0.3820
fc7_linear_accuracy:0.4082

fc7_rbf
Binh 		Giang		Hung 		Tan  		Thuan		Final accuracy
loss	acc 	loss	acc 	loss	acc 	loss	acc 	loss	acc 	
3.7070	0.1786	2.5078	0.2000	2.1275	0.4710	1.6153	0.5545	1.5754	0.4667		0.3742
3.2995	0.1786	2.7434	0.2190	1.6195	0.4774	1.7043	0.5273	1.0038	0.6250		0.4055
3.0147	0.1714	2.6325	0.2095	1.5965	0.4387	1.4051	0.5909	0.8732	0.6667		0.4154
3.0193	0.1714	2.6156	0.1905	1.2745	0.4774	1.3975	0.6091	0.8625	0.6667		0.4230
2.8474	0.1714	2.6416	0.2190	1.3169	0.4387	1.3414	0.6000	0.8784	0.6583		0.4175
2.9159	0.1714	2.6536	0.2190	1.3447	0.4452	1.3262	0.6182	0.8645	0.6583		0.4224
2.9430	0.1714	2.6284	0.2095	1.3416	0.4452	1.2982	0.6182	0.8670	0.6500		0.4189
fc7_rbf_accuracy:0.4320

prob
Binh 		Giang		Hung 		Tan  		Thuan		Final accuracy
loss	acc 	loss	acc 	loss	acc 	loss	acc 	loss	acc 	
4.4216	0.1786	1.6877	0.2762	1.4393	0.4710	1.1702	0.5273	0.6354	0.8083		0.4523
4.8644	0.1786	2.5852	0.2000	1.7548	0.4323	0.9821	0.6000	0.6078	0.7833		0.4388
6.0067	0.1786	2.1425	0.2667	1.1641	0.5419	1.2749	0.5273	0.6443	0.7417		0.4512
6.7454	0.1786	2.8473	0.1905	1.6085	0.4581	1.2556	0.5273	0.7019	0.7417		0.4192
4.9982	0.1786	2.1129	0.2667	1.3100	0.5677	0.8045	0.7000	0.5426	0.8250		0.5076
5.7294	0.1786	2.2761	0.2667	1.4788	0.5032	0.8768	0.6727	0.5765	0.8167		0.4876
5.8811	0.1786	2.3799	0.2667	1.5937	0.4710	0.8918	0.6818	0.6187	0.7917		0.4779
prob_accuracy:0.5095

