    17      0      0      0      1      0      0      0      0      0      0      0
     0     17      0      0      0      0      0      0      0      1      0      0
     0      0     18      0      0      0      0      0      0      0      0      0
     0      0      0     13      5      0      0      0      0      0      0      0
     0      0      0      0     16      0      0      0      0      0      0      2
     0      0      0      0      0     17      1      0      0      0      0      0
     0      0      0      0      0      1     16      0      1      0      0      0
     0      6      0      0      0      0      0      9      1      2      0      0
     0      1      0      0      0      0      0      0     17      0      0      0
     0      6      0      0      0      0      0      0      0     12      0      0
     0      0      0      7      8      0      0      0      0      0      3      0
     0      0      0      0     15      0      0      0      0      0      0      3
