     9      0      0      0      0      0      2      0      0      1      5      1
     0      0      0      0      0      0      0      0      0     18      0      0
     0      0     11      0      0      0      2      5      0      0      0      0
     0      0      0     14      0      0      0      0      0      0      1      3
     0      0      0      3      2      0      0      0      0      0      0     13
     0      0      0      0      0      0     18      0      0      0      0      0
     0      0      0      0      0      0     18      0      0      0      0      0
     0      0      0      0      0      0      0      3      0     15      0      0
     0      0      0      0      0      0      0      0      1     17      0      0
     0      0      0      0      0      0      0      0      0     18      0      0
     0      0      0      5      0      0      0      0      0      0      8      5
     0      0      0      1      2      0      0      0      0      0      0     15
