     0     18      0      0      0      0      0      0      0      0      0      0
     0     18      0      0      0      0      0      0      0      0      0      0
     0      0     18      0      0      0      0      0      0      0      0      0
     0      0      1     14      1      0      0      0      0      0      0      2
     0      6      1      2      6      0      0      0      0      0      0      3
     0      8      4      6      0      0      0      0      0      0      0      0
     0      6      1      5      4      0      1      0      0      0      0      1
     0     18      0      0      0      0      0      0      0      0      0      0
     0     18      0      0      0      0      0      0      0      0      0      0
     0     18      0      0      0      0      0      0      0      0      0      0
     0      3      0      8      5      0      0      0      0      0      0      2
     0      6      0      1      8      0      0      0      0      0      0      3
