    17      0      0      0      1      0      0      0      0      0      0      0
     0     12      0      0      0      0      0      1      1      4      0      0
     0      0     18      0      0      0      0      0      0      0      0      0
     0      0      0     15      3      0      0      0      0      0      0      0
     0      0      0      1     17      0      0      0      0      0      0      0
     0      0      0      0      0     18      0      0      0      0      0      0
     0      0      0      0      0     13      3      0      2      0      0      0
     0      0      0      0      0      0      0     13      1      4      0      0
     0      0      0      0      0      0      0      0     18      0      0      0
     0      1      0      0      0      0      0      1      0     16      0      0
     0      0      0     13      5      0      0      0      0      0      0      0
     0      0      0      0     18      0      0      0      0      0      0      0
