    16      0      0      0      2      0      0      0      0      0      0      0
     0      0      0      0      0      0      0      0      0     18      0      0
     0      0     15      0      0      0      2      1      0      0      0      0
     0      0      0     13      3      0      2      0      0      0      0      0
     0      0      0      0     13      0      3      0      0      0      0      2
     0      0      0      0      0      3     14      0      1      0      0      0
     0      0      0      0      0      0     18      0      0      0      0      0
     0      0      0      0      0      0      0     13      0      5      0      0
     0      0      0      0      0      0      0      0      7     11      0      0
     0      0      0      0      0      0      0      0      0     18      0      0
     0      0      0     13      0      0      4      0      0      0      1      0
     0      0      0      0     10      0      3      0      0      0      0      5
