output/result/table_2019_02_16_12gestures_6_subjects/K3_K4_2019-02-17_18.33

fc6_linear
Giang		Hai  		Long 		Minh 		Thuy 		Tuyen		Final accuracy
loss	acc 	loss	acc 	loss	acc 	loss	acc 	loss	acc 	loss	acc 	
3.9667	0.1111	3.7435	0.1944	3.2267	0.3333	5.6968	0.1111	4.1044	0.3056	4.0995	0.2222		0.2130
3.9153	0.1667	3.0355	0.2500	2.8440	0.3333	4.7101	0.0278	3.6725	0.2500	4.1538	0.1389		0.1944
3.7078	0.1667	3.3559	0.1389	3.2052	0.3333	4.5842	0.0278	3.2928	0.3611	3.8184	0.1389		0.1944
3.5428	0.1944	3.1010	0.1389	3.3549	0.3333	4.1530	0.1389	3.3477	0.3889	4.3825	0.1667		0.2269
3.1677	0.2222	3.8392	0.1111	3.1034	0.2778	4.0774	0.0556	3.4589	0.3056	3.9353	0.1111		0.1806
3.2569	0.2222	3.5279	0.1389	3.3065	0.3056	4.3416	0.0278	3.2661	0.3611	3.8145	0.1111		0.1944
3.2144	0.2222	3.5362	0.1667	3.3508	0.2778	4.3882	0.0278	3.2822	0.3611	3.8092	0.1111		0.1944
fc6_linear_accuracy:0.2593

fc6_rbf
Giang		Hai  		Long 		Minh 		Thuy 		Tuyen		Final accuracy
loss	acc 	loss	acc 	loss	acc 	loss	acc 	loss	acc 	loss	acc 	
3.3470	0.1944	2.9056	0.1389	3.1973	0.2778	4.1249	0.1944	3.5581	0.3056	3.0211	0.2222		0.2222
3.0609	0.2500	2.7958	0.1944	2.7535	0.3333	3.4625	0.2500	2.7847	0.3333	2.8559	0.1667		0.2546
2.7083	0.3333	2.7279	0.2500	2.8439	0.2500	3.0800	0.2222	3.1878	0.1389	2.7084	0.2500		0.2407
2.7936	0.2500	2.6389	0.1944	2.7648	0.2778	2.9723	0.2500	2.8374	0.3611	3.2088	0.1389		0.2454
3.1684	0.1667	2.9666	0.1667	2.8429	0.1389	2.9141	0.2222	2.7062	0.3333	3.0698	0.1389		0.1944
2.9932	0.1667	2.7691	0.1667	3.9494	0.1111	3.2189	0.2222	2.4574	0.3056	2.6871	0.2222		0.1991
3.2535	0.1944	2.7925	0.2222	2.9430	0.2222	3.0524	0.2222	2.7929	0.3333	3.2025	0.1111		0.2176
fc6_rbf_accuracy:0.2963

fc7_linear
Giang		Hai  		Long 		Minh 		Thuy 		Tuyen		Final accuracy
loss	acc 	loss	acc 	loss	acc 	loss	acc 	loss	acc 	loss	acc 	
3.5682	0.1111	3.2487	0.1667	3.2526	0.3333	3.5712	0.3056	3.4311	0.3611	3.7941	0.1667		0.2407
3.1954	0.1667	3.1423	0.1944	3.1643	0.2778	4.1639	0.1667	2.9651	0.4167	3.6541	0.1111		0.2222
3.1498	0.2222	2.9975	0.1111	2.9106	0.3056	3.8767	0.0556	3.2803	0.3611	3.4520	0.1111		0.1944
3.0647	0.1667	3.2580	0.1111	3.0034	0.1667	3.8100	0.1667	3.2047	0.3333	4.0538	0.1667		0.1852
2.9903	0.1944	3.5009	0.1111	3.0270	0.1389	3.5940	0.1667	3.1048	0.2778	3.9488	0.0833		0.1620
2.9703	0.2500	3.3467	0.1389	3.0290	0.1111	4.0163	0.0833	3.1188	0.2778	3.9444	0.0833		0.1574
2.9958	0.2222	3.3601	0.1389	2.9793	0.1667	3.7771	0.1111	2.9995	0.3333	3.6017	0.1389		0.1852
fc7_linear_accuracy:0.2778

fc7_rbf
Giang		Hai  		Long 		Minh 		Thuy 		Tuyen		Final accuracy
loss	acc 	loss	acc 	loss	acc 	loss	acc 	loss	acc 	loss	acc 	
2.8815	0.2500	2.6503	0.1111	2.5064	0.3333	3.4379	0.1944	3.0830	0.3333	3.1133	0.2778		0.2500
2.7827	0.3056	2.6549	0.1944	2.4563	0.3611	3.3826	0.1389	2.5598	0.3333	2.8223	0.3889		0.2870
2.6836	0.2500	2.7143	0.1944	2.9487	0.1944	3.2065	0.1667	2.4671	0.3611	2.8707	0.2778		0.2407
2.8870	0.2778	2.6593	0.0833	2.6619	0.2500	3.0971	0.1389	2.7046	0.3333	3.1143	0.1667		0.2083
2.8987	0.2222	2.9166	0.1667	2.5546	0.3611	3.1335	0.1944	2.7036	0.3333	3.3619	0.0833		0.2269
2.9481	0.2778	2.8637	0.1389	2.4645	0.2500	3.2896	0.1944	2.7093	0.3333	3.2039	0.0833		0.2130
3.0028	0.2222	2.9858	0.1944	2.6382	0.3056	3.2297	0.1944	2.7483	0.3056	3.2845	0.0556		0.2130
fc7_rbf_accuracy:0.3009

prob
Giang		Hai  		Long 		Minh 		Thuy 		Tuyen		Final accuracy
loss	acc 	loss	acc 	loss	acc 	loss	acc 	loss	acc 	loss	acc 	
2.5439	0.2500	2.3281	0.1667	2.3244	0.1667	2.6647	0.1667	2.1231	0.2500	3.1880	0.0833		0.1806
3.7275	0.1667	3.0276	0.1389	2.5231	0.3333	4.1390	0.1667	2.9184	0.3333	3.9587	0.2500		0.2315
3.6618	0.2500	4.0400	0.1667	2.8287	0.2500	4.8830	0.1944	3.7698	0.3611	5.4954	0.2500		0.2454
4.8745	0.1667	4.1907	0.1944	3.6398	0.3333	4.9179	0.1944	4.9626	0.3056	5.7502	0.2222		0.2361
5.5730	0.1111	4.5621	0.1944	4.7749	0.2500	6.2630	0.1944	4.9852	0.3333	5.5410	0.2222		0.2176
4.7335	0.2222	5.2596	0.1944	4.6539	0.3056	5.9971	0.1944	5.3429	0.3333	6.1570	0.2222		0.2454
4.8069	0.2778	4.9427	0.1944	4.5572	0.3056	6.2844	0.1944	5.3935	0.3056	6.5182	0.2222		0.2500
prob_accuracy:0.2685

