    15      0      0      0      0      0      0      0      0      0      0      0
     0     12      0      0      0      0      0      0      0      3      0      0
     0      0     15      0      0      0      0      0      0      0      0      0
     0      0      0     15      0      0      0      0      0      0      0      0
     0      0      0      0     10      0      0      0      0      0      0      5
     0      0      0      0      0     15      0      0      0      0      0      0
     0      0      0      0      0      2     13      0      0      0      0      0
     0      0      0      0      0      0      0     15      0      0      0      0
     0      0      0      0      0      0      0      0     15      0      0      0
     0      0      0      0      0      0      0      2      1     12      0      0
     0      0      0      0      0      0      0      0      0      0     15      0
     0      0      0      0      0      0      0      0      0      0      0     15
