output/result/table_2019_02_16_12gestures_6_subjects/K2_K3_2019-02-17_07.39

fc6_linear
Giang		Hai  		Long 		Minh 		Thuy 		Tuyen		Final accuracy
loss	acc 	loss	acc 	loss	acc 	loss	acc 	loss	acc 	loss	acc 	
3.1220	0.2500	3.3637	0.2222	2.8829	0.3333	2.7995	0.3611	4.0237	0.3889	2.3057	0.2500		0.3009
1.9624	0.4167	2.3803	0.2500	3.3794	0.3056	2.0920	0.4722	2.1147	0.4444	2.3140	0.3611		0.3750
2.6691	0.3611	2.2954	0.3056	2.1520	0.3889	1.8236	0.4167	2.1876	0.5000	2.1044	0.3611		0.3889
1.6488	0.3611	3.2580	0.3056	2.2137	0.4167	1.2721	0.4722	2.0382	0.5278	2.4644	0.2778		0.3935
1.6902	0.5278	1.9234	0.4444	2.0640	0.3889	1.3964	0.5000	1.7145	0.5278	2.4065	0.3333		0.4537
1.7982	0.3889	1.8434	0.4444	1.8500	0.4444	1.4244	0.5278	1.9263	0.5000	2.4382	0.2500		0.4259
1.7342	0.4167	1.9582	0.4444	1.9850	0.4167	1.5214	0.5556	1.9761	0.4722	2.4297	0.2778		0.4306
fc6_linear_accuracy:0.4769

fc6_rbf
Giang		Hai  		Long 		Minh 		Thuy 		Tuyen		Final accuracy
loss	acc 	loss	acc 	loss	acc 	loss	acc 	loss	acc 	loss	acc 	
2.5513	0.2500	3.1753	0.1389	2.8924	0.2500	2.2720	0.2500	2.9026	0.2778	2.5699	0.1667		0.2222
1.8019	0.4722	2.3103	0.2500	2.6123	0.1667	1.5035	0.5000	1.9583	0.3611	1.9429	0.3889		0.3565
2.3940	0.2222	2.0005	0.2778	1.9855	0.4167	1.7412	0.5000	2.0035	0.3889	2.1180	0.3889		0.3657
1.4794	0.4167	2.5613	0.2500	1.9990	0.4167	1.4299	0.5556	1.5249	0.4167	2.2694	0.3333		0.3981
1.4389	0.5000	2.0214	0.3889	1.9206	0.4444	1.3951	0.6111	1.5308	0.4722	2.0298	0.3889		0.4676
1.3115	0.6111	1.8519	0.4722	2.0053	0.4444	1.4618	0.5556	1.4289	0.5278	1.9269	0.4167		0.5046
1.3613	0.5278	1.9033	0.4722	1.9431	0.4722	1.4205	0.5833	1.4412	0.4722	2.1039	0.4167		0.4907
fc6_rbf_accuracy:0.5185

fc7_linear
Giang		Hai  		Long 		Minh 		Thuy 		Tuyen		Final accuracy
loss	acc 	loss	acc 	loss	acc 	loss	acc 	loss	acc 	loss	acc 	
2.4678	0.2500	2.8787	0.1667	2.8038	0.4167	2.1969	0.3333	3.2246	0.3889	1.9932	0.4167		0.3287
1.8465	0.4444	2.4354	0.3333	3.1453	0.4444	1.9606	0.5000	1.9432	0.5278	2.3859	0.3611		0.4352
1.6317	0.4167	1.9378	0.3889	2.3256	0.4444	1.7219	0.5000	1.7826	0.5278	2.0369	0.4444		0.4537
1.6308	0.4167	1.7527	0.4722	2.0089	0.4444	1.7603	0.5000	1.6437	0.4722	2.0951	0.4722		0.4630
1.5223	0.3889	2.0531	0.3611	2.0317	0.3889	1.7221	0.4722	1.8760	0.4722	2.4090	0.3333		0.4028
1.4809	0.4444	1.8638	0.4444	1.9950	0.5000	1.6556	0.5278	1.8793	0.4722	2.1851	0.3889		0.4630
1.5193	0.4444	1.8678	0.4444	2.0239	0.4722	1.7652	0.5278	1.9723	0.5000	2.2090	0.3611		0.4583
fc7_linear_accuracy:0.4907

fc7_rbf
Giang		Hai  		Long 		Minh 		Thuy 		Tuyen		Final accuracy
loss	acc 	loss	acc 	loss	acc 	loss	acc 	loss	acc 	loss	acc 	
1.9500	0.3333	2.5460	0.1667	2.6085	0.2500	1.7489	0.2778	2.6910	0.2500	2.3186	0.1944		0.2454
1.6162	0.5278	2.1291	0.2500	2.3252	0.3056	1.4584	0.5000	1.7714	0.3056	1.8773	0.4722		0.3935
1.4870	0.6111	1.7705	0.4444	2.0269	0.3889	1.3529	0.5000	1.5361	0.4722	1.8842	0.4722		0.4815
1.3867	0.5278	1.7086	0.5000	1.9405	0.4167	1.4938	0.5278	1.4216	0.4722	1.9236	0.4722		0.4861
1.2609	0.6944	1.8267	0.5000	1.9830	0.4167	1.3946	0.5278	1.3743	0.5000	1.9056	0.4722		0.5185
1.3225	0.5000	1.8000	0.4722	1.9122	0.4167	1.3612	0.5833	1.4295	0.5000	1.9188	0.4722		0.4907
1.2408	0.5556	1.7727	0.5000	1.8451	0.4444	1.3692	0.5000	1.4405	0.5000	2.0135	0.4722		0.4954
fc7_rbf_accuracy:0.5324

prob
Giang		Hai  		Long 		Minh 		Thuy 		Tuyen		Final accuracy
loss	acc 	loss	acc 	loss	acc 	loss	acc 	loss	acc 	loss	acc 	
1.5840	0.4167	1.9850	0.3611	1.7444	0.4444	1.6452	0.4167	1.6247	0.4444	1.7479	0.4722		0.4259
1.3183	0.5000	1.7534	0.3889	1.8111	0.4167	1.5138	0.4444	1.2967	0.4722	1.4750	0.3333		0.4259
1.2976	0.5000	1.6365	0.4444	1.8726	0.4167	1.0958	0.5833	1.8318	0.5000	1.3528	0.5000		0.4907
1.3994	0.5000	1.8846	0.5556	2.0251	0.4167	1.6170	0.5000	1.7845	0.4444	1.5413	0.4444		0.4769
0.7679	0.6667	2.0746	0.4167	2.1265	0.4444	1.2328	0.6111	1.6497	0.5000	1.8445	0.4722		0.5185
0.9985	0.5833	1.9357	0.4722	2.0636	0.4444	1.3572	0.4722	1.4534	0.4722	1.9241	0.5000		0.4907
1.0524	0.6111	1.9110	0.5000	2.1457	0.3889	1.4545	0.4722	1.4838	0.5000	1.7886	0.5000		0.4954
prob_accuracy:0.5463

