output/result_backup/table_30Jan2019_original_12gestures/K1_K4_2019-01-30_00.13

fc6_linear
Giang		Hai  		Long 		Minh 		Thuan		Thuy 		Tuyen		Final accuracy
loss	acc 	loss	acc 	loss	acc 	loss	acc 	loss	acc 	loss	acc 	loss	acc 	
3.6444	0.3611	3.2682	0.5278	3.4051	0.3333	3.1263	0.3056	3.4960	0.1944	4.0402	0.3056	3.9673	0.3333		0.3373
3.3161	0.4167	2.8667	0.2778	2.6776	0.4167	3.5062	0.3333	3.2371	0.2222	3.0804	0.2500	3.6818	0.3889		0.3294
3.6300	0.4167	2.9009	0.1667	3.0129	0.4167	3.1440	0.2500	3.0356	0.2222	2.6240	0.3611	3.8307	0.2778		0.3016
3.4191	0.4167	2.8284	0.1667	2.5492	0.5000	2.9788	0.2778	3.2122	0.2222	2.6040	0.2778	3.4010	0.3611		0.3175
2.9418	0.4444	3.0673	0.1667	2.6219	0.5000	2.8376	0.2500	3.2061	0.2222	2.6050	0.3611	3.2886	0.3333		0.3254
3.0741	0.5000	2.9271	0.1667	2.5461	0.5278	2.6817	0.3056	2.9967	0.2222	2.6265	0.3611	3.3007	0.3889		0.3532
fc6_linear_accuracy:0.3532

fc6_rbf
Giang		Hai  		Long 		Minh 		Thuan		Thuy 		Tuyen		Final accuracy
loss	acc 	loss	acc 	loss	acc 	loss	acc 	loss	acc 	loss	acc 	loss	acc 	
3.1337	0.3333	3.1629	0.5556	2.9589	0.4167	3.2805	0.2778	2.7200	0.2222	3.3703	0.3333	3.1883	0.4167		0.3651
2.5983	0.4167	3.0898	0.3611	2.4824	0.4444	3.9558	0.3333	3.0165	0.2500	2.9408	0.3333	3.2453	0.4722		0.3730
3.0211	0.2222	2.8695	0.2500	2.8551	0.4722	2.8213	0.3333	3.0269	0.2222	2.8708	0.4167	3.2473	0.4444		0.3373
3.5250	0.2222	2.9360	0.2778	2.7617	0.5278	3.2858	0.3611	3.0803	0.2222	2.7696	0.3056	3.4379	0.3611		0.3254
2.7029	0.4167	3.1004	0.2778	2.7757	0.4722	2.6936	0.3611	3.5640	0.2222	2.9309	0.3889	3.4886	0.3333		0.3532
2.6960	0.4167	3.3137	0.2222	2.7279	0.4722	2.7634	0.3611	3.2687	0.2222	3.0715	0.3611	3.6363	0.3611		0.3452
fc6_rbf_accuracy:0.3730

fc7_linear
Giang		Hai  		Long 		Minh 		Thuan		Thuy 		Tuyen		Final accuracy
loss	acc 	loss	acc 	loss	acc 	loss	acc 	loss	acc 	loss	acc 	loss	acc 	
3.4666	0.4444	3.5499	0.3333	2.6837	0.2778	2.8158	0.3611	3.6379	0.2222	3.3752	0.4167	4.4093	0.1944		0.3214
2.4683	0.4444	2.9495	0.2222	2.6723	0.3333	2.6889	0.2778	3.2878	0.2222	2.6421	0.3889	3.3902	0.3056		0.3135
2.8398	0.4722	2.8603	0.2500	2.5199	0.3611	2.4964	0.3333	3.0167	0.2222	2.5733	0.3611	3.3257	0.2500		0.3214
2.4359	0.4722	2.6488	0.1944	2.2233	0.4167	2.4416	0.2778	2.8479	0.2222	2.3902	0.3889	2.9096	0.3611		0.3333
2.3888	0.4444	2.6562	0.1944	2.3550	0.4722	2.3526	0.3889	3.0162	0.1944	2.3353	0.3333	2.8163	0.3056		0.3333
2.4151	0.4167	2.6970	0.1667	2.1664	0.4167	2.2735	0.3611	2.8236	0.2222	2.3301	0.3333	2.7754	0.3333		0.3214
fc7_linear_accuracy:0.3333

fc7_rbf
Giang		Hai  		Long 		Minh 		Thuan		Thuy 		Tuyen		Final accuracy
loss	acc 	loss	acc 	loss	acc 	loss	acc 	loss	acc 	loss	acc 	loss	acc 	
2.8877	0.4167	2.9564	0.2778	2.5135	0.2500	2.5245	0.3056	3.6527	0.1389	2.9744	0.3333	3.3635	0.2222		0.2778
2.5072	0.4722	2.7220	0.2778	2.2466	0.3333	2.4921	0.3889	3.1367	0.1944	2.6745	0.2500	3.0383	0.3056		0.3175
2.9790	0.4444	2.9355	0.2222	2.2899	0.4444	2.4583	0.3611	3.3762	0.2222	2.5615	0.3333	3.2233	0.3333		0.3373
2.6961	0.5000	2.8480	0.1667	2.3207	0.4167	2.3932	0.3056	3.0197	0.2222	2.4340	0.4167	3.2958	0.3611		0.3413
2.6270	0.5000	2.7934	0.1944	2.3517	0.3889	2.4043	0.3611	3.4034	0.2222	2.4647	0.4722	3.2454	0.3056		0.3492
2.6479	0.5000	2.7578	0.1944	2.2581	0.4167	2.4237	0.3056	3.2242	0.1944	2.4860	0.4444	3.1743	0.3056		0.3373
fc7_rbf_accuracy:0.3492

prob
Giang		Hai  		Long 		Minh 		Thuan		Thuy 		Tuyen		Final accuracy
loss	acc 	loss	acc 	loss	acc 	loss	acc 	loss	acc 	loss	acc 	loss	acc 	
1.8427	0.4167	2.3365	0.1111	2.1384	0.2778	2.0861	0.2500	2.6246	0.2222	2.1885	0.2222	2.2955	0.1111		0.2302
2.1748	0.3333	2.9013	0.1944	2.2120	0.2222	2.5402	0.1667	3.4746	0.0278	2.4842	0.3333	2.7908	0.1389		0.2024
2.1130	0.5000	2.7038	0.0833	2.0511	0.3056	2.7469	0.1944	3.9041	0.1111	2.5915	0.3889	2.7154	0.2500		0.2619
2.6112	0.3889	3.0893	0.1944	2.6728	0.3889	2.9710	0.1944	4.2951	0.0833	2.4389	0.4444	3.5999	0.1389		0.2619
2.8758	0.3889	3.2044	0.1944	2.1427	0.3333	2.8672	0.2222	4.0791	0.1667	2.9262	0.3056	3.5062	0.1667		0.2540
2.9351	0.3889	3.2194	0.1944	2.2639	0.3611	2.8293	0.1667	4.4261	0.0833	2.7788	0.3611	3.6598	0.1111		0.2381
prob_accuracy:0.2619

