output/result_backup/table_05Feb2019_original_pre_3_12gestures/K2_K3_2019-02-06_06.16

fc6_linear
Giang		Hai  		Long 		Minh 		Thuan		Thuy 		Tuyen		Final accuracy
loss	acc 	loss	acc 	loss	acc 	loss	acc 	loss	acc 	loss	acc 	loss	acc 	
3.8194	0.3889	3.1148	0.1389	2.9466	0.4167	2.4119	0.3056	4.5278	0.1944	4.2072	0.3056	3.7206	0.2500		0.2857
2.7133	0.2222	2.1136	0.3611	2.2033	0.5278	1.7820	0.4167	3.1519	0.2222	2.5582	0.3611	2.6560	0.5000		0.3730
2.1703	0.4444	2.8976	0.2222	2.3489	0.4444	1.5445	0.4722	2.9154	0.2500	2.0504	0.4444	2.4345	0.3889		0.3810
1.5768	0.5278	2.4427	0.3056	1.9887	0.5278	1.0786	0.5278	2.7967	0.2500	1.6279	0.5000	2.3450	0.3056		0.4206
1.5637	0.4722	2.4548	0.2778	1.8328	0.5556	1.2998	0.4444	2.8513	0.3889	1.7026	0.5278	2.2381	0.3611		0.4325
1.7906	0.5000	2.5593	0.2778	1.9210	0.5556	1.6345	0.5278	2.9347	0.3056	1.6850	0.5556	2.4254	0.3611		0.4405
fc6_linear_accuracy:0.4881

fc6_rbf
Giang		Hai  		Long 		Minh 		Thuan		Thuy 		Tuyen		Final accuracy
loss	acc 	loss	acc 	loss	acc 	loss	acc 	loss	acc 	loss	acc 	loss	acc 	
2.8123	0.3056	2.7433	0.2222	2.4998	0.3056	2.3242	0.3056	3.3952	0.2500	2.8572	0.2500	2.4132	0.2500		0.2698
1.8988	0.3889	1.7543	0.4167	1.9021	0.5000	1.6826	0.5278	2.8208	0.2500	2.0802	0.3056	2.0197	0.3333		0.3889
1.4508	0.5000	2.2773	0.3611	1.8655	0.5000	1.3481	0.5556	2.3454	0.2500	1.8822	0.3611	1.9227	0.3611		0.4127
1.3388	0.5000	2.1405	0.3056	1.9900	0.4722	1.2326	0.6389	2.5159	0.2500	1.6786	0.4444	1.7982	0.5000		0.4444
1.3281	0.5556	2.2716	0.2778	1.8974	0.5000	1.1914	0.5000	2.4768	0.2778	1.3883	0.5556	1.9967	0.2778		0.4206
1.2810	0.5833	2.2099	0.3056	1.9707	0.4722	1.2482	0.5000	2.4191	0.3056	1.4723	0.5556	1.7980	0.4167		0.4484
fc6_rbf_accuracy:0.5000

fc7_linear
Giang		Hai  		Long 		Minh 		Thuan		Thuy 		Tuyen		Final accuracy
loss	acc 	loss	acc 	loss	acc 	loss	acc 	loss	acc 	loss	acc 	loss	acc 	
2.5102	0.4722	2.9638	0.3056	2.9675	0.3333	2.4363	0.3889	3.8792	0.1944	3.4929	0.3611	3.6352	0.3333		0.3413
1.8837	0.4444	2.2846	0.4167	2.0199	0.4722	1.4650	0.5278	2.5310	0.2500	2.3516	0.4167	2.8735	0.4167		0.4206
1.9851	0.5556	2.6727	0.1944	1.8863	0.4444	1.2229	0.5833	3.8314	0.2500	2.0866	0.5000	2.4040	0.3611		0.4127
1.4405	0.4722	2.2497	0.3056	1.6596	0.5000	0.9645	0.6389	2.5880	0.2778	1.6005	0.5556	2.3115	0.3333		0.4405
1.4422	0.6111	2.1805	0.3611	1.8316	0.5000	1.0806	0.6389	2.9206	0.3889	1.5413	0.5556	2.0931	0.2778		0.4762
1.7595	0.5278	2.0268	0.3611	1.8298	0.4444	1.2953	0.5278	2.8013	0.3056	1.3997	0.6111	2.2603	0.3056		0.4405
fc7_linear_accuracy:0.5119

fc7_rbf
Giang		Hai  		Long 		Minh 		Thuan		Thuy 		Tuyen		Final accuracy
loss	acc 	loss	acc 	loss	acc 	loss	acc 	loss	acc 	loss	acc 	loss	acc 	
2.1404	0.2500	2.7190	0.2222	2.7565	0.3056	2.0909	0.3056	3.1122	0.2500	2.6638	0.2778	2.3712	0.1944		0.2579
1.6726	0.4167	1.9225	0.4722	1.9413	0.5278	1.3512	0.5556	2.3728	0.2500	1.7887	0.4444	1.9526	0.4167		0.4405
1.3611	0.5556	1.9291	0.3333	1.9079	0.4722	1.2669	0.5556	2.4766	0.1667	1.5964	0.5278	2.0301	0.4167		0.4325
1.1591	0.5278	1.9199	0.3056	1.9040	0.5000	1.2083	0.5833	2.2319	0.2778	1.5282	0.4444	1.8791	0.3333		0.4246
1.1947	0.5556	1.7845	0.3889	2.0661	0.4167	1.0989	0.6389	2.1893	0.3333	1.2121	0.7222	1.8562	0.3611		0.4881
1.1811	0.5833	1.6839	0.4167	2.0120	0.3889	1.0825	0.5278	2.4682	0.2778	1.3171	0.5833	1.8528	0.3889		0.4524
fc7_rbf_accuracy:0.5278

prob
Giang		Hai  		Long 		Minh 		Thuan		Thuy 		Tuyen		Final accuracy
loss	acc 	loss	acc 	loss	acc 	loss	acc 	loss	acc 	loss	acc 	loss	acc 	
1.5801	0.3889	2.0510	0.2500	1.8263	0.5556	1.9035	0.2500	2.3300	0.1389	1.6583	0.3056	2.0204	0.2500		0.3056
1.4131	0.4444	1.7001	0.4722	1.6665	0.4444	1.3822	0.4167	2.0391	0.3056	1.8055	0.3889	1.6812	0.2500		0.3889
1.0346	0.5833	1.9401	0.3056	1.8005	0.4722	1.4098	0.4444	2.2534	0.3333	1.3179	0.5556	1.5418	0.5000		0.4563
1.1758	0.5556	1.9123	0.3889	1.9314	0.3889	1.3860	0.4167	2.1612	0.3611	1.3330	0.5000	1.9536	0.3333		0.4206
1.0192	0.5833	1.9305	0.4722	2.3229	0.4167	1.4831	0.3889	2.5151	0.3889	1.4341	0.5556	2.1523	0.2778		0.4405
1.6024	0.5833	1.7923	0.5000	1.9707	0.5000	1.2712	0.5278	2.4481	0.3889	1.3681	0.5278	1.8543	0.1667		0.4563
prob_accuracy:0.5159

