    18      0      0      0      0      0      0      0      0      0      0      0
     0     13      0      0      0      0      0      1      1      3      0      0
     0      0     18      0      0      0      0      0      0      0      0      0
     0      0      0     15      3      0      0      0      0      0      0      0
     0      0      0      0     18      0      0      0      0      0      0      0
     0      0      0      0      0     18      0      0      0      0      0      0
     0      0      0      0      0      6     12      0      0      0      0      0
     0      1      0      0      0      0      0      9      2      6      0      0
     0      1      0      0      0      0      0      0     17      0      0      0
     0      7      0      0      0      0      0      1      1      9      0      0
     0      0      0     14      4      0      0      0      0      0      0      0
     0      0      0      0     18      0      0      0      0      0      0      0
