     8      0      0      0      0      0      0      0      0      0      0      7
     0      1      0      0      0      0      0      0      0     14      0      0
     0      0     15      0      0      0      0      0      0      0      0      0
     0      0      0      8      0      5      0      0      0      0      0      2
     0      0      0      0      3      0      0      0      0      0      0     12
     0      0      1      0      0     13      0      0      0      0      0      1
     0      0      3      0      0     12      0      0      0      0      0      0
     0      0      0      0      0      0      0      0      0     15      0      0
     0      0      0      0      0      2      0      0      2     11      0      0
     0      0      0      0      0      0      0      0      0     15      0      0
     0      0      2      7      0      3      0      0      0      0      1      2
     0      0      0      1      5      0      0      0      0      0      0      9
