    18      0      0      0      0      0      0      0      0      0      0      0
     0      2      0      0      0      0      0      0      0     16      0      0
     0      0     18      0      0      0      0      0      0      0      0      0
     0      0      0     18      0      0      0      0      0      0      0      0
     0      0      0      2     13      0      0      0      0      0      0      3
     0      0      0      0      0     16      2      0      0      0      0      0
     0      0      0      0      0      0     18      0      0      0      0      0
     0      0      0      0      0      0      0      9      1      8      0      0
     0      0      0      0      0      0      0      0     14      4      0      0
     0      0      0      0      0      0      0      0      0     18      0      0
     0      0      0     16      0      0      0      0      0      0      2      0
     0      0      0      0      9      0      0      0      0      0      0      9
