    12      1      0      0      0      0      5      0      0      0      0      0
     0     15      0      0      0      0      0      0      0      3      0      0
     0      0     16      0      0      0      2      0      0      0      0      0
     0      0      0     15      0      0      0      0      0      0      0      3
     0      0      0      2      7      0      0      0      0      0      0      9
     0      0      0      0      0      0     18      0      0      0      0      0
     0      0      0      0      0      0     18      0      0      0      0      0
     0      2      0      0      0      0      0     16      0      0      0      0
     0      1      0      0      0      0      0      0     16      1      0      0
     0      1      0      0      0      0      0      0      0     17      0      0
     0      0      0      4      1      0      0      0      0      0     11      2
     0      0      0      0      2      0      0      0      0      0      1     15
