    15      0      0      0      1      0      1      0      0      0      0      1
     0      0      0      0      0      0      1      1      0     16      0      0
     0      0     18      0      0      0      0      0      0      0      0      0
     0      0      0     11      3      0      2      0      0      0      2      0
     0      0      0      0     13      0      5      0      0      0      0      0
     0      0      0      0      0      2     15      0      1      0      0      0
     0      0      0      0      0      0     18      0      0      0      0      0
     0      0      0      0      0      0      0     16      0      2      0      0
     0      0      0      0      0      0      0      0     10      8      0      0
     0      0      0      0      0      0      0      0      0     18      0      0
     0      0      0     11      1      0      4      0      0      0      2      0
     0      0      0      1     11      0      4      0      0      0      1      1
