output/result_backup/table_30Jan2019_original_pre_3_12gestures_fc6_1024_fc7_1024/K1_K4_2019-01-31_08.22

fc6_linear
Giang		Hai  		Long 		Minh 		Thuan		Thuy 		Tuyen		Final accuracy
loss	acc 	loss	acc 	loss	acc 	loss	acc 	loss	acc 	loss	acc 	loss	acc 	
2.9809	0.3611	5.2144	0.1944	7.3784	0.1111	5.3685	0.1667	6.4345	0.0833	5.3185	0.1111	4.8470	0.0278		0.1508
3.4615	0.2222	4.0143	0.3333	4.6885	0.1667	3.8952	0.5000	6.9111	0.0556	3.8235	0.2778	3.6894	0.3056		0.2659
3.5324	0.1389	4.4781	0.1389	4.1923	0.3056	4.2557	0.3611	5.4463	0.2222	3.9599	0.3333	3.7518	0.3333		0.2619
3.2552	0.2222	3.9895	0.2500	3.9917	0.2222	3.2655	0.3333	5.2622	0.2500	3.6197	0.2778	4.8885	0.3611		0.2738
5.0221	0.0833	3.8502	0.2500	4.7542	0.1667	3.7809	0.3611	5.5037	0.1944	3.4941	0.3333	4.6439	0.3333		0.2460
2.9502	0.2500	3.8569	0.2500	3.9226	0.1667	3.5995	0.3611	5.5426	0.2500	3.4984	0.3333	4.5130	0.3333		0.2778
fc6_linear_accuracy:0.3492

fc6_rbf
Giang		Hai  		Long 		Minh 		Thuan		Thuy 		Tuyen		Final accuracy
loss	acc 	loss	acc 	loss	acc 	loss	acc 	loss	acc 	loss	acc 	loss	acc 	
2.7401	0.3056	4.4347	0.1389	4.9684	0.1667	2.7464	0.3333	3.9225	0.0833	3.4813	0.1667	3.5832	0.2500		0.2063
2.7719	0.1667	3.8031	0.1389	3.5682	0.1667	2.1213	0.4167	3.6890	0.1944	3.2273	0.2778	3.1996	0.2500		0.2302
3.1391	0.1667	2.7171	0.3333	3.1382	0.2778	2.3406	0.5000	3.9441	0.2500	2.6144	0.3611	2.9934	0.3333		0.3175
2.4778	0.2222	2.9869	0.2778	3.2051	0.2778	2.4077	0.4444	3.8106	0.2222	2.7641	0.2500	3.2263	0.3056		0.2857
3.6841	0.0833	3.2580	0.3056	3.2735	0.2222	2.7767	0.5000	4.1246	0.1667	2.4263	0.3333	3.4515	0.3333		0.2778
2.5522	0.2778	3.3361	0.2778	3.2837	0.3333	2.6983	0.4444	4.1591	0.2500	2.5961	0.3333	3.6823	0.3333		0.3214
fc6_rbf_accuracy:0.3452

fc7_linear
Giang		Hai  		Long 		Minh 		Thuan		Thuy 		Tuyen		Final accuracy
loss	acc 	loss	acc 	loss	acc 	loss	acc 	loss	acc 	loss	acc 	loss	acc 	
4.4995	0.2222	5.5652	0.1389	6.8560	0.1667	4.6931	0.0833	6.4062	0.2500	5.0532	0.1667	4.2928	0.1667		0.1706
2.7815	0.2778	3.6864	0.3333	4.6187	0.2500	4.0502	0.3333	5.3793	0.1111	3.6740	0.3333	3.4873	0.3056		0.2778
2.8265	0.2778	3.7534	0.2222	4.1927	0.2222	3.7947	0.3889	4.9285	0.1944	3.5376	0.4167	4.1193	0.3056		0.2897
2.8042	0.2222	4.1990	0.3333	3.8782	0.1944	3.3289	0.2500	5.3072	0.2500	3.2397	0.3611	4.7818	0.3056		0.2738
2.4981	0.2778	3.7821	0.2500	3.7896	0.1944	3.4686	0.2778	4.7262	0.2500	3.1453	0.3333	4.5802	0.3333		0.2738
2.6085	0.2500	4.2306	0.2500	3.8556	0.2222	3.3420	0.2778	4.6381	0.2222	3.0298	0.3333	4.3845	0.2500		0.2579
fc7_linear_accuracy:0.3214

fc7_rbf
Giang		Hai  		Long 		Minh 		Thuan		Thuy 		Tuyen		Final accuracy
loss	acc 	loss	acc 	loss	acc 	loss	acc 	loss	acc 	loss	acc 	loss	acc 	
3.4019	0.3611	4.3280	0.1111	4.5401	0.0833	2.5405	0.2778	5.8261	0.2222	3.3565	0.1944	3.0760	0.2778		0.2183
2.0472	0.3056	2.7242	0.3056	3.1762	0.2222	2.2859	0.4167	3.6275	0.2778	2.6491	0.3333	2.8971	0.2500		0.3016
1.9268	0.3333	2.8995	0.2778	3.2011	0.3333	2.1991	0.5000	3.7978	0.2500	2.5813	0.3333	2.9036	0.3333		0.3373
2.1811	0.3333	3.3892	0.3056	3.1383	0.1944	2.4865	0.3611	4.2886	0.2222	2.3224	0.3611	3.7013	0.3333		0.3016
2.5807	0.3333	3.4055	0.2500	3.2256	0.3333	2.5083	0.3611	4.3863	0.2222	2.5599	0.4167	3.4585	0.3333		0.3214
2.4805	0.2778	3.6532	0.2500	3.2161	0.2222	2.3899	0.3333	4.5589	0.2222	2.4782	0.3611	3.6318	0.3333		0.2857
fc7_rbf_accuracy:0.3611

prob
Giang		Hai  		Long 		Minh 		Thuan		Thuy 		Tuyen		Final accuracy
loss	acc 	loss	acc 	loss	acc 	loss	acc 	loss	acc 	loss	acc 	loss	acc 	
2.4071	0.1111	2.4439	0.0278	2.4554	0.0833	2.4102	0.1111	2.4462	0.1389	2.3493	0.1667	2.4038	0.1389		0.1111
1.7248	0.3889	2.3164	0.2222	2.0470	0.2500	1.5907	0.3889	2.4819	0.1111	1.7963	0.2500	2.0320	0.2500		0.2659
1.5545	0.3889	2.3420	0.2222	2.3824	0.2500	1.6602	0.3889	3.5335	0.1389	1.6775	0.4444	2.2681	0.2500		0.2976
1.7622	0.3333	2.6965	0.3056	2.8581	0.2778	2.1558	0.3333	4.8549	0.1389	1.9850	0.3333	2.6708	0.2500		0.2817
2.7746	0.2500	3.5424	0.2500	3.2102	0.2778	2.2071	0.3056	4.4350	0.1667	2.2578	0.3056	3.8673	0.2500		0.2579
2.4630	0.2778	3.5427	0.2778	3.0206	0.3056	2.4765	0.3611	4.8938	0.1944	2.2033	0.4167	4.1971	0.2500		0.2976
prob_accuracy:0.3254

