    17      0      0      0      1      0      0      0      0      0      0      0
     0      4      0      0      0      0      0      1      1     12      0      0
     0      0     17      0      0      0      0      0      1      0      0      0
     0      0      0     15      3      0      0      0      0      0      0      0
     0      0      0      0     18      0      0      0      0      0      0      0
     0      0      0      0      0     18      0      0      0      0      0      0
     0      0      0      0      0      9      9      0      0      0      0      0
     0      0      0      0      0      0      0     12      1      5      0      0
     0      0      0      0      0      0      0      0     18      0      0      0
     0      0      0      0      0      0      0      3      0     15      0      0
     0      0      0     13      5      0      0      0      0      0      0      0
     0      0      0      0     18      0      0      0      0      0      0      0
