    14      0      0      0      4     23      0      0      0      0      0      4
     0      0      0      0      0      1      0      0      0     44      0      0
     0      0     17      0      3     24      0      0      0      0      0      1
     0      0      0     27      4      4      0      0      0      0     10      0
     0      0      0      0     27      6      0      0      0      0      0     12
     0      0      0      0      1     44      0      0      0      0      0      0
     0      0      0      0      4     37      0      0      0      0      0      4
     0      0      0      0      0      0      0     41      0      4      0      0
     0      0      0      0      0      5      0      0     26     14      0      0
     0      0      0      0      0      0      0      0      0     45      0      0
     0      0      0      6      0      0      0      1      0      0     38      0
     0      0      0      0     14      1      0      0      0      0      0     30
