output/result/table_2019_02_16_12gestures_6_subjects/K1_K4_2019-02-17_00.24

fc6_linear
Giang		Hai  		Long 		Minh 		Thuy 		Tuyen		Final accuracy
loss	acc 	loss	acc 	loss	acc 	loss	acc 	loss	acc 	loss	acc 	
3.0654	0.3333	3.4024	0.3056	4.0816	0.1667	2.5818	0.4167	3.0659	0.3889	3.6288	0.3056		0.3194
2.8842	0.3611	2.7776	0.3333	3.1916	0.3056	2.6463	0.5278	2.6187	0.5278	3.2651	0.3056		0.3935
2.9148	0.3889	3.5161	0.3056	3.1267	0.2778	3.1313	0.5000	2.3333	0.4444	2.8751	0.3333		0.3750
2.5948	0.4167	3.3710	0.3056	3.2543	0.2500	2.7228	0.5833	2.1365	0.5556	3.6591	0.3889		0.4167
2.3321	0.3889	3.6168	0.2778	3.2610	0.3333	2.8864	0.5556	2.3743	0.4444	2.6638	0.3056		0.3843
2.4646	0.3611	3.3619	0.2778	3.1811	0.3333	2.8484	0.5556	2.2412	0.4722	2.6312	0.3056		0.3843
2.5773	0.3333	3.2399	0.2778	3.0523	0.3333	2.9940	0.5833	2.3052	0.4167	2.7185	0.3056		0.3750
fc6_linear_accuracy:0.4352

fc6_rbf
Giang		Hai  		Long 		Minh 		Thuy 		Tuyen		Final accuracy
loss	acc 	loss	acc 	loss	acc 	loss	acc 	loss	acc 	loss	acc 	
2.5157	0.3333	2.8180	0.2222	3.3028	0.1667	1.9605	0.3889	2.4336	0.3056	3.1828	0.2222		0.2731
1.9414	0.3333	2.8197	0.2500	2.8836	0.2500	1.8830	0.5278	2.1274	0.3611	2.8719	0.3611		0.3472
2.2159	0.4167	2.4846	0.3611	2.7399	0.2222	2.0992	0.4444	2.1299	0.5278	2.3749	0.3333		0.3843
2.0505	0.3333	2.4602	0.3333	2.7796	0.2500	1.8605	0.5556	2.0218	0.5278	2.7733	0.3889		0.3981
1.9563	0.3889	2.6765	0.3333	2.8218	0.2778	1.9641	0.5833	2.1250	0.5556	2.3007	0.3611		0.4167
1.9091	0.3611	2.4762	0.3333	2.7073	0.2500	2.0413	0.5556	2.0086	0.5556	2.4374	0.3889		0.4074
2.0823	0.3611	2.7381	0.3333	2.7857	0.2500	2.0634	0.5556	1.9236	0.5556	2.3553	0.3889		0.4074
fc6_rbf_accuracy:0.4306

fc7_linear
Giang		Hai  		Long 		Minh 		Thuy 		Tuyen		Final accuracy
loss	acc 	loss	acc 	loss	acc 	loss	acc 	loss	acc 	loss	acc 	
2.8643	0.4167	3.1541	0.3056	3.4386	0.2500	2.0669	0.4722	2.5768	0.3889	3.5176	0.3333		0.3611
3.0818	0.4722	3.0953	0.3333	3.0365	0.3056	2.5213	0.4722	2.1579	0.5000	3.0146	0.3611		0.4074
2.5243	0.5000	3.1112	0.3611	3.1017	0.2500	2.2909	0.5278	2.0109	0.4444	2.7477	0.3889		0.4120
2.3512	0.4444	2.9793	0.3889	2.9928	0.3056	2.4993	0.5556	1.9619	0.5556	3.2923	0.3889		0.4398
2.3681	0.3889	3.5101	0.3056	3.2595	0.3333	2.8050	0.4444	2.3066	0.4444	2.9072	0.3056		0.3704
2.4913	0.4167	3.1720	0.3056	3.2189	0.3333	2.7165	0.5000	2.1888	0.4444	2.7594	0.3056		0.3843
2.5858	0.3889	3.1551	0.3333	3.1688	0.3333	2.6586	0.5000	2.0304	0.3611	2.7755	0.3056		0.3704
fc7_linear_accuracy:0.4537

fc7_rbf
Giang		Hai  		Long 		Minh 		Thuy 		Tuyen		Final accuracy
loss	acc 	loss	acc 	loss	acc 	loss	acc 	loss	acc 	loss	acc 	
2.4465	0.3611	2.5222	0.2778	3.0959	0.1667	1.6133	0.3611	1.9215	0.4167	2.7982	0.3056		0.3148
2.1924	0.4167	2.4891	0.3611	2.4713	0.2500	1.8655	0.5278	1.7502	0.5000	2.4465	0.3056		0.3935
2.0440	0.3889	2.2873	0.3333	2.5578	0.1944	1.8133	0.5556	1.7499	0.5278	2.3560	0.3056		0.3843
1.9210	0.3611	2.1860	0.3333	2.7081	0.2500	1.8516	0.5556	1.7243	0.5556	2.5829	0.3889		0.4074
1.9692	0.3611	2.6156	0.3333	2.6963	0.2778	1.8577	0.5556	2.0192	0.5556	2.5164	0.3056		0.3981
2.0874	0.4722	2.3489	0.3333	2.6973	0.2778	2.0422	0.5556	1.7328	0.5556	2.4797	0.3056		0.4167
2.1027	0.4167	2.5332	0.3333	2.6538	0.2500	2.1341	0.5278	1.6957	0.5556	2.4779	0.3333		0.4028
fc7_rbf_accuracy:0.4352

prob
Giang		Hai  		Long 		Minh 		Thuy 		Tuyen		Final accuracy
loss	acc 	loss	acc 	loss	acc 	loss	acc 	loss	acc 	loss	acc 	
1.9432	0.3056	1.8415	0.3611	2.1903	0.1944	2.0046	0.2222	1.8930	0.3611	2.1805	0.3333		0.2963
1.7343	0.3889	1.9115	0.3333	2.5468	0.2778	1.7681	0.3333	1.7183	0.3611	2.6394	0.2778		0.3287
2.7364	0.2778	2.9317	0.3056	2.9472	0.2778	1.8882	0.5000	2.4779	0.5000	3.2107	0.2500		0.3519
2.1709	0.3333	2.8176	0.3611	2.8227	0.3056	2.2781	0.4444	2.1505	0.4722	2.8277	0.3889		0.3843
2.4994	0.4167	2.2540	0.3333	2.7114	0.3056	1.9517	0.3889	1.9629	0.6111	2.3754	0.3889		0.4074
2.1616	0.4167	2.5400	0.3611	3.0130	0.3333	2.1027	0.5278	1.8541	0.6111	2.7856	0.3889		0.4398
2.4172	0.3889	2.7315	0.3611	3.0820	0.2778	2.1286	0.5556	1.9455	0.6389	2.9109	0.3889		0.4352
prob_accuracy:0.4491

