output/result_backup/table_2019_02_27_original_pre_3_12gestures_6_subjects_fc6_1024_fc7_1024/K4_K1_2019-02-22_18.34

fc6_linear
Giang		Hai  		Long 		Minh 		Thuy 		Tuyen		Final accuracy
loss	acc 	loss	acc 	loss	acc 	loss	acc 	loss	acc 	loss	acc 	
3.9536	0.2778	4.3652	0.1389	3.6634	0.2222	5.1969	0.1389	5.1906	0.1667	5.6012	0.0833		0.1713
4.0510	0.1667	3.9431	0.0833	4.1369	0.2500	5.0385	0.1667	4.2963	0.2500	5.5498	0.0833		0.1667
4.7921	0.1111	3.5477	0.1389	2.7966	0.3056	4.2156	0.1389	3.2215	0.1944	4.3928	0.0833		0.1620
3.6320	0.1111	3.4711	0.1667	3.3144	0.1944	4.2740	0.1111	3.4391	0.1944	4.2516	0.0833		0.1435
4.0935	0.1111	3.5345	0.1111	3.1440	0.2222	3.9478	0.0833	3.4301	0.1667	4.5171	0.0556		0.1250
3.9891	0.0833	3.2885	0.1111	3.0816	0.1944	3.5886	0.1667	3.6029	0.1944	4.2056	0.0833		0.1389
3.9462	0.0833	3.3933	0.0556	3.0179	0.2222	3.6399	0.1389	3.5387	0.2778	4.3752	0.0833		0.1435
fc6_linear_accuracy:0.2130

fc6_rbf
Giang		Hai  		Long 		Minh 		Thuy 		Tuyen		Final accuracy
loss	acc 	loss	acc 	loss	acc 	loss	acc 	loss	acc 	loss	acc 	
3.1592	0.1944	3.2516	0.1389	2.4721	0.2500	2.8585	0.3611	2.7711	0.1111	3.8479	0.1389		0.1991
3.5555	0.2778	3.0618	0.2500	2.5461	0.2500	2.7348	0.2778	2.5589	0.3056	3.2046	0.0833		0.2407
3.1944	0.1389	3.1370	0.2222	2.9720	0.3056	3.0118	0.1389	2.5192	0.3333	3.3239	0.1944		0.2222
3.4518	0.1667	3.2469	0.1111	2.9825	0.2778	3.1371	0.0833	2.6814	0.3333	3.5591	0.1667		0.1898
3.5841	0.1111	3.1096	0.1389	3.0659	0.1944	2.6719	0.1389	2.5936	0.2778	3.4290	0.0833		0.1574
3.4508	0.1389	3.1758	0.1111	3.0949	0.1944	3.0953	0.0833	2.6306	0.3056	3.6401	0.0833		0.1528
3.6145	0.1389	3.1805	0.1111	3.1972	0.0833	2.9744	0.1667	2.6831	0.3611	3.5704	0.1111		0.1620
fc6_rbf_accuracy:0.2917

fc7_linear
Giang		Hai  		Long 		Minh 		Thuy 		Tuyen		Final accuracy
loss	acc 	loss	acc 	loss	acc 	loss	acc 	loss	acc 	loss	acc 	
4.7757	0.0833	3.7789	0.1944	3.7173	0.3333	4.6754	0.0833	3.4554	0.3056	4.5667	0.2222		0.2037
4.8969	0.1389	3.6901	0.1111	4.0767	0.0556	4.7197	0.0833	3.8319	0.2222	4.6061	0.0833		0.1157
4.8441	0.0833	3.6592	0.1111	4.4377	0.0278	4.3747	0.0833	3.4077	0.1944	3.9042	0.0833		0.0972
4.2255	0.1389	3.7222	0.1389	4.2594	0.0278	4.8409	0.1667	3.5027	0.1667	4.1694	0.0833		0.1204
4.4874	0.1389	3.5984	0.1667	3.8852	0.0556	4.1822	0.1389	3.6023	0.1389	3.8235	0.0833		0.1204
4.4148	0.1389	3.5339	0.1667	3.9290	0.0556	4.0717	0.1389	3.5261	0.1667	4.0034	0.0833		0.1250
4.3681	0.1667	3.6324	0.1667	4.0205	0.0278	4.0361	0.1667	3.4113	0.1667	4.0899	0.0833		0.1296
fc7_linear_accuracy:0.2315

fc7_rbf
Giang		Hai  		Long 		Minh 		Thuy 		Tuyen		Final accuracy
loss	acc 	loss	acc 	loss	acc 	loss	acc 	loss	acc 	loss	acc 	
3.7113	0.0833	2.8924	0.1944	2.5630	0.2500	2.8043	0.2500	2.4186	0.2778	3.1704	0.1389		0.1991
3.7227	0.1667	3.3535	0.1667	2.8367	0.3333	3.5007	0.1667	2.5944	0.3333	3.6394	0.1111		0.2130
3.6322	0.1389	3.3378	0.1667	3.1265	0.2222	3.6246	0.1389	2.6260	0.3056	3.6164	0.1944		0.1944
3.6476	0.1944	3.5824	0.1389	3.2799	0.2500	3.6320	0.0833	2.7649	0.2778	3.6973	0.1667		0.1852
3.7032	0.1389	3.5799	0.1389	2.9532	0.2222	3.7333	0.1944	2.7064	0.2500	3.5945	0.1944		0.1898
3.7618	0.1389	3.3627	0.1111	3.3229	0.1944	3.4842	0.2222	2.8845	0.3056	4.1431	0.0833		0.1759
3.7145	0.2222	3.3886	0.1389	3.2058	0.2222	3.6462	0.1944	2.7412	0.3056	3.8553	0.1667		0.2083
fc7_rbf_accuracy:0.2546

prob
Giang		Hai  		Long 		Minh 		Thuy 		Tuyen		Final accuracy
loss	acc 	loss	acc 	loss	acc 	loss	acc 	loss	acc 	loss	acc 	
2.6268	0.2222	2.4138	0.1944	2.2667	0.1389	2.4546	0.2500	2.0991	0.2778	2.5235	0.1944		0.2130
2.9867	0.2500	3.2681	0.1111	2.6596	0.2778	2.8749	0.1944	2.1507	0.2778	3.1924	0.2222		0.2222
3.4394	0.2778	4.0756	0.1111	2.9910	0.2778	3.0995	0.2500	2.7648	0.3056	3.8974	0.1667		0.2315
3.8912	0.1389	4.4605	0.1111	3.2868	0.2222	3.4979	0.3056	2.8121	0.2222	4.3482	0.1667		0.1944
4.4455	0.1111	4.3928	0.1111	3.2738	0.2778	3.6704	0.2500	3.1064	0.2222	4.7072	0.1111		0.1806
3.9801	0.1667	4.6799	0.1389	3.4109	0.2222	3.7659	0.3056	2.8221	0.2500	4.5725	0.1667		0.2083
4.1991	0.1667	4.6340	0.1111	3.3688	0.1944	3.9495	0.3056	2.9225	0.2500	4.6753	0.1667		0.1991
prob_accuracy:0.2639

