     0     15      0      0      1      0      0      0      2      0      0      0
     0     18      0      0      0      0      0      0      0      0      0      0
     0      0     18      0      0      0      0      0      0      0      0      0
     0      0      0     15      3      0      0      0      0      0      0      0
     0      0      3      3     10      0      0      0      0      0      0      2
     0      4      5      0      6      2      0      0      1      0      0      0
     0      1      7      0      4      3      0      0      3      0      0      0
     0     16      0      2      0      0      0      0      0      0      0      0
     0      8      0      0      0      0      0      0     10      0      0      0
     0     18      0      0      0      0      0      0      0      0      0      0
     0      0      0     15      3      0      0      0      0      0      0      0
     0      0      2      0     11      0      0      0      0      0      3      2
