    18      0      0      0      0      0      0      0      0      0      0      0
     0      2      0      0      0      0      0      2      0     14      0      0
     0      0     18      0      0      0      0      0      0      0      0      0
     0      0      0     17      0      0      0      0      0      0      1      0
     0      0      0      0     18      0      0      0      0      0      0      0
     0      0      0      0      0     16      2      0      0      0      0      0
     0      0      0      0      0      0     18      0      0      0      0      0
     0      0      0      0      0      0      0     12      1      5      0      0
     0      0      0      0      0      0      0      0     16      2      0      0
     0      0      0      0      0      0      0      0      0     18      0      0
     0      0      0      8      1      0      0      0      0      0      9      0
     0      0      0      0     16      0      0      0      0      0      0      2
