output/result/K3_K3_2019-05-17_21.43

fc6_linear
Giang		Hai  		Long 		Minh 		Thuy 		Tuyen		Final accuracy
loss	acc 	loss	acc 	loss	acc 	loss	acc 	loss	acc 	loss	acc 	
1.2176	0.6111	0.8703	0.7500	0.6156	0.8056	0.7183	0.7500	0.8743	0.6667	0.6273	0.8611		0.7407
1.0685	0.6111	0.7550	0.7500	0.5794	0.8056	0.6412	0.7778	0.7808	0.7222	0.6663	0.8889		0.7593
0.9596	0.6667	0.6429	0.8056	0.6078	0.8056	0.8128	0.7778	0.7317	0.7778	0.6157	0.8889		0.7870
0.9532	0.6389	0.5954	0.8056	0.5569	0.8333	0.8365	0.8056	0.6574	0.8056	0.6274	0.8611		0.7917
0.8296	0.6944	0.5432	0.8611	0.5690	0.8333	0.7788	0.8056	0.6891	0.8333	0.6092	0.8611		0.8148
0.8912	0.6389	0.5006	0.8333	0.5811	0.8333	0.7761	0.8333	0.6917	0.8333	0.6152	0.8333		0.8009
fc6_linear_accuracy:0.8241

fc6_rbf
Giang		Hai  		Long 		Minh 		Thuy 		Tuyen		Final accuracy
loss	acc 	loss	acc 	loss	acc 	loss	acc 	loss	acc 	loss	acc 	
1.1717	0.7222	1.0255	0.7222	0.7328	0.8333	0.7544	0.8056	0.9525	0.6944	0.7143	0.7778		0.7593
0.8658	0.7222	0.9251	0.6944	0.7431	0.7500	0.7656	0.8611	0.7514	0.8333	0.6740	0.7778		0.7731
0.8352	0.7500	0.7475	0.7778	0.6263	0.7778	0.6241	0.8333	0.6593	0.8333	0.5677	0.8056		0.7963
0.8091	0.7500	0.6798	0.7222	0.5966	0.7778	0.6117	0.8611	0.6270	0.8333	0.4917	0.8056		0.7917
0.7347	0.7222	0.5770	0.8056	0.6194	0.8056	0.5962	0.7778	0.6200	0.8611	0.4920	0.8056		0.7963
0.7348	0.6667	0.6212	0.7778	0.6390	0.8056	0.5752	0.7500	0.6614	0.8611	0.4777	0.8056		0.7778
fc6_rbf_accuracy:0.8194

fc7_linear
Giang		Hai  		Long 		Minh 		Thuy 		Tuyen		Final accuracy
loss	acc 	loss	acc 	loss	acc 	loss	acc 	loss	acc 	loss	acc 	
1.0644	0.5833	0.9395	0.7778	0.6832	0.7500	0.7634	0.7500	0.8868	0.6944	0.6320	0.8611		0.7361
1.0917	0.5556	0.7111	0.7778	0.5785	0.8056	0.6498	0.7500	0.8890	0.7222	0.5452	0.8611		0.7454
0.9451	0.6389	0.5912	0.7778	0.5679	0.7778	0.7762	0.7778	0.7219	0.8056	0.5629	0.8333		0.7685
0.9595	0.6389	0.5518	0.8611	0.5470	0.8333	0.7533	0.8333	0.6435	0.8056	0.6505	0.8611		0.8056
0.7964	0.6944	0.5113	0.8611	0.5641	0.7778	0.7949	0.7778	0.6737	0.8333	0.6272	0.8611		0.8009
0.9301	0.7222	0.5022	0.8611	0.5734	0.7778	0.7573	0.7778	0.6723	0.8333	0.6248	0.8611		0.8056
fc7_linear_accuracy:0.8241

fc7_rbf
Giang		Hai  		Long 		Minh 		Thuy 		Tuyen		Final accuracy
loss	acc 	loss	acc 	loss	acc 	loss	acc 	loss	acc 	loss	acc 	
1.0269	0.6944	0.9843	0.7500	0.8033	0.7500	0.8102	0.7500	1.0297	0.5833	0.8149	0.7500		0.7130
0.8124	0.7222	0.9321	0.6944	0.7492	0.7500	0.8087	0.8056	0.8474	0.6944	0.8306	0.7500		0.7361
0.7539	0.7500	0.9808	0.6389	0.6625	0.7500	0.5957	0.8333	0.6232	0.8611	0.5427	0.8333		0.7778
0.7411	0.6944	0.6719	0.7778	0.5757	0.7778	0.6475	0.7778	0.6268	0.8611	0.5080	0.8056		0.7824
0.6678	0.7500	0.5611	0.8333	0.6215	0.7778	0.5556	0.7778	0.5918	0.8889	0.5246	0.8056		0.8056
0.7435	0.6944	0.5264	0.8056	0.6538	0.7778	0.5243	0.7778	0.5960	0.8889	0.4675	0.8333		0.7963
fc7_rbf_accuracy:0.8194

prob
Giang		Hai  		Long 		Minh 		Thuy 		Tuyen		Final accuracy
loss	acc 	loss	acc 	loss	acc 	loss	acc 	loss	acc 	loss	acc 	
1.2374	0.5000	1.3088	0.4722	1.0916	0.6111	1.1552	0.5556	1.1668	0.4167	1.0735	0.6389		0.5324
0.8264	0.6389	0.7386	0.6944	0.5433	0.7500	0.5498	0.7778	0.6155	0.8056	0.4591	0.7778		0.7407
0.6668	0.6667	0.8106	0.6389	0.6507	0.7500	0.4117	0.8611	0.5446	0.8333	0.4180	0.8056		0.7593
1.0083	0.6944	0.5440	0.7778	0.6087	0.8333	0.5670	0.7500	0.7434	0.6944	0.4569	0.7222		0.7454
0.7477	0.6944	0.4859	0.8333	0.6708	0.7778	0.6197	0.7778	0.7807	0.8333	0.3463	0.8611		0.7963
0.9764	0.6389	0.4638	0.8056	0.7227	0.7500	0.6786	0.7778	0.5430	0.8611	0.4991	0.8056		0.7731
prob_accuracy:0.8241

