    40      0      0      0      5      0      0      0      0      0      0      0
     0      2      0      0      0      0      0      0     17     26      0      0
     0      0     43      0      0      0      2      0      0      0      0      0
     6      0      0     22      1      0     10      0      2      0      4      0
    19      0      0      3     15      0      6      0      2      0      0      0
     1      0      0      6      0     15     20      0      2      0      1      0
     0      0      0      0      0      2     33      0      4      0      6      0
     0      0      0      0      0      0      0      0     34     11      0      0
     0      1      0      0      0      0      0      0     36      8      0      0
     0      0      0      0      0      0      0      0     13     32      0      0
     2      0      0     15      4      0      6      0      5      0     13      0
    12      0      0      8     18      0      2      0      3      0      2      0
