     3      0      0      2      4      0      0      0      0      6      3      0
     0      1      0      0      1      0      0      0      0     16      0      0
     0      0     13      0      0      0      5      0      0      0      0      0
     0      0      0     10      4      0      0      0      0      0      3      1
     0      0      0      1     16      0      0      0      0      0      0      1
     0      0      0      0      0      0     18      0      0      0      0      0
     0      0      0      0      0      0     18      0      0      0      0      0
     0      0      0      0      0      0      0      4      0     14      0      0
     0      0      0      0      0      0      0      1      4     13      0      0
     0      0      0      0      0      0      0      0      0     18      0      0
     0      0      0      2      8      0      0      0      0      0      8      0
     0      0      0      0     12      0      0      0      0      0      0      6
