    18      0      0      0      0      0      0      0      0      0      0      0
     0     14      0      0      0      0      0      0      0      4      0      0
     0      0     18      0      0      0      0      0      0      0      0      0
     0      0      0      6      6      3      1      0      0      0      0      2
     0      0      0      0     17      0      0      0      0      0      0      1
     0      0      0      0      0     18      0      0      0      0      0      0
     0      0      0      0      0      5     13      0      0      0      0      0
     0     12      0      0      0      0      0      0      5      1      0      0
     0      6      0      0      0      0      0      0      7      5      0      0
     0      0      0      0      0      0      0      0      0     18      0      0
     0      0      0      1      3      1      0      0      0      0     11      2
     0      0      0      0     14      0      0      0      0      0      0      4
