    15      0      0      0      0      0      0      0      0      0      0      0
     0     13      0      0      0      0      0      0      0      2      0      0
     0      0     15      0      0      0      0      0      0      0      0      0
     0      0      0      9      6      0      0      0      0      0      0      0
     0      0      0      0     14      1      0      0      0      0      0      0
     0      0      0      0      0     12      3      0      0      0      0      0
     0      0      0      0      0      0     15      0      0      0      0      0
     0      6      0      0      0      0      0      0      1      8      0      0
     0     10      0      0      0      0      0      0      2      3      0      0
     0      6      0      0      0      0      0      0      0      9      0      0
     0      0      0     10      3      0      0      0      0      0      0      2
     0      0      0      1      5      2      0      0      0      0      0      7
