/home/dangmanhtruong95/Cuong/c3d_luanvan/output/result/K5_K2_2019-01-31_00.49

fc6_linear
Giang		Hai  		Long 		Minh 		Thuan		Thuy 		Tuyen		Final accuracy
loss	acc 	loss	acc 	loss	acc 	loss	acc 	loss	acc 	loss	acc 	loss	acc 	
6.0595	0.1667	6.3256	0.0833	7.2101	0.0833	5.0860	0.0833	5.1745	0.0833	3.5744	0.1667	7.5605	0.1667		0.1190
4.6322	0.0833	8.0048	0.0000	4.8654	0.0833	4.2470	0.1944	4.0654	0.1667	3.0937	0.3056	4.7224	0.1944		0.1468
3.9184	0.2222	5.3016	0.1944	4.4466	0.1667	4.0816	0.2222	3.1077	0.1944	3.6214	0.3056	4.2434	0.1667		0.2103
4.4405	0.2778	5.2261	0.1389	4.8912	0.1667	4.4474	0.0833	4.6850	0.0833	3.6203	0.2222	4.7400	0.1111		0.1548
3.3729	0.1667	4.8943	0.0833	4.2039	0.3056	4.5360	0.1111	3.3529	0.1389	3.1943	0.2778	4.7808	0.0833		0.1667
3.1890	0.1944	4.8528	0.0833	4.2682	0.1944	4.1413	0.1667	3.3930	0.1111	3.4569	0.3056	4.7559	0.0833		0.1627
fc6_linear_accuracy:0.2421

fc6_rbf
Giang		Hai  		Long 		Minh 		Thuan		Thuy 		Tuyen		Final accuracy
loss	acc 	loss	acc 	loss	acc 	loss	acc 	loss	acc 	loss	acc 	loss	acc 	
3.8581	0.0556	4.6430	0.0833	5.0107	0.0833	3.4138	0.2500	5.3423	0.0833	2.5693	0.2778	3.8642	0.2222		0.1508
2.8348	0.2778	5.0275	0.0833	4.2208	0.1389	3.2572	0.1667	3.2721	0.1667	2.5508	0.2778	3.0217	0.1667		0.1825
3.0652	0.1667	3.7854	0.1111	3.3990	0.2500	4.0178	0.0833	2.8343	0.0833	2.5474	0.3611	3.1874	0.3056		0.1944
4.1047	0.0833	4.4074	0.1111	3.6318	0.2500	3.5922	0.1667	3.5242	0.1667	3.8682	0.1667	3.3126	0.2500		0.1706
3.2542	0.1667	4.4552	0.1111	3.6824	0.0833	3.6588	0.1667	4.1287	0.1111	2.8761	0.3611	3.3288	0.1944		0.1706
3.1129	0.1111	4.4394	0.0833	3.7043	0.1111	3.7800	0.1667	3.3461	0.1667	3.5615	0.1944	3.4113	0.1944		0.1468
fc6_rbf_accuracy:0.2460

fc7_linear
Giang		Hai  		Long 		Minh 		Thuan		Thuy 		Tuyen		Final accuracy
loss	acc 	loss	acc 	loss	acc 	loss	acc 	loss	acc 	loss	acc 	loss	acc 	
3.7316	0.1667	3.7427	0.2778	4.2070	0.0833	4.9632	0.0000	4.0480	0.0556	4.4593	0.2222	5.7894	0.0833		0.1270
3.4699	0.1389	4.1580	0.1944	5.1986	0.1667	4.0570	0.1667	4.3685	0.1111	3.7565	0.2500	3.8039	0.1944		0.1746
3.0673	0.1389	4.9233	0.1389	3.7413	0.2500	3.6527	0.1944	3.2695	0.1944	3.6105	0.3056	3.8848	0.1667		0.1984
2.9590	0.1667	5.4493	0.0833	4.1839	0.1667	3.7973	0.1111	3.6074	0.2222	3.2185	0.3056	3.6302	0.1667		0.1746
3.6090	0.1111	5.4937	0.0833	3.7833	0.1111	4.1506	0.0833	3.4855	0.1667	3.1466	0.3333	4.1855	0.0833		0.1389
3.1908	0.1667	5.3058	0.0833	3.8430	0.1667	4.0095	0.1667	3.4425	0.1389	3.1356	0.3611	3.7850	0.1111		0.1706
fc7_linear_accuracy:0.2381

fc7_rbf
Giang		Hai  		Long 		Minh 		Thuan		Thuy 		Tuyen		Final accuracy
loss	acc 	loss	acc 	loss	acc 	loss	acc 	loss	acc 	loss	acc 	loss	acc 	
3.0303	0.1667	2.8896	0.2222	3.8912	0.1111	4.0112	0.0833	3.2398	0.1667	2.7396	0.2778	3.2941	0.1667		0.1706
2.7239	0.2222	3.1900	0.1944	2.9723	0.1667	3.1796	0.1111	2.9756	0.1111	2.8469	0.3056	3.0388	0.2778		0.1984
3.1025	0.1667	4.1606	0.0833	3.4125	0.1944	3.5429	0.1667	2.7956	0.1111	3.1489	0.2500	3.0771	0.2222		0.1706
2.9884	0.1389	4.3362	0.1111	3.7500	0.1944	4.0802	0.1667	3.0134	0.1944	2.9014	0.3333	3.5317	0.1389		0.1825
3.1757	0.1111	4.7470	0.0833	3.6345	0.1667	4.0969	0.1667	3.1420	0.2222	2.9866	0.3333	3.7297	0.0833		0.1667
3.1322	0.1944	4.6970	0.1111	3.6884	0.1667	4.3022	0.1667	3.1000	0.1389	3.0204	0.3333	3.7547	0.1111		0.1746
fc7_rbf_accuracy:0.2341

prob
Giang		Hai  		Long 		Minh 		Thuan		Thuy 		Tuyen		Final accuracy
loss	acc 	loss	acc 	loss	acc 	loss	acc 	loss	acc 	loss	acc 	loss	acc 	
2.4184	0.1111	2.3588	0.1389	2.4240	0.2500	2.4714	0.0833	2.4814	0.1667	2.3661	0.0833	2.4557	0.0833		0.1310
2.9906	0.1389	3.3431	0.1667	3.1126	0.1667	3.1780	0.1944	3.5467	0.1944	3.1497	0.2500	3.6456	0.1389		0.1786
3.3747	0.1111	4.4210	0.0833	3.6063	0.1389	3.7999	0.1667	3.4380	0.1944	3.8429	0.3333	3.8539	0.2500		0.1825
3.4343	0.1667	4.9359	0.1389	4.6333	0.1667	4.2582	0.1667	4.4325	0.1667	3.9054	0.3333	4.7669	0.1111		0.1786
3.2798	0.1389	5.8320	0.1111	5.0735	0.1111	4.4654	0.1667	4.1864	0.0833	4.1694	0.3333	4.9146	0.1389		0.1548
3.5660	0.1389	6.4673	0.0833	5.3773	0.0833	4.9567	0.1667	4.5997	0.0833	4.5037	0.3333	5.3756	0.1111		0.1429
prob_accuracy:0.2222

