    15      0      0      0      0      0      0      0      0      0      0      0
     0      5      0      0      0      0      0      0      0     10      0      0
     0      0     15      0      0      0      0      0      0      0      0      0
     0      0      0     15      0      0      0      0      0      0      0      0
     0      0      0      0      0      0      0      0      0      0      0     15
     0      0      0      0      0     15      0      0      0      0      0      0
     0      0      0      0      0      0     15      0      0      0      0      0
     0      4      0      0      0      0      0      4      1      6      0      0
     0      0      0      0      0      0      0      0     15      0      0      0
     0      0      0      0      0      0      0      0      0     15      0      0
     0      0      0     10      0      0      0      0      0      0      5      0
     0      0      0      0      0      0      0      0      0      0      0     15
