    15      0      0      0      0      0      0      0      0      0      0      0
     0      7      0      0      0      0      0      0      1      7      0      0
     0      0     15      0      0      0      0      0      0      0      0      0
     0      0      0     15      0      0      0      0      0      0      0      0
     0      0      0      0     15      0      0      0      0      0      0      0
     0      0      0      0      0     15      0      0      0      0      0      0
     0      0      0      0      0      0     15      0      0      0      0      0
     0      2      0      0      0      0      0      8      3      2      0      0
     0      0      0      0      0      0      0      0     13      2      0      0
     0      0      0      0      0      0      0      0      2     13      0      0
     0      0      0      2      0      0      0      0      0      0     12      1
     0      0      0      0      7      0      0      0      0      0      0      8
