    18      0      0      0      0      0      0      0      0      0      0      0
     0      3      0      0      0      0      0      0      0     15      0      0
     0      0     18      0      0      0      0      0      0      0      0      0
     0      0      0     17      0      0      1      0      0      0      0      0
     0      0      0      0     15      0      0      0      0      0      0      3
     0      0      0      0      0      6     12      0      0      0      0      0
     0      0      0      0      0      0     18      0      0      0      0      0
     0      0      0      0      0      0      0     13      0      5      0      0
     0      1      0      0      0      0      0      0      7     10      0      0
     0      0      0      0      0      0      0      0      0     18      0      0
     0      0      0     13      1      0      0      0      0      0      3      1
     0      0      0      0     15      0      0      0      0      0      0      3
