    18      0      0      0      0      0      0      0      0      0      0      0
     0      4      0      0      0      0      0      0      3     11      0      0
     0      0     17      0      0      0      0      0      1      0      0      0
     0      0      0      8     10      0      0      0      0      0      0      0
     0      0      0      0     18      0      0      0      0      0      0      0
     0      0      0      0      0     18      0      0      0      0      0      0
     0      0      0      0      0      2     16      0      0      0      0      0
     0      0      0      0      0      0      0      4      8      6      0      0
     0      0      0      0      0      0      0      0     16      2      0      0
     0      0      0      0      0      0      0      0      1     17      0      0
     0      0      0      5      8      0      0      0      0      0      5      0
     0      0      0      0     18      0      0      0      0      0      0      0
