    45      0      0      0      0      0      0      0      0      0      0      0
     0     39      2      0      0      0      0      1      0      3      0      0
     0      3     42      0      0      0      0      0      0      0      0      0
     1      2      0     39      0      0      0      0      0      0      3      0
     0      0      0      0     39      0      0      0      0      0      0      6
     0      1      0      0      0     43      1      0      0      0      0      0
     0      0      0      0      0      0     45      0      0      0      0      0
     0      1      0      0      0      0      0     41      2      1      0      0
     0      0      0      0      0      0      0      0     45      0      0      0
     0      1      0      0      0      0      0      0      0     44      0      0
     0      0      0      1      0      0      0      0      0      0     44      0
     0      0      0      0      2      0      0      0      0      0      0     43
