    18      0      0      0      0      0      0      0      0      0      0      0
     0     11      0      0      0      0      0      0      1      6      0      0
     0      0     18      0      0      0      0      0      0      0      0      0
     0      0      0     18      0      0      0      0      0      0      0      0
     0      0      0      0     18      0      0      0      0      0      0      0
     0      0      0      0      0     17      1      0      0      0      0      0
     0      0      0      0      0      0     18      0      0      0      0      0
     0      0      0      0      0      0      0     18      0      0      0      0
     0      0      0      0      0      0      0      0     18      0      0      0
     0      0      0      0      0      0      0      1      1     16      0      0
     0      0      0      4      0      0      0      0      0      0     14      0
     0      0      0      0      2      0      0      0      0      0      0     16
