     0     16      0      2      0      0      0      0      0      0      0      0
     0     18      0      0      0      0      0      0      0      0      0      0
     0      0     17      1      0      0      0      0      0      0      0      0
     0      3      3     11      1      0      0      0      0      0      0      0
     0      0      0      0     12      0      0      0      0      0      0      6
     0      3      7      5      3      0      0      0      0      0      0      0
     0      1      6      7      2      0      1      0      1      0      0      0
     0     18      0      0      0      0      0      0      0      0      0      0
     0     11      0      0      0      0      0      0      7      0      0      0
     0     17      0      0      0      0      0      0      1      0      0      0
     0      5      3      8      2      0      0      0      0      0      0      0
     0      3      0      0      9      0      0      0      0      0      0      6
