    15      0      0      0      0      0      0      0      0      0      0      0
     0     15      0      0      0      0      0      0      0      0      0      0
     0      0     15      0      0      0      0      0      0      0      0      0
     0      0      0     15      0      0      0      0      0      0      0      0
     0      0      0      0     11      0      0      0      0      0      0      4
     0      0      0      0      0     13      2      0      0      0      0      0
     0      0      0      0      0      1     14      0      0      0      0      0
     0      1      0      0      0      0      0     12      1      1      0      0
     0      0      0      0      0      0      0      0     15      0      0      0
     0      0      0      0      0      0      0      1      0     14      0      0
     0      0      0      3      0      0      0      0      0      0     12      0
     0      0      0      0      3      0      0      0      0      0      0     12
