    11      4      0      3      0      0      0      0      0      0      0      0
     0     15      0      0      0      0      0      0      0      3      0      0
     0      0     18      0      0      0      0      0      0      0      0      0
     0      0      0     14      3      0      0      0      0      0      1      0
     0      0      0      0     12      0      0      0      0      0      3      3
     0      0      0      0      0      1     17      0      0      0      0      0
     0      0      0      0      0      0     18      0      0      0      0      0
     0     15      0      0      0      0      0      0      0      3      0      0
     0      6      0      0      0      0      0      0      9      3      0      0
     0     11      0      0      0      0      0      0      0      7      0      0
     0      0      0      5      3      0      0      0      0      0      9      1
     0      0      0      0     10      0      0      0      0      0      3      5
