    18      0      0      0      0      0      0      0      0      0      0      0
     0     18      0      0      0      0      0      0      0      0      0      0
     0      0     18      0      0      0      0      0      0      0      0      0
     0      0      0     18      0      0      0      0      0      0      0      0
     0      0      0      0     17      0      1      0      0      0      0      0
     0      0      0      0      0      7     11      0      0      0      0      0
     0      0      0      0      0      0     18      0      0      0      0      0
     0      5      0      0      0      0      0     12      0      1      0      0
     0      4      0      0      0      0      0      1     12      1      0      0
     0      6      0      0      0      0      0      0      0     12      0      0
     0      0      0     13      1      0      0      0      0      0      3      1
     0      0      0      0     14      0      0      0      0      0      0      4
