    18      0      0      0      0      0      0      0      0      0      0      0
     0      2      0      0      0      0      0      0      0     16      0      0
     0      0     18      0      0      0      0      0      0      0      0      0
     0      0      0     16      0      0      0      0      0      0      1      1
     0      0      0      1     13      0      0      0      0      0      0      4
     0      0      0      0      0     13      5      0      0      0      0      0
     0      0      0      0      0      0     18      0      0      0      0      0
     0      0      0      0      0      0      0     11      2      5      0      0
     0      0      0      0      0      0      0      0     17      1      0      0
     0      0      0      0      0      0      0      0      0     18      0      0
     0      0      0      0      0      0      0      0      0      0     15      3
     0      0      0      0      4      0      0      0      0      0      0     14
