    18      0      0      0      0      0      0      0      0      0      0      0
     0     15      0      0      0      0      0      0      3      0      0      0
     0      0     18      0      0      0      0      0      0      0      0      0
     0      0      0     14      4      0      0      0      0      0      0      0
     0      0      0      0     18      0      0      0      0      0      0      0
     0      0      0      0      0     13      5      0      0      0      0      0
     0      0      0      0      0      0     18      0      0      0      0      0
     0      6      0      0      0      0      0      3      9      0      0      0
     0      1      0      0      0      0      0      0     17      0      0      0
     0     10      0      0      0      0      0      0      6      2      0      0
     0      0      0     15      3      0      0      0      0      0      0      0
     0      0      0      0     17      0      0      0      0      0      0      1
