output/result_backup/table_2019_05_17_original_12gestures_6_subjects/K1_K5_2019-05-18_12.31

fc6_linear
Giang		Hai  		Long 		Minh 		Thuy 		Tuyen		Final accuracy
loss	acc 	loss	acc 	loss	acc 	loss	acc 	loss	acc 	loss	acc 	
7.0089	0.0833	4.2267	0.0833	5.2847	0.0833	4.5534	0.2500	4.5254	0.1667	4.7054	0.1389		0.1343
5.4271	0.0833	3.5229	0.0833	3.5809	0.3056	4.3783	0.1667	4.0176	0.0278	3.6660	0.2500		0.1528
6.2261	0.1111	3.7098	0.1667	3.4936	0.1111	3.9603	0.1667	3.9462	0.0556	4.0696	0.2222		0.1389
4.7529	0.1111	3.4938	0.2222	4.3158	0.1389	5.0575	0.1944	3.6943	0.1389	3.8453	0.2222		0.1713
4.9313	0.1111	4.1043	0.1667	3.3269	0.3333	3.5822	0.2778	3.8115	0.1111	3.6625	0.2778		0.2130
4.4413	0.0000	3.9509	0.1667	3.2457	0.2500	3.7935	0.2778	3.7534	0.1111	3.5702	0.1667		0.1620
fc6_linear_accuracy:0.2315

fc6_rbf
Giang		Hai  		Long 		Minh 		Thuy 		Tuyen		Final accuracy
loss	acc 	loss	acc 	loss	acc 	loss	acc 	loss	acc 	loss	acc 	
4.4259	0.0833	4.3922	0.0833	4.3559	0.0833	3.4784	0.1667	4.5127	0.0833	4.1839	0.0833		0.0972
4.1088	0.0556	3.3900	0.1389	3.3544	0.1667	3.3737	0.1667	3.6529	0.1944	3.3159	0.1389		0.1435
4.6148	0.0278	3.2665	0.1944	3.0442	0.1111	3.6417	0.1667	3.3307	0.1667	3.3313	0.1667		0.1389
4.0764	0.0278	3.3360	0.1944	3.2544	0.1389	3.6805	0.1111	3.2795	0.1944	3.2005	0.1667		0.1389
4.3902	0.0833	3.7649	0.1944	3.2272	0.1667	3.1939	0.1667	3.4989	0.2222	3.2052	0.1944		0.1713
4.0805	0.0000	3.7837	0.1944	3.5551	0.1667	3.6698	0.2222	3.7179	0.2222	3.3608	0.1667		0.1620
fc6_rbf_accuracy:0.1806

fc7_linear
Giang		Hai  		Long 		Minh 		Thuy 		Tuyen		Final accuracy
loss	acc 	loss	acc 	loss	acc 	loss	acc 	loss	acc 	loss	acc 	
5.9338	0.0278	4.3457	0.0833	4.8293	0.0833	4.2563	0.1944	3.9570	0.1667	4.0533	0.1667		0.1204
4.2165	0.0833	3.9585	0.1111	3.2458	0.2778	3.7789	0.1667	4.0636	0.1667	3.5313	0.0833		0.1481
3.9632	0.0556	3.4441	0.1667	3.4156	0.1944	3.8773	0.1667	3.9283	0.1389	3.3518	0.1944		0.1528
4.0190	0.0278	3.4389	0.1667	3.7197	0.2222	3.8400	0.2222	3.6267	0.1667	3.2122	0.2222		0.1713
3.8402	0.0833	3.5399	0.1389	3.4555	0.2778	3.4686	0.2222	3.5565	0.1667	3.3124	0.2222		0.1852
4.0853	0.0278	3.4217	0.1667	3.3517	0.1944	3.5051	0.2500	3.7858	0.1667	3.3856	0.2500		0.1759
fc7_linear_accuracy:0.1991

fc7_rbf
Giang		Hai  		Long 		Minh 		Thuy 		Tuyen		Final accuracy
loss	acc 	loss	acc 	loss	acc 	loss	acc 	loss	acc 	loss	acc 	
4.3395	0.0833	4.2218	0.0833	3.9488	0.1667	3.6882	0.1667	3.8164	0.1389	3.4813	0.0833		0.1204
3.7907	0.1111	3.7952	0.1111	2.8891	0.1667	3.4780	0.1667	3.3930	0.1667	2.9893	0.1389		0.1435
3.7569	0.0278	3.6806	0.1111	2.6799	0.1389	3.3801	0.1667	3.4965	0.1944	3.0721	0.1944		0.1389
3.7613	0.0278	3.5037	0.1667	3.3743	0.1667	3.4321	0.2222	3.4939	0.1944	2.9067	0.1667		0.1574
3.6880	0.1111	3.7196	0.1667	3.3281	0.1944	3.2966	0.2500	3.1414	0.1944	3.3964	0.2222		0.1898
3.7064	0.0833	3.5931	0.1667	3.3912	0.1667	3.5402	0.2222	3.5733	0.1944	3.1863	0.2500		0.1806
fc7_rbf_accuracy:0.1944

prob
Giang		Hai  		Long 		Minh 		Thuy 		Tuyen		Final accuracy
loss	acc 	loss	acc 	loss	acc 	loss	acc 	loss	acc 	loss	acc 	
2.7452	0.1111	2.7267	0.0833	2.8225	0.1111	2.2273	0.1944	2.3364	0.1667	2.3992	0.0833		0.1250
3.3154	0.0278	2.8156	0.1111	3.6321	0.1389	2.3889	0.1111	2.7441	0.0000	3.1519	0.0556		0.0741
4.0537	0.0833	3.0278	0.1111	3.7937	0.1944	2.7959	0.2500	3.0617	0.1944	3.3255	0.0833		0.1528
4.1540	0.1389	3.1843	0.1389	3.6614	0.0556	3.2170	0.1111	3.6025	0.1667	3.4812	0.1389		0.1250
5.4656	0.0000	3.5088	0.1944	4.7603	0.0833	3.5063	0.1111	4.7293	0.0278	4.3867	0.1389		0.0926
4.8978	0.0278	3.6266	0.1944	4.6720	0.0833	3.8567	0.2500	4.6930	0.0278	3.9029	0.1389		0.1204
prob_accuracy:0.1852

