     0      0      0      0     13      0      0      0      4      0      0      1
     0     18      0      0      0      0      0      0      0      0      0      0
     0      0     18      0      0      0      0      0      0      0      0      0
     0      0      0     18      0      0      0      0      0      0      0      0
     0      0      0      0     18      0      0      0      0      0      0      0
     0      0      0      0     15      0      1      0      1      0      0      1
     0      0      4      7      0      0      7      0      0      0      0      0
     0     16      0      0      0      0      0      2      0      0      0      0
     0      4      0      0      0      0      0      0     13      1      0      0
     0     18      0      0      0      0      0      0      0      0      0      0
     0      0      0     18      0      0      0      0      0      0      0      0
     0      0      0      0     18      0      0      0      0      0      0      0
