/home/dangmanhtruong95/Cuong/c3d_luanvan/output/result/K5_K5_2019-01-31_02.29

fc6_linear
Giang		Hai  		Long 		Minh 		Thuan		Thuy 		Tuyen		Final accuracy
loss	acc 	loss	acc 	loss	acc 	loss	acc 	loss	acc 	loss	acc 	loss	acc 	
0.9170	0.8333	0.8627	0.7222	0.8000	0.6667	0.8122	0.7500	2.9075	0.3889	0.5372	0.8333	1.0655	0.7222		0.7024
0.7620	0.8611	0.8755	0.7222	0.7355	0.7778	1.4971	0.8056	2.6594	0.3611	0.7331	0.8611	0.3437	0.8889		0.7540
0.5447	0.8889	0.7323	0.7778	0.6484	0.7778	1.2464	0.7500	2.6019	0.4167	0.5405	0.8333	0.2616	0.8889		0.7619
0.4611	0.8611	0.6600	0.8889	0.6674	0.8056	1.0660	0.7778	2.5227	0.4722	0.7100	0.8056	0.2722	0.8889		0.7857
0.4472	0.8333	0.7160	0.8611	0.6251	0.8056	1.1314	0.7500	2.3383	0.4722	0.6637	0.8333	0.2580	0.8889		0.7778
0.4161	0.8611	0.7638	0.8056	0.6107	0.8056	1.1065	0.7500	2.3518	0.5000	0.6086	0.8333	0.2908	0.8611		0.7738
fc6_linear_accuracy:0.8056

fc6_rbf
Giang		Hai  		Long 		Minh 		Thuan		Thuy 		Tuyen		Final accuracy
loss	acc 	loss	acc 	loss	acc 	loss	acc 	loss	acc 	loss	acc 	loss	acc 	
0.7985	0.6667	1.0182	0.7222	0.7225	0.8333	1.0870	0.6111	2.1997	0.3611	0.7296	0.8056	0.7495	0.6944		0.6706
0.5713	0.8333	0.6725	0.8056	0.7015	0.7778	0.8043	0.8056	2.0257	0.4722	0.6410	0.8333	0.5218	0.8333		0.7659
0.4963	0.8333	0.4950	0.8611	0.6500	0.7500	0.8817	0.7778	1.8760	0.5278	0.5844	0.7778	0.4255	0.7778		0.7579
0.4978	0.7778	0.4298	0.8889	0.6697	0.8056	0.7812	0.7778	1.9021	0.5278	0.6149	0.8056	0.3410	0.8333		0.7738
0.5088	0.7778	0.4742	0.8611	0.6606	0.8056	0.8775	0.7500	2.1960	0.5278	0.7295	0.8056	0.3532	0.8611		0.7698
0.4895	0.8333	0.4939	0.8889	0.6581	0.8056	0.8704	0.7500	2.1495	0.5000	0.5435	0.8056	0.3372	0.8611		0.7778
fc6_rbf_accuracy:0.7976

fc7_linear
Giang		Hai  		Long 		Minh 		Thuan		Thuy 		Tuyen		Final accuracy
loss	acc 	loss	acc 	loss	acc 	loss	acc 	loss	acc 	loss	acc 	loss	acc 	
1.0530	0.7222	0.8674	0.7778	0.6287	0.8056	1.4524	0.7500	2.9130	0.4167	0.3767	0.8889	0.7190	0.6944		0.7222
0.6213	0.8333	0.9731	0.6667	0.6421	0.7500	1.3370	0.7500	3.0626	0.4444	0.4711	0.8056	0.3470	0.9167		0.7381
0.6290	0.8611	0.7565	0.7778	0.5448	0.8333	1.2777	0.7500	2.7206	0.4444	0.6012	0.8611	0.3011	0.9444		0.7817
0.4513	0.8611	0.8209	0.7778	0.6142	0.7778	0.9510	0.7500	2.3795	0.4722	0.6737	0.8333	0.3971	0.8889		0.7659
0.3827	0.8611	0.8122	0.7778	0.6262	0.8333	1.0109	0.7500	2.2522	0.4722	0.6761	0.8056	0.3728	0.8889		0.7698
0.3685	0.9167	0.8417	0.7778	0.6593	0.8333	1.0216	0.7500	2.2424	0.5000	0.6317	0.8056	0.3439	0.8889		0.7817
fc7_linear_accuracy:0.8016

fc7_rbf
Giang		Hai  		Long 		Minh 		Thuan		Thuy 		Tuyen		Final accuracy
loss	acc 	loss	acc 	loss	acc 	loss	acc 	loss	acc 	loss	acc 	loss	acc 	
0.9318	0.6389	0.9397	0.7222	0.7176	0.8889	1.1617	0.6944	1.9429	0.4167	0.6844	0.8333	0.7419	0.8611		0.7222
0.6214	0.8056	0.6550	0.8056	0.9353	0.7222	0.8561	0.7500	2.3461	0.4722	0.6042	0.8056	0.5835	0.8056		0.7381
0.5092	0.7500	0.5499	0.8611	0.6329	0.7778	0.9620	0.7500	2.1741	0.4722	0.6014	0.8056	0.4090	0.7778		0.7421
0.4762	0.8056	0.5462	0.8611	0.6492	0.7222	0.8804	0.7500	2.2977	0.5000	0.6268	0.8333	0.3204	0.8611		0.7619
0.4830	0.8056	0.4900	0.8889	0.6163	0.8056	0.9441	0.7500	2.3074	0.5000	0.5953	0.8333	0.3175	0.8333		0.7738
0.4235	0.8333	0.5051	0.8889	0.6409	0.8056	0.9838	0.7500	2.3774	0.5000	0.5661	0.8333	0.3204	0.8333		0.7778
fc7_rbf_accuracy:0.7937

prob
Giang		Hai  		Long 		Minh 		Thuan		Thuy 		Tuyen		Final accuracy
loss	acc 	loss	acc 	loss	acc 	loss	acc 	loss	acc 	loss	acc 	loss	acc 	
1.7700	0.5000	1.6436	0.5833	1.7913	0.4722	1.6896	0.4167	2.3007	0.2222	1.6666	0.4167	1.9328	0.3889		0.4286
0.5663	0.8056	0.7082	0.6111	0.6520	0.6667	0.5801	0.7500	2.8587	0.4722	0.6080	0.6667	0.6381	0.6667		0.6627
0.7341	0.7500	0.4984	0.8056	0.5724	0.7222	0.7486	0.7500	2.7244	0.4722	0.4440	0.8056	0.3840	0.8333		0.7341
0.4858	0.7778	0.4215	0.8333	0.8677	0.6667	0.6643	0.7778	2.8751	0.5000	0.5463	0.8056	0.3074	0.8056		0.7381
0.3984	0.7778	0.3641	0.8611	0.6299	0.6667	0.9879	0.7500	2.7472	0.5000	0.7648	0.7778	0.3204	0.8333		0.7381
0.3135	0.8333	0.4408	0.8611	0.6959	0.7500	0.9767	0.7500	2.8047	0.5556	0.5626	0.7778	0.2975	0.8333		0.7659
prob_accuracy:0.7738

