    11      0      0      0      1      2      1      0      0      0      0      0
     0     10      0      0      0      0      0      0      0      5      0      0
     0      0     15      0      0      0      0      0      0      0      0      0
     0      0      0     15      0      0      0      0      0      0      0      0
     0      0      0      0     15      0      0      0      0      0      0      0
     0      0      0      0      0     13      2      0      0      0      0      0
     0      0      0      0      0      8      7      0      0      0      0      0
     0      0      0      0      0      0      0     13      0      2      0      0
     0      0      0      0      0      0      0      0     15      0      0      0
     0      0      0      0      0      0      0      0      0     15      0      0
     0      0      0      5      0      0      0      0      0      0     10      0
     0      0      0      0     15      0      0      0      0      0      0      0
