    15      0      0      0      0      0      0      0      0      0      0      0
     0      9      0      0      0      0      0      1      0      5      0      0
     0      0     15      0      0      0      0      0      0      0      0      0
     0      0      0     13      1      0      1      0      0      0      0      0
     1      0      0      0     12      0      0      0      0      0      0      2
     0      0      0      0      0     14      1      0      0      0      0      0
     0      0      0      0      0      0     15      0      0      0      0      0
     0      0      0      0      0      0      0     14      1      0      0      0
     0      0      0      0      0      0      0      0     15      0      0      0
     0      0      0      0      0      0      0      1      0     14      0      0
     0      0      0      8      3      0      0      0      1      0      3      0
     3      0      0      0      1      0      0      0      0      0      0     11
