output/result/K4_K3_2019-01-31_22.34

fc6_linear
Giang		Hai  		Long 		Minh 		Thuan		Thuy 		Tuyen		Final accuracy
loss	acc 	loss	acc 	loss	acc 	loss	acc 	loss	acc 	loss	acc 	loss	acc 	
7.1118	0.1944	6.9699	0.0833	6.7651	0.1389	6.1513	0.0278	6.8097	0.0833	6.3638	0.0833	6.5590	0.0278		0.0913
6.2185	0.0833	7.4724	0.1667	5.2691	0.1111	4.4315	0.2500	3.7741	0.2222	4.5839	0.1944	5.9633	0.0833		0.1587
3.1653	0.2500	4.2677	0.1389	5.3934	0.2500	5.6196	0.0278	4.5378	0.1389	3.6251	0.2222	3.7400	0.2778		0.1865
2.6819	0.2222	4.9147	0.1389	4.2147	0.2500	5.1352	0.0833	3.5741	0.1389	3.5647	0.3056	4.0758	0.1667		0.1865
3.0186	0.3056	3.8376	0.1389	3.5688	0.2222	3.7828	0.1667	4.4699	0.1667	3.0844	0.3333	3.2533	0.2222		0.2222
3.0792	0.1111	4.1693	0.1667	4.0490	0.1389	3.1821	0.2500	2.4648	0.2222	3.3700	0.2500	2.2288	0.3056		0.2063
fc6_linear_accuracy:0.2619

fc6_rbf
Giang		Hai  		Long 		Minh 		Thuan		Thuy 		Tuyen		Final accuracy
loss	acc 	loss	acc 	loss	acc 	loss	acc 	loss	acc 	loss	acc 	loss	acc 	
3.5689	0.0833	3.7230	0.0556	3.9811	0.0833	4.2238	0.0833	3.2831	0.2222	3.7236	0.2500	3.6900	0.1667		0.1349
3.2856	0.3333	4.6429	0.0833	3.1933	0.2222	3.0083	0.3611	3.2040	0.1944	2.2026	0.3056	4.6128	0.0833		0.2262
3.2498	0.1389	3.8729	0.0833	2.8343	0.1667	3.0639	0.1944	3.6633	0.0556	2.5434	0.2778	2.6577	0.2778		0.1706
2.6797	0.1667	3.0057	0.1667	2.7331	0.2222	3.1697	0.1667	2.4908	0.1944	2.7543	0.2500	2.6825	0.1944		0.1944
2.7606	0.2500	2.7165	0.0833	2.7527	0.2500	2.5506	0.3333	2.3598	0.1944	2.0733	0.3333	2.2278	0.1944		0.2341
2.9112	0.0833	2.6484	0.1111	2.9560	0.2500	2.6516	0.2778	2.2429	0.1944	2.1914	0.3889	2.5024	0.2500		0.2222
fc6_rbf_accuracy:0.2857

fc7_linear
Giang		Hai  		Long 		Minh 		Thuan		Thuy 		Tuyen		Final accuracy
loss	acc 	loss	acc 	loss	acc 	loss	acc 	loss	acc 	loss	acc 	loss	acc 	
5.0589	0.0833	6.1120	0.0833	5.0679	0.0833	5.6405	0.1111	5.8211	0.1389	5.1337	0.1667	7.6683	0.1389		0.1151
4.6694	0.2222	4.4025	0.2500	5.5236	0.1667	3.9648	0.1944	3.3488	0.2500	3.6743	0.2222	5.3647	0.1944		0.2143
3.3867	0.1667	3.1152	0.2778	4.7738	0.1667	3.3541	0.3333	4.3345	0.1111	2.8703	0.2222	3.5699	0.2500		0.2183
3.4842	0.1944	3.3643	0.1389	3.0783	0.2222	3.2622	0.2778	2.7931	0.2500	2.2989	0.4444	2.9165	0.2778		0.2579
3.1433	0.0556	3.7216	0.1389	3.5698	0.1667	3.1265	0.2500	2.6348	0.4444	2.4004	0.1667	2.4252	0.3056		0.2183
2.7890	0.0556	3.2024	0.1667	3.3274	0.3056	2.9050	0.1667	3.0582	0.1667	2.3318	0.1944	2.9440	0.2222		0.1825
fc7_linear_accuracy:0.3333

fc7_rbf
Giang		Hai  		Long 		Minh 		Thuan		Thuy 		Tuyen		Final accuracy
loss	acc 	loss	acc 	loss	acc 	loss	acc 	loss	acc 	loss	acc 	loss	acc 	
4.1443	0.0556	4.0103	0.0833	4.1192	0.0833	3.8430	0.1667	4.9918	0.1389	3.4109	0.2778	5.4420	0.0833		0.1270
3.0690	0.2778	2.7255	0.1667	2.8825	0.2500	2.4112	0.2500	2.8128	0.2222	2.3974	0.3333	2.7872	0.3056		0.2579
2.7863	0.1667	2.5909	0.1667	2.9381	0.1944	2.2945	0.3889	2.6098	0.2222	2.1015	0.3056	2.7049	0.2500		0.2421
2.5443	0.1111	2.6802	0.1111	2.4558	0.3056	2.3502	0.2222	2.3088	0.3056	1.7884	0.2778	2.4665	0.2500		0.2262
2.6324	0.1944	3.1869	0.0000	2.6282	0.2500	2.1981	0.2778	2.1298	0.3333	2.0638	0.1944	2.0854	0.3056		0.2222
2.5053	0.1667	2.6553	0.1111	2.5332	0.3056	2.2170	0.1944	2.2169	0.2500	2.0277	0.1944	2.2625	0.1389		0.1944
fc7_rbf_accuracy:0.3016

prob
Giang		Hai  		Long 		Minh 		Thuan		Thuy 		Tuyen		Final accuracy
loss	acc 	loss	acc 	loss	acc 	loss	acc 	loss	acc 	loss	acc 	loss	acc 	
2.4762	0.0833	2.4892	0.0833	2.4875	0.1667	2.4694	0.1667	2.4662	0.1667	2.4583	0.0833	2.4944	0.1111		0.1230
2.0876	0.2222	2.1457	0.1667	2.0290	0.2778	2.0541	0.1667	2.0123	0.1944	1.8360	0.3333	2.1887	0.1667		0.2183
1.8010	0.3611	1.8930	0.2778	1.9954	0.3056	1.6598	0.3611	1.9231	0.3056	1.4537	0.4722	1.9245	0.3056		0.3413
1.8318	0.3056	2.3030	0.1389	2.2493	0.3889	1.9797	0.2778	2.0753	0.3056	1.5526	0.4167	2.0734	0.3889		0.3175
1.9442	0.2222	2.0976	0.2500	2.2823	0.3889	2.0352	0.3056	1.9531	0.3333	1.6850	0.4444	1.9218	0.3889		0.3333
1.9065	0.3056	2.2065	0.2500	2.4050	0.4444	1.7776	0.3333	1.7728	0.3611	1.5787	0.3889	1.9252	0.3889		0.3532
prob_accuracy:0.3810

