output/table_27Jan_fc6_1024_fc7_1024_conv2a_64/K5_K3_2019-01-27_15.15

fc6_linear
Binh 		Giang		Hung 		Tan  		Thuan		Final accuracy
loss	acc 	loss	acc 	loss	acc 	loss	acc 	loss	acc 	
5.5214	0.2370	7.3810	0.1905	5.6551	0.2387	4.0271	0.4800	3.1944	0.2750		0.2842
3.3782	0.3630	6.7902	0.1905	5.1824	0.3613	3.9568	0.4400	2.1563	0.4333		0.3576
3.1302	0.3630	3.8220	0.2095	3.4301	0.4194	3.3652	0.4900	1.3547	0.5833		0.4130
3.4657	0.2593	1.8683	0.5333	1.6554	0.6258	2.9920	0.5600	1.8231	0.6000		0.5157
2.1541	0.5407	0.3125	0.8762	1.3275	0.5613	0.8906	0.6800	0.3328	0.8667		0.7050
1.8330	0.6000	0.3807	0.8571	0.9839	0.6129	0.8067	0.6900	0.2873	0.9000		0.7320
1.5256	0.6444	0.3831	0.8571	1.0605	0.5935	0.7811	0.6800	0.2940	0.9000		0.7350
1.2816	0.6741	0.3920	0.8571	0.9148	0.6194	0.7773	0.6900	0.2991	0.8833		0.7448
1.1260	0.7037	0.4116	0.8571	1.0341	0.6000	0.7499	0.7100	0.2986	0.8917		0.7525
1.0665	0.7259	0.3925	0.8571	0.9399	0.6129	0.7324	0.7300	0.3018	0.8833		0.7619
fc6_linear_accuracy:0.7619

fc6_rbf
Binh 		Giang		Hung 		Tan  		Thuan		Final accuracy
loss	acc 	loss	acc 	loss	acc 	loss	acc 	loss	acc 	
4.5695	0.2148	4.0362	0.2667	4.7550	0.1484	3.1457	0.4200	2.2456	0.3833		0.2866
3.9725	0.2000	3.9595	0.2000	3.9317	0.1548	3.1519	0.4600	2.3352	0.4500		0.2930
3.2448	0.2519	2.4535	0.3714	3.3434	0.2903	2.4848	0.4200	1.6221	0.5083		0.3684
3.2996	0.2667	1.2485	0.5524	1.7501	0.5677	2.0882	0.5100	0.9179	0.5583		0.4910
1.7853	0.4444	0.2702	0.8857	0.9599	0.6065	2.0631	0.5400	0.7189	0.7833		0.6520
1.6502	0.5704	0.3565	0.8571	0.8762	0.6581	0.7435	0.7100	0.7511	0.8167		0.7224
1.4654	0.6000	0.3679	0.8571	0.9569	0.6323	2.3630	0.5100	1.2745	0.7167		0.6632
1.2732	0.6963	0.3817	0.8571	0.8670	0.6645	0.6984	0.7300	0.3031	0.9000		0.7696
1.2677	0.7185	0.4050	0.8571	0.9926	0.6258	0.9123	0.6900	0.3016	0.9000		0.7583
1.2160	0.7407	0.3858	0.8571	0.9424	0.6452	0.6822	0.7300	0.3054	0.9000		0.7746
fc6_rbf_accuracy:0.7746

fc7_linear
Binh 		Giang		Hung 		Tan  		Thuan		Final accuracy
loss	acc 	loss	acc 	loss	acc 	loss	acc 	loss	acc 	
5.0065	0.1111	7.7091	0.1905	5.8918	0.3032	3.6400	0.4900	5.2257	0.3000		0.2790
4.0656	0.3630	6.5698	0.1905	5.0272	0.3613	3.3823	0.5000	3.8998	0.3083		0.3446
3.9480	0.3556	3.0903	0.2952	3.2360	0.4387	3.6643	0.4400	1.9003	0.5333		0.4126
2.5802	0.4222	1.9680	0.4571	1.7364	0.6258	2.6354	0.5300	1.0795	0.6917		0.5454
1.4936	0.5037	0.3209	0.8762	1.6547	0.5355	1.0678	0.6700	0.3765	0.8417		0.6854
1.5069	0.5704	0.3899	0.8571	1.3787	0.5677	0.8846	0.6800	0.3344	0.8750		0.7101
1.4373	0.6519	0.3887	0.8571	1.2904	0.5806	0.8748	0.6800	0.3612	0.8667		0.7273
1.1448	0.6963	0.4017	0.8571	1.1969	0.5871	0.8475	0.6900	0.3808	0.8667		0.7394
1.1598	0.7111	0.4205	0.8571	1.2715	0.5548	0.7883	0.7100	0.3488	0.8667		0.7400
1.0633	0.7333	0.4056	0.8571	1.1839	0.5806	0.7673	0.7100	0.3798	0.8667		0.7496
fc7_linear_accuracy:0.7496

fc7_rbf
Binh 		Giang		Hung 		Tan  		Thuan		Final accuracy
loss	acc 	loss	acc 	loss	acc 	loss	acc 	loss	acc 	
3.5472	0.1481	3.8769	0.2762	4.2171	0.1677	2.9628	0.3800	3.5706	0.2667		0.2477
3.0366	0.2222	3.2483	0.3143	3.5698	0.2452	2.7174	0.4600	3.2535	0.3917		0.3267
2.6169	0.2519	2.4429	0.3238	2.9280	0.3097	2.7766	0.4200	1.3690	0.4417		0.3494
2.3009	0.3704	1.1454	0.5619	1.5629	0.5419	2.1958	0.5000	0.7384	0.5417		0.5032
1.5552	0.3926	0.3064	0.8857	1.2161	0.5484	0.8506	0.6700	0.4079	0.8417		0.6677
1.4732	0.4741	0.4043	0.8667	1.0758	0.6000	0.7864	0.6800	0.3792	0.8750		0.6991
1.2638	0.6000	0.4133	0.8667	1.1731	0.5677	0.7715	0.7000	0.3959	0.8500		0.7169
1.1413	0.6963	0.4409	0.8571	1.1028	0.5871	0.7609	0.7000	0.4204	0.8250		0.7331
1.0922	0.7333	0.4711	0.8571	1.2163	0.5613	0.7426	0.7000	0.4018	0.8333		0.7370
1.0797	0.7407	0.4544	0.8571	1.1520	0.5677	0.7303	0.7000	0.4236	0.8250		0.7381
fc7_rbf_accuracy:0.7381

prob
Binh 		Giang		Hung 		Tan  		Thuan		Final accuracy
loss	acc 	loss	acc 	loss	acc 	loss	acc 	loss	acc 	
1.5882	0.3333	1.6168	0.1905	1.6047	0.2581	1.6164	0.2500	1.6946	0.0833		0.2230
1.5976	0.1481	1.6090	0.2381	1.6077	0.2581	1.6015	0.2900	1.6943	0.0833		0.2035
1.6283	0.1852	1.6092	0.1905	1.5925	0.2839	1.5876	0.2400	1.6500	0.0833		0.1966
1.5966	0.2074	1.2361	0.4762	1.4343	0.4000	1.4007	0.6100	1.0459	0.6000		0.4587
1.4856	0.2370	0.2347	0.9048	1.5544	0.4581	0.7180	0.7200	0.5327	0.7917		0.6223
1.2672	0.6000	0.3524	0.8667	1.1931	0.6065	0.9026	0.6800	0.6030	0.8167		0.7140
1.0937	0.6148	0.3661	0.8667	1.4466	0.5161	0.9250	0.6800	0.6361	0.8167		0.6989
0.8251	0.6963	0.4126	0.8476	1.2851	0.5935	0.9699	0.6800	0.6761	0.7750		0.7185
0.7789	0.6741	0.4563	0.8476	1.5757	0.5097	1.0010	0.6900	0.6363	0.8167		0.7076
0.6683	0.6889	0.4205	0.8476	1.5068	0.5419	0.9768	0.7200	0.6489	0.8167		0.7230
prob_accuracy:0.7230

