output/result/new/K3_K3_2019-01-28_20.40

fc6_linear
Binh 		Giang		Hung 		Tan  		Thuan		Final accuracy
loss	acc 	loss	acc 	loss	acc 	loss	acc 	loss	acc 	
0.2259	0.9630	0.3860	0.9048	0.8565	0.7419	0.2780	0.9500	0.3358	0.9167		0.8953
0.1652	0.9259	0.2134	1.0000	0.9694	0.7419	0.1985	0.9500	0.2217	1.0000		0.9236
0.1521	0.9630	0.1800	1.0000	0.9457	0.7419	0.1921	0.9500	0.2041	0.9583		0.9226
0.1616	0.9630	0.1597	1.0000	0.9540	0.7419	0.1651	0.9500	0.2242	0.9583		0.9226
0.1541	0.9630	0.1514	1.0000	0.9426	0.7097	0.1597	0.9500	0.2203	0.9583		0.9162
fc6_linear_accuracy:0.9236

fc6_rbf
Binh 		Giang		Hung 		Tan  		Thuan		Final accuracy
loss	acc 	loss	acc 	loss	acc 	loss	acc 	loss	acc 	
0.3292	0.8889	0.4878	0.9048	0.8534	0.7419	0.2228	1.0000	0.4156	0.9583		0.8988
0.1836	0.9259	0.2035	1.0000	1.4948	0.5806	0.1437	1.0000	0.2017	1.0000		0.9013
0.1855	0.9259	0.1592	1.0000	1.2724	0.6129	0.1320	1.0000	0.1881	1.0000		0.9078
0.1762	0.8889	0.1408	1.0000	1.2032	0.6774	0.1519	1.0000	0.6734	0.8333		0.8799
0.1525	0.9630	0.1359	1.0000	1.1665	0.7419	0.1335	1.0000	0.1819	1.0000		0.9410
fc6_rbf_accuracy:0.9410

fc7_linear
Binh 		Giang		Hung 		Tan  		Thuan		Final accuracy
loss	acc 	loss	acc 	loss	acc 	loss	acc 	loss	acc 	
0.3438	0.9259	0.4822	0.8095	1.0361	0.7742	0.4782	0.7500	0.4074	0.9583		0.8436
0.3077	0.9259	0.1603	1.0000	0.9461	0.7742	0.2362	0.9500	0.2527	0.9583		0.9217
0.3231	0.9259	0.1384	1.0000	0.9249	0.7742	0.2366	0.9500	0.2339	0.9583		0.9217
0.3100	0.9259	0.1304	1.0000	0.9236	0.7742	0.2377	0.9500	0.2322	0.9583		0.9217
0.3192	0.8889	0.1265	1.0000	0.9761	0.7419	0.2345	0.9500	0.2262	0.9583		0.9078
fc7_linear_accuracy:0.9217

fc7_rbf
Binh 		Giang		Hung 		Tan  		Thuan		Final accuracy
loss	acc 	loss	acc 	loss	acc 	loss	acc 	loss	acc 	
0.3852	0.8889	0.5420	0.7619	1.0036	0.7742	0.2663	0.9500	0.3914	0.9583		0.8667
0.2884	0.8889	0.1729	1.0000	1.2254	0.7097	0.1910	0.9500	0.1737	1.0000		0.9097
0.3035	0.8889	0.1560	1.0000	1.1770	0.7419	0.2152	0.9500	0.1714	0.9583		0.9078
0.3090	0.8889	0.1392	1.0000	1.1566	0.7097	0.2027	0.9500	0.1663	0.9583		0.9014
0.3588	0.8519	0.1322	1.0000	1.1382	0.7419	0.1934	0.9500	0.1659	0.9583		0.9004
fc7_rbf_accuracy:0.9097

prob
Binh 		Giang		Hung 		Tan  		Thuan		Final accuracy
loss	acc 	loss	acc 	loss	acc 	loss	acc 	loss	acc 	
0.9144	0.9630	1.0684	0.5238	1.1433	0.9032	1.1527	0.7000	1.3177	0.5417		0.7263
0.2673	0.9630	0.3715	0.8095	1.0181	0.8065	0.1582	1.0000	0.1615	1.0000		0.9158
0.2658	0.8889	0.1518	1.0000	1.2598	0.8065	0.1023	1.0000	0.0868	1.0000		0.9391
0.2987	0.8519	0.1430	1.0000	1.5607	0.8065	0.0730	1.0000	0.1071	1.0000		0.9317
0.2556	0.9259	0.0758	1.0000	1.6510	0.8065	0.0679	1.0000	0.0809	1.0000		0.9465
prob_accuracy:0.9465

