output/result/new/K5_K5_2019-01-28_23.03

fc6_linear
Binh 		Giang		Hung 		Tan  		Thuan		Final accuracy
loss	acc 	loss	acc 	loss	acc 	loss	acc 	loss	acc 	
0.5417	0.8519	0.3164	0.9524	0.3735	0.8333	0.2528	0.9500	0.1847	0.9583		0.9092
0.5663	0.7778	0.1207	1.0000	0.2995	0.9000	0.2290	0.9500	0.1700	0.9167		0.9089
0.5887	0.7778	0.1228	1.0000	0.3793	0.8667	0.2320	0.9500	0.2064	0.9167		0.9022
0.6015	0.7778	0.1191	1.0000	0.3728	0.8667	0.2363	0.9500	0.2058	0.9167		0.9022
0.5890	0.7778	0.1265	1.0000	0.3929	0.8667	0.2273	0.9500	0.2061	0.9167		0.9022
fc6_linear_accuracy:0.9092

fc6_rbf
Binh 		Giang		Hung 		Tan  		Thuan		Final accuracy
loss	acc 	loss	acc 	loss	acc 	loss	acc 	loss	acc 	
0.4869	0.8519	0.2439	0.9048	0.4188	0.8333	2.8009	0.4000	0.2627	0.9167		0.7813
0.5479	0.7407	0.1465	1.0000	1.4576	0.6667	0.2084	0.9500	0.2169	0.9167		0.8548
0.5880	0.7778	0.3944	0.9048	0.3498	0.9000	0.5375	0.8000	0.2024	0.9167		0.8598
0.5326	0.8148	0.1122	1.0000	0.3177	0.9000	0.2426	0.9500	0.2178	0.9167		0.9163
0.5430	0.8148	0.1195	1.0000	0.3568	0.9000	0.2304	0.9500	0.2216	0.9167		0.9163
fc6_rbf_accuracy:0.9163

fc7_linear
Binh 		Giang		Hung 		Tan  		Thuan		Final accuracy
loss	acc 	loss	acc 	loss	acc 	loss	acc 	loss	acc 	
0.3046	0.8519	0.2514	0.9524	0.3948	0.8333	0.2662	0.9000	0.1806	0.9583		0.8992
0.2997	0.8889	0.1450	1.0000	0.4168	0.8667	0.1564	1.0000	0.1294	0.9583		0.9428
0.3194	0.8889	0.1314	1.0000	0.4686	0.8667	0.1672	1.0000	0.1346	0.9583		0.9428
0.3343	0.8889	0.1412	1.0000	0.4508	0.8667	0.1644	1.0000	0.1476	0.9583		0.9428
0.3261	0.8889	0.1466	1.0000	0.4516	0.8667	0.1519	1.0000	0.1519	0.9583		0.9428
fc7_linear_accuracy:0.9428

fc7_rbf
Binh 		Giang		Hung 		Tan  		Thuan		Final accuracy
loss	acc 	loss	acc 	loss	acc 	loss	acc 	loss	acc 	
0.2870	0.8889	0.1741	1.0000	0.4055	0.8333	0.2601	0.9500	0.2190	1.0000		0.9344
0.3314	0.9259	0.1029	1.0000	0.3982	0.9000	0.1732	1.0000	0.1509	0.9583		0.9569
0.3015	0.9259	0.0969	1.0000	0.4317	0.9000	0.1780	1.0000	0.1442	0.9583		0.9569
0.3063	0.9259	0.1068	1.0000	0.4014	0.9000	0.1472	1.0000	0.1563	0.9583		0.9569
0.2875	0.9259	0.1141	1.0000	0.4141	0.9000	0.1214	1.0000	0.1511	0.9583		0.9569
fc7_rbf_accuracy:0.9569

prob
Binh 		Giang		Hung 		Tan  		Thuan		Final accuracy
loss	acc 	loss	acc 	loss	acc 	loss	acc 	loss	acc 	
0.7186	0.8889	0.7576	0.8095	0.9139	0.6667	0.6527	0.9500	0.7649	0.9167		0.8463
0.3015	0.9630	0.2465	0.9048	0.5414	0.7333	0.0959	1.0000	0.0873	1.0000		0.9202
0.2490	1.0000	0.1569	0.9524	0.6396	0.7000	0.0934	1.0000	0.0510	1.0000		0.9305
0.2522	0.9630	0.1210	1.0000	0.4038	0.7667	0.0860	1.0000	0.0440	1.0000		0.9459
0.2187	1.0000	0.1349	0.9524	0.4065	0.8333	0.0695	1.0000	0.0420	1.0000		0.9571
prob_accuracy:0.9571

