output/result/new/K5_K1_2019-01-28_21.51

fc6_linear
Binh 		Giang		Hung 		Tan  		Thuan		Final accuracy
loss	acc 	loss	acc 	loss	acc 	loss	acc 	loss	acc 	
1.4439	0.5000	1.0445	0.5238	1.5065	0.4516	1.2048	0.5238	1.2451	0.4583		0.4915
1.8322	0.5000	1.3704	0.5238	1.6247	0.4516	1.0772	0.6190	1.2796	0.5417		0.5272
1.8305	0.5000	1.3824	0.5238	1.5701	0.4516	1.1164	0.5714	1.2954	0.4583		0.5010
1.8023	0.5000	1.4494	0.5238	1.5818	0.4516	1.0623	0.6667	1.3045	0.4583		0.5201
1.7760	0.5000	1.5220	0.5238	1.5399	0.4516	1.1030	0.6190	1.3204	0.5417		0.5272
fc6_linear_accuracy:0.5272

fc6_rbf
Binh 		Giang		Hung 		Tan  		Thuan		Final accuracy
loss	acc 	loss	acc 	loss	acc 	loss	acc 	loss	acc 	
1.4983	0.2143	1.2969	0.4762	1.6858	0.4516	1.2959	0.4286	1.5331	0.5000		0.4141
1.6137	0.3929	1.5210	0.3333	1.5412	0.4516	1.1404	0.5714	1.2233	0.4583		0.4415
1.7292	0.3571	1.0677	0.5714	1.5261	0.4516	1.1427	0.5714	1.1956	0.4583		0.4820
1.6654	0.4286	1.0764	0.5238	1.4873	0.4516	1.0672	0.6667	1.1939	0.4583		0.5058
1.7857	0.3929	1.0943	0.5238	1.5103	0.4516	1.1027	0.6667	1.1899	0.5417		0.5153
fc6_rbf_accuracy:0.5153

fc7_linear
Binh 		Giang		Hung 		Tan  		Thuan		Final accuracy
loss	acc 	loss	acc 	loss	acc 	loss	acc 	loss	acc 	
2.2352	0.2143	1.8370	0.4286	1.9388	0.3548	1.5228	0.4286	1.3379	0.3750		0.3603
1.8366	0.2143	1.8125	0.4286	1.7452	0.3226	1.1036	0.6190	1.1508	0.5417		0.4252
1.7791	0.2143	1.7786	0.4286	1.8749	0.2903	1.1221	0.5238	1.1123	0.4583		0.3831
1.6978	0.2143	1.8587	0.4286	2.0687	0.2903	1.0378	0.6190	1.1790	0.5417		0.4188
1.6761	0.2500	1.9355	0.4286	2.1215	0.2258	1.0025	0.6667	1.1366	0.6667		0.4475
fc7_linear_accuracy:0.4475

fc7_rbf
Binh 		Giang		Hung 		Tan  		Thuan		Final accuracy
loss	acc 	loss	acc 	loss	acc 	loss	acc 	loss	acc 	
2.1546	0.1786	1.6331	0.3333	1.7104	0.3871	1.4676	0.3333	1.1966	0.4167		0.3298
1.8151	0.2143	1.6031	0.4286	1.5946	0.3548	1.0149	0.5714	1.2163	0.4583		0.4055
1.7706	0.2143	1.6423	0.4286	1.6025	0.3548	0.9984	0.6667	1.2512	0.4583		0.4245
1.7966	0.2143	1.6300	0.4286	1.5703	0.3548	0.9815	0.6667	1.2681	0.4583		0.4245
1.6573	0.2143	1.6283	0.4286	1.5811	0.3548	1.0164	0.5714	1.2344	0.4583		0.4055
fc7_rbf_accuracy:0.4245

prob
Binh 		Giang		Hung 		Tan  		Thuan		Final accuracy
loss	acc 	loss	acc 	loss	acc 	loss	acc 	loss	acc 	
1.4200	0.4286	1.3123	0.4286	1.5544	0.2581	1.1782	0.6190	1.3689	0.6667		0.4802
1.7011	0.5000	1.3848	0.5238	2.7824	0.2581	0.9506	0.4286	1.9514	0.4583		0.4338
1.8482	0.5000	1.5572	0.5238	3.2031	0.3226	0.8978	0.5238	2.2550	0.4583		0.4657
1.7787	0.5000	1.6742	0.5238	3.3165	0.3226	0.9294	0.4762	2.4736	0.4583		0.4562
1.7735	0.5000	1.7529	0.5238	3.4889	0.3226	0.9411	0.4286	2.5517	0.4583		0.4467
prob_accuracy:0.4802

