    15      0      0      0      2      0      0      0      0      0      0      1
     0     15      0      0      0      0      1      0      0      2      0      0
     0      0     18      0      0      0      0      0      0      0      0      0
     0      0      0     10      3      0      4      0      0      0      0      1
     0      0      0      3     15      0      0      0      0      0      0      0
     0      0      0      0      1      0     17      0      0      0      0      0
     0      0      0      0      0      0     18      0      0      0      0      0
     0      8      0      0      0      0      2      8      0      0      0      0
     0      1      0      0      0      0      0      0     17      0      0      0
     0      9      0      0      0      0      0      0      0      9      0      0
     0      0      0      8      3      0      6      0      0      0      1      0
     0      0      0      3     11      0      0      0      0      0      0      4
