output/result_backup/table_2019_02_27_original_pre_3_12gestures_6_subjects_fc6_1024_fc7_1024/K2_K3_2019-02-20_18.50

fc6_linear
Giang		Hai  		Long 		Minh 		Thuy 		Tuyen		Final accuracy
loss	acc 	loss	acc 	loss	acc 	loss	acc 	loss	acc 	loss	acc 	
2.1702	0.3611	3.9271	0.1667	4.3575	0.3333	2.8627	0.4444	2.9889	0.1389	5.4572	0.1944		0.2731
2.5777	0.3611	2.7491	0.3611	4.1302	0.4444	1.5726	0.5000	3.1931	0.2500	3.5441	0.2500		0.3611
2.8759	0.3056	2.7089	0.2778	3.4276	0.5000	2.5257	0.5000	2.1201	0.4167	2.4759	0.4444		0.4074
2.3324	0.3611	3.0102	0.3611	3.9468	0.4722	3.3757	0.4444	2.7812	0.4722	2.4604	0.3611		0.4120
1.9359	0.5000	4.0206	0.2778	2.8784	0.4444	2.4393	0.4444	2.2899	0.4722	2.9315	0.3333		0.4120
1.8267	0.3611	2.8160	0.2778	3.4415	0.4167	2.6599	0.4167	2.4391	0.5000	2.5592	0.3333		0.3843
1.9300	0.3056	2.7888	0.2500	3.4505	0.4444	2.8144	0.3611	2.0615	0.4444	2.3132	0.4167		0.3704
fc6_linear_accuracy:0.4676

fc6_rbf
Giang		Hai  		Long 		Minh 		Thuy 		Tuyen		Final accuracy
loss	acc 	loss	acc 	loss	acc 	loss	acc 	loss	acc 	loss	acc 	
2.0201	0.3333	3.4637	0.2222	2.8301	0.2500	2.6887	0.2222	2.2510	0.2500	2.7257	0.1111		0.2315
1.5821	0.3889	2.3088	0.3056	2.9385	0.3611	2.0935	0.4444	1.8936	0.3889	2.8303	0.0833		0.3287
1.7161	0.4167	3.0433	0.2222	2.3115	0.5000	2.0744	0.4167	1.9139	0.4167	2.2083	0.3611		0.3889
1.7331	0.5000	2.1712	0.4167	2.2439	0.5278	2.0715	0.2778	1.5126	0.6111	2.0381	0.2778		0.4352
1.6846	0.4444	2.5017	0.3611	2.2934	0.5000	2.0763	0.3889	1.6499	0.5278	1.7919	0.4167		0.4398
1.5153	0.4444	1.8238	0.4444	2.5215	0.4444	2.3882	0.3333	2.1388	0.5000	1.8626	0.4444		0.4352
1.5796	0.4444	1.8457	0.5278	2.3932	0.5000	2.2713	0.3889	2.2082	0.4444	1.8817	0.5000		0.4676
fc6_rbf_accuracy:0.5185

fc7_linear
Giang		Hai  		Long 		Minh 		Thuy 		Tuyen		Final accuracy
loss	acc 	loss	acc 	loss	acc 	loss	acc 	loss	acc 	loss	acc 	
2.3893	0.3889	2.8600	0.3333	4.5202	0.4167	3.2765	0.3333	3.5779	0.3056	3.5735	0.4444		0.3704
2.2634	0.2222	2.3532	0.4722	4.8303	0.4167	2.1072	0.4444	3.3475	0.3611	3.4286	0.4444		0.3935
2.4150	0.1389	2.9260	0.5000	3.6591	0.4444	3.0779	0.4167	2.2790	0.5000	2.7538	0.4722		0.4120
1.7889	0.2778	2.6888	0.3333	4.0961	0.4444	2.8113	0.5000	2.5992	0.3333	2.6408	0.3889		0.3796
1.7691	0.3889	2.9474	0.3889	3.7949	0.3333	2.5804	0.4167	2.6074	0.4444	2.7836	0.3611		0.3889
1.5850	0.3056	2.8539	0.3611	3.8496	0.3889	2.5484	0.4167	2.7487	0.4167	3.0394	0.3611		0.3750
1.6347	0.3611	2.8759	0.3333	3.9303	0.3889	2.8525	0.4167	2.6814	0.4167	3.1063	0.3333		0.3750
fc7_linear_accuracy:0.4676

fc7_rbf
Giang		Hai  		Long 		Minh 		Thuy 		Tuyen		Final accuracy
loss	acc 	loss	acc 	loss	acc 	loss	acc 	loss	acc 	loss	acc 	
1.8352	0.4444	2.0669	0.4722	2.2969	0.4167	2.0848	0.3889	1.9403	0.4167	2.1781	0.3333		0.4120
1.6957	0.3889	1.8473	0.5000	2.4545	0.4722	1.7287	0.5556	1.7171	0.4167	2.0191	0.4167		0.4583
1.6524	0.3889	2.1732	0.4444	2.4934	0.5278	2.2479	0.4167	1.6501	0.4444	1.9444	0.4444		0.4444
1.4546	0.4167	2.1513	0.3889	2.5037	0.5278	2.1971	0.4722	1.9168	0.4722	1.8518	0.5000		0.4630
1.3534	0.4444	2.1946	0.4444	2.6887	0.4444	2.1730	0.4167	2.0620	0.4167	1.9000	0.4444		0.4352
1.4637	0.3889	1.9808	0.4722	2.7490	0.4444	2.5240	0.4167	2.2396	0.4167	1.9170	0.4444		0.4306
1.5486	0.3333	2.1259	0.3889	2.9368	0.4444	2.4078	0.4167	2.2596	0.4167	1.9172	0.4444		0.4074
fc7_rbf_accuracy:0.5000

prob
Giang		Hai  		Long 		Minh 		Thuy 		Tuyen		Final accuracy
loss	acc 	loss	acc 	loss	acc 	loss	acc 	loss	acc 	loss	acc 	
1.8209	0.3056	2.2346	0.2222	2.0443	0.4167	2.0769	0.2222	1.9012	0.3056	2.1499	0.1944		0.2778
1.7314	0.4722	2.1328	0.3056	1.9711	0.4444	2.0894	0.4722	1.8507	0.5278	2.2106	0.4444		0.4444
1.4727	0.4722	2.2160	0.3333	2.0616	0.4444	2.4257	0.4167	1.7130	0.5000	1.6414	0.4444		0.4352
1.3880	0.5278	2.6929	0.3611	2.3131	0.3889	2.8016	0.3889	2.1548	0.4444	1.5554	0.5278		0.4398
1.5480	0.5000	2.4052	0.3889	2.6119	0.3889	2.3143	0.4167	2.3894	0.4722	1.7994	0.4444		0.4352
1.4146	0.4722	2.5785	0.3333	2.6816	0.4167	2.5960	0.4167	2.1904	0.4722	1.8705	0.5000		0.4352
1.3754	0.5278	2.6373	0.3333	2.6582	0.4167	2.6286	0.4167	2.1292	0.4722	1.7782	0.4722		0.4398
prob_accuracy:0.4815

