output/result_backup/table_2019_02_27_original_pre_3_12gestures_6_subjects_fc6_1024_fc7_1024/K2_K4_2019-02-20_21.04

fc6_linear
Giang		Hai  		Long 		Minh 		Thuy 		Tuyen		Final accuracy
loss	acc 	loss	acc 	loss	acc 	loss	acc 	loss	acc 	loss	acc 	
6.2772	0.1111	7.2548	0.0556	5.0452	0.1389	6.3096	0.1667	5.0727	0.0556	5.0224	0.2500		0.1296
5.3512	0.1111	6.8112	0.1667	6.0493	0.0833	4.4576	0.0556	6.4057	0.0833	4.4710	0.0833		0.0972
4.2416	0.2500	5.8942	0.1389	3.8109	0.1944	8.1369	0.0833	5.1476	0.1944	5.5908	0.0833		0.1574
4.9282	0.1667	5.5607	0.1667	3.7450	0.1111	5.4036	0.1667	5.3517	0.1389	4.2377	0.0833		0.1389
4.9145	0.0833	5.4604	0.1944	4.0499	0.1389	4.8513	0.0833	5.1787	0.0833	4.2555	0.1389		0.1204
4.9925	0.1389	5.9667	0.1389	4.2911	0.1111	3.9691	0.1111	4.9398	0.0833	3.9863	0.2222		0.1343
5.0471	0.1389	6.0491	0.1389	4.0947	0.2222	5.6214	0.0278	5.1416	0.0833	4.3495	0.1389		0.1250
fc6_linear_accuracy:0.2130

fc6_rbf
Giang		Hai  		Long 		Minh 		Thuy 		Tuyen		Final accuracy
loss	acc 	loss	acc 	loss	acc 	loss	acc 	loss	acc 	loss	acc 	
4.4606	0.0833	4.6137	0.0833	3.3527	0.2500	3.4848	0.1389	3.7001	0.0833	3.4003	0.1667		0.1343
3.8674	0.0833	4.0550	0.0833	3.6870	0.0833	3.6121	0.0833	3.6858	0.1389	3.4476	0.0833		0.0926
3.0715	0.1389	4.1132	0.0833	3.1320	0.1667	3.6470	0.0833	3.8013	0.0833	3.8797	0.0833		0.1065
3.5875	0.0833	3.7205	0.0833	2.9327	0.1667	3.5261	0.0556	3.9331	0.0833	3.3334	0.1389		0.1019
3.2749	0.2222	3.9968	0.0833	3.6780	0.0556	3.3619	0.0833	4.7737	0.0833	3.4242	0.1389		0.1111
3.8980	0.0833	3.8621	0.0833	3.2395	0.1667	3.0489	0.2500	4.2894	0.1667	3.7710	0.1111		0.1435
3.7376	0.1944	3.6750	0.0833	3.2924	0.1944	3.2050	0.1667	4.4367	0.0833	3.6663	0.1389		0.1435
fc6_rbf_accuracy:0.1898

fc7_linear
Giang		Hai  		Long 		Minh 		Thuy 		Tuyen		Final accuracy
loss	acc 	loss	acc 	loss	acc 	loss	acc 	loss	acc 	loss	acc 	
4.5076	0.1389	4.4796	0.1944	5.0584	0.2222	4.7404	0.1667	4.3804	0.2222	3.4804	0.1667		0.1852
5.1987	0.1944	4.2111	0.2500	4.1649	0.1667	4.3187	0.1389	5.2097	0.1667	3.5783	0.1389		0.1759
4.4893	0.1111	4.5165	0.1111	3.8360	0.3333	4.0437	0.1111	4.4123	0.1389	3.1049	0.1389		0.1574
3.6917	0.2222	4.6071	0.1667	3.4390	0.3333	3.4840	0.2222	5.0887	0.1667	3.4773	0.2778		0.2315
4.2918	0.1667	4.2819	0.1667	3.6264	0.2778	3.5024	0.1667	4.1742	0.1667	3.4905	0.1111		0.1759
4.4792	0.1667	4.1417	0.1667	3.8516	0.2778	3.5271	0.1667	4.4476	0.1389	3.4677	0.1389		0.1759
4.4524	0.1667	4.3136	0.1667	3.7083	0.3333	3.7047	0.1667	4.4221	0.1389	3.5267	0.1667		0.1898
fc7_linear_accuracy:0.2546

fc7_rbf
Giang		Hai  		Long 		Minh 		Thuy 		Tuyen		Final accuracy
loss	acc 	loss	acc 	loss	acc 	loss	acc 	loss	acc 	loss	acc 	
3.0580	0.0833	3.0952	0.0833	3.2214	0.2500	2.7973	0.2500	2.9312	0.1944	2.7962	0.1667		0.1713
3.1530	0.1389	2.9690	0.1667	3.2286	0.2500	2.5052	0.1944	3.0251	0.1667	2.6168	0.1944		0.1852
2.8430	0.1667	3.1254	0.0833	3.0774	0.2500	2.7885	0.2778	3.8247	0.1667	2.9419	0.1667		0.1852
2.6903	0.1944	3.0991	0.1111	2.8929	0.3333	3.1010	0.1944	3.8784	0.2500	2.6991	0.2222		0.2176
2.6462	0.2500	3.2099	0.0833	3.1208	0.3333	2.8994	0.2500	3.6627	0.2222	2.9294	0.1667		0.2176
2.7480	0.1667	3.6048	0.1389	3.2218	0.3056	2.8889	0.2778	3.8794	0.2500	2.8707	0.1944		0.2222
2.5887	0.2778	3.7345	0.0833	3.0671	0.3889	2.8838	0.2222	3.6681	0.2500	3.0486	0.1944		0.2361
fc7_rbf_accuracy:0.2639

prob
Giang		Hai  		Long 		Minh 		Thuy 		Tuyen		Final accuracy
loss	acc 	loss	acc 	loss	acc 	loss	acc 	loss	acc 	loss	acc 	
2.1931	0.1389	2.2522	0.2778	2.2288	0.1111	2.4734	0.2500	2.2133	0.2778	2.1364	0.1111		0.1944
2.1768	0.1944	2.4184	0.2778	2.5332	0.1667	2.7092	0.2222	2.6392	0.3333	2.4299	0.1667		0.2269
2.3840	0.1944	2.4497	0.0833	2.9551	0.1944	2.9027	0.2222	4.1905	0.0833	2.8632	0.1111		0.1481
2.5460	0.1667	3.0091	0.1944	2.8689	0.3056	3.2531	0.2222	3.9064	0.2222	2.6980	0.1944		0.2176
2.1586	0.3056	2.6981	0.1667	3.6604	0.2500	3.3080	0.2778	3.7208	0.2500	2.9400	0.1389		0.2315
2.1427	0.2222	2.7144	0.1944	3.1050	0.2500	3.2295	0.2222	4.0569	0.2500	3.0217	0.1111		0.2083
2.1403	0.2222	2.7412	0.1667	3.2470	0.2500	3.1924	0.2222	4.3055	0.2500	3.0503	0.1111		0.2037
prob_accuracy:0.2824

