output/result_backup/table_2019_02_27_original_pre_3_12gestures_6_subjects_fc6_1024_fc7_1024/K3_K1_2019-02-21_01.40

fc6_linear
Giang		Hai  		Long 		Minh 		Thuy 		Tuyen		Final accuracy
loss	acc 	loss	acc 	loss	acc 	loss	acc 	loss	acc 	loss	acc 	
5.3015	0.0278	5.3955	0.0833	5.0339	0.0000	5.4908	0.0833	5.8187	0.1389	6.1427	0.0833		0.0694
6.4055	0.1111	5.2622	0.0833	6.1838	0.0833	3.1102	0.2500	5.1026	0.2500	4.8860	0.0833		0.1435
4.8173	0.0833	4.0102	0.1667	4.1348	0.0833	5.0200	0.0833	5.1082	0.0833	5.3285	0.0833		0.0972
5.1160	0.0833	3.4800	0.1389	4.6787	0.1944	4.8243	0.0833	4.7026	0.0833	3.7756	0.1111		0.1157
5.0343	0.0833	3.3757	0.0833	4.3731	0.0556	3.8579	0.0556	3.3685	0.1944	4.3520	0.0278		0.0833
4.8988	0.0833	3.2603	0.0833	3.5827	0.1667	3.9199	0.0556	4.1424	0.1667	3.2466	0.0833		0.1065
4.1255	0.0833	3.1088	0.1389	3.2185	0.2500	4.0264	0.0833	4.0513	0.1944	3.0790	0.1111		0.1435
fc6_linear_accuracy:0.1898

fc6_rbf
Giang		Hai  		Long 		Minh 		Thuy 		Tuyen		Final accuracy
loss	acc 	loss	acc 	loss	acc 	loss	acc 	loss	acc 	loss	acc 	
4.3838	0.1111	4.2302	0.0556	3.4573	0.0833	4.0265	0.1667	4.0964	0.1111	3.3754	0.0833		0.1019
4.0602	0.0833	3.8328	0.0833	2.8253	0.1389	3.2481	0.1667	3.1733	0.1667	3.1369	0.0833		0.1204
4.2264	0.1667	3.8442	0.1944	2.7502	0.1389	3.8202	0.0833	3.1120	0.1944	2.8867	0.1111		0.1481
3.9890	0.1667	3.5769	0.0278	2.6125	0.1111	2.8159	0.1111	3.2113	0.1389	2.6441	0.1944		0.1250
3.9185	0.0833	3.2963	0.0833	3.3249	0.1667	3.6622	0.0833	2.7335	0.1389	3.6302	0.0833		0.1065
3.8243	0.0833	3.2636	0.0556	2.7108	0.1389	3.3353	0.1111	3.2964	0.1667	2.7454	0.1944		0.1250
3.5609	0.1667	3.4857	0.1667	2.5115	0.1667	3.0028	0.0833	3.0951	0.1667	2.6899	0.1944		0.1574
fc6_rbf_accuracy:0.1806

fc7_linear
Giang		Hai  		Long 		Minh 		Thuy 		Tuyen		Final accuracy
loss	acc 	loss	acc 	loss	acc 	loss	acc 	loss	acc 	loss	acc 	
4.2407	0.1111	3.9161	0.0833	4.0986	0.1667	5.0406	0.1111	4.2527	0.1389	4.0367	0.1944		0.1343
5.3635	0.2222	4.4471	0.0833	3.9905	0.1389	4.5952	0.0833	4.1177	0.1111	3.7591	0.1944		0.1389
3.1675	0.0833	4.3154	0.0833	3.2411	0.1667	4.0524	0.1667	3.6228	0.1111	4.7412	0.1111		0.1204
3.1385	0.1389	4.1111	0.0833	2.9492	0.3333	3.9676	0.1111	4.0927	0.0833	3.4742	0.1111		0.1435
2.7872	0.1667	4.0031	0.0833	2.9697	0.1944	3.5326	0.0833	3.3665	0.1944	3.7643	0.1667		0.1481
2.8641	0.1667	4.2362	0.0833	2.8306	0.1389	3.5863	0.0833	3.5045	0.1944	3.5681	0.0833		0.1250
3.0498	0.2222	4.0839	0.0833	2.7402	0.2222	3.5133	0.1389	3.6773	0.1667	3.6344	0.0833		0.1528
fc7_linear_accuracy:0.1991

fc7_rbf
Giang		Hai  		Long 		Minh 		Thuy 		Tuyen		Final accuracy
loss	acc 	loss	acc 	loss	acc 	loss	acc 	loss	acc 	loss	acc 	
3.2001	0.1944	3.1603	0.0833	2.6855	0.3056	3.3352	0.1389	2.7381	0.1944	2.7990	0.2222		0.1898
3.3643	0.3056	3.2267	0.1389	2.7119	0.1944	3.0538	0.2500	2.9340	0.1389	3.0506	0.1667		0.1991
2.7395	0.3056	3.6371	0.0833	2.9641	0.2222	3.0656	0.1944	2.6249	0.2500	2.9420	0.2500		0.2176
2.9121	0.3889	3.4783	0.0833	2.4526	0.2778	2.9759	0.1667	2.8381	0.1667	2.8445	0.1667		0.2083
2.5132	0.3611	3.7581	0.0833	2.6730	0.2222	2.8928	0.1667	2.6855	0.2222	3.1166	0.1389		0.1991
2.4961	0.4167	3.6912	0.0833	2.4992	0.2500	2.9542	0.1389	2.6427	0.2500	2.7176	0.1111		0.2083
2.5799	0.4167	3.6140	0.0833	2.5890	0.2778	2.9596	0.1667	2.6285	0.2500	2.8481	0.1389		0.2222
fc7_rbf_accuracy:0.2685

prob
Giang		Hai  		Long 		Minh 		Thuy 		Tuyen		Final accuracy
loss	acc 	loss	acc 	loss	acc 	loss	acc 	loss	acc 	loss	acc 	
2.5414	0.1667	3.4045	0.0833	2.7059	0.1667	2.4513	0.1389	2.3097	0.1667	2.7513	0.1389		0.1435
2.3198	0.2778	3.5583	0.0833	2.8056	0.1667	2.3262	0.0556	1.9887	0.2778	2.2789	0.0833		0.1574
2.3986	0.2778	3.9964	0.0833	3.0044	0.1944	2.5111	0.2222	2.0434	0.3333	2.7912	0.0833		0.1991
2.6161	0.2778	5.0674	0.0833	2.7213	0.2222	2.4748	0.2222	2.0913	0.3056	2.8376	0.0833		0.1991
2.5700	0.3611	5.4703	0.0833	2.5581	0.2222	2.6795	0.1944	2.0500	0.3056	2.4155	0.1944		0.2269
2.6844	0.3611	4.9461	0.0833	2.8413	0.2500	2.6091	0.1667	2.1359	0.3333	2.6412	0.1944		0.2315
2.6122	0.3333	5.3516	0.0833	2.8891	0.2222	2.5858	0.1944	2.1785	0.3333	2.7525	0.1667		0.2222
prob_accuracy:0.2407

