output/result_backup/table_2019_02_27_original_pre_3_12gestures_6_subjects_fc6_1024_fc7_1024/K3_K5_2019-02-22_09.28

fc6_linear
Giang		Hai  		Long 		Minh 		Thuy 		Tuyen		Final accuracy
loss	acc 	loss	acc 	loss	acc 	loss	acc 	loss	acc 	loss	acc 	
6.5231	0.2778	4.4854	0.1667	3.9026	0.1111	3.6640	0.4167	3.9520	0.3333	3.9084	0.2500		0.2593
4.5031	0.1111	4.3193	0.0833	2.9799	0.1389	3.4254	0.3333	4.2853	0.2778	3.2084	0.1111		0.1759
3.6393	0.1944	3.0239	0.3333	5.5227	0.1389	4.0718	0.1944	3.5304	0.4167	2.7253	0.2500		0.2546
2.9746	0.1667	2.4329	0.3333	2.8571	0.2500	3.6962	0.3889	3.4113	0.4167	3.4690	0.2500		0.3009
2.7672	0.3611	1.9561	0.4722	3.3548	0.2778	3.6178	0.3333	2.8223	0.5000	2.6783	0.3889		0.3889
3.9649	0.3056	1.8284	0.4444	2.8356	0.2222	3.4705	0.3056	3.0501	0.4444	3.0796	0.4444		0.3611
2.7182	0.3611	1.9307	0.3889	3.0664	0.1944	3.4248	0.3333	3.4021	0.3889	2.9715	0.3611		0.3380
fc6_linear_accuracy:0.4120

fc6_rbf
Giang		Hai  		Long 		Minh 		Thuy 		Tuyen		Final accuracy
loss	acc 	loss	acc 	loss	acc 	loss	acc 	loss	acc 	loss	acc 	
3.6542	0.1667	3.4669	0.2222	2.9037	0.2222	4.0104	0.0833	3.2793	0.1944	3.1919	0.2222		0.1852
2.5765	0.1944	4.0491	0.0833	2.4291	0.2500	2.3819	0.3056	3.1531	0.1944	2.3177	0.3333		0.2269
2.5377	0.1944	2.4215	0.2778	2.7816	0.1389	2.0640	0.3611	1.7771	0.4444	2.2254	0.3889		0.3009
2.3114	0.1389	1.9081	0.3611	2.2802	0.2778	2.1818	0.3333	2.1763	0.3889	1.9618	0.3889		0.3148
2.4438	0.2222	1.8309	0.4167	2.3044	0.2500	2.2930	0.2778	1.6758	0.3889	1.9208	0.4167		0.3287
2.8012	0.2500	1.7224	0.4167	1.8922	0.4167	2.4594	0.3056	1.4989	0.5833	1.9422	0.3889		0.3935
2.1533	0.2778	1.6327	0.4722	2.0943	0.2500	2.5668	0.2778	1.6413	0.4444	1.8741	0.5000		0.3704
fc6_rbf_accuracy:0.4352

fc7_linear
Giang		Hai  		Long 		Minh 		Thuy 		Tuyen		Final accuracy
loss	acc 	loss	acc 	loss	acc 	loss	acc 	loss	acc 	loss	acc 	
4.7959	0.1944	3.2611	0.1667	3.3069	0.2500	3.6047	0.1944	3.9729	0.3333	2.6338	0.2500		0.2315
3.6064	0.2500	2.6616	0.1389	3.2836	0.1944	3.8812	0.2778	3.4314	0.4167	3.3803	0.1944		0.2454
3.3770	0.1944	3.2779	0.1667	3.1878	0.2778	3.2307	0.3611	3.4491	0.3889	2.6086	0.1944		0.2639
3.2696	0.2500	2.2977	0.2500	3.1135	0.2222	3.5362	0.4167	3.1379	0.3611	2.5744	0.2222		0.2870
3.1448	0.3611	2.1369	0.4722	3.0209	0.2778	3.1945	0.3611	2.6920	0.4444	2.6622	0.2500		0.3611
3.1584	0.3056	2.0736	0.4167	2.9447	0.2778	3.3231	0.3611	2.7281	0.3611	2.6418	0.2778		0.3333
3.0424	0.2778	2.0714	0.4444	2.8749	0.2500	3.4446	0.3889	2.7705	0.3611	2.5525	0.2500		0.3287
fc7_linear_accuracy:0.3750

fc7_rbf
Giang		Hai  		Long 		Minh 		Thuy 		Tuyen		Final accuracy
loss	acc 	loss	acc 	loss	acc 	loss	acc 	loss	acc 	loss	acc 	
3.5036	0.1389	2.5968	0.2500	2.6178	0.3611	2.5380	0.2500	2.4366	0.3056	2.6873	0.3056		0.2685
2.9878	0.2778	2.0686	0.3333	2.1988	0.3889	2.3447	0.2778	2.2339	0.3611	2.2786	0.2778		0.3194
2.7484	0.2778	2.1419	0.3611	1.9928	0.4167	2.1509	0.4167	2.0208	0.3889	2.0699	0.3611		0.3704
2.7274	0.3611	1.9691	0.3889	2.0850	0.4444	2.2809	0.2778	1.9609	0.3611	2.1317	0.2778		0.3519
2.8178	0.3611	2.1590	0.4167	2.1450	0.3611	2.2400	0.3889	1.9179	0.3889	2.1115	0.3056		0.3704
2.8637	0.3611	2.0670	0.4167	2.0575	0.3889	2.6718	0.3333	1.9526	0.3333	2.0628	0.3611		0.3657
2.7613	0.3056	2.0960	0.3889	2.1093	0.3889	2.4689	0.3333	1.7917	0.5000	2.0100	0.3889		0.3843
fc7_rbf_accuracy:0.4213

prob
Giang		Hai  		Long 		Minh 		Thuy 		Tuyen		Final accuracy
loss	acc 	loss	acc 	loss	acc 	loss	acc 	loss	acc 	loss	acc 	
3.6532	0.1667	2.7364	0.1667	2.8821	0.2500	2.5747	0.2222	2.1202	0.2778	2.9056	0.2222		0.2176
4.4137	0.1944	3.1064	0.2778	3.2253	0.1111	3.4820	0.2778	3.2248	0.2778	2.6860	0.2778		0.2361
4.1949	0.3056	3.3306	0.2778	2.5669	0.3889	3.2302	0.3889	2.0263	0.4167	3.2657	0.2500		0.3380
4.9084	0.3056	2.9840	0.4444	2.9827	0.3056	3.8610	0.2778	3.6562	0.2500	3.3395	0.2778		0.3102
4.4514	0.2500	3.3143	0.3889	3.2147	0.3333	4.2251	0.3333	3.2934	0.3056	3.1279	0.2500		0.3102
4.6947	0.3333	3.1664	0.4167	2.8982	0.3889	4.2306	0.2778	2.9736	0.3333	3.1547	0.3333		0.3472
4.9757	0.3333	3.2030	0.3889	2.9455	0.3889	4.6113	0.2778	2.7288	0.2778	3.0644	0.3611		0.3380
prob_accuracy:0.3889

