output/result_backup/table_2019_02_27_original_pre_3_12gestures_6_subjects_fc6_1024_fc7_1024/K4_K3_2019-02-22_21.53

fc6_linear
Giang		Hai  		Long 		Minh 		Thuy 		Tuyen		Final accuracy
loss	acc 	loss	acc 	loss	acc 	loss	acc 	loss	acc 	loss	acc 	
7.0839	0.1389	6.5218	0.0833	4.9909	0.0278	4.3597	0.2222	5.1078	0.0833	7.2337	0.0833		0.1065
5.7457	0.0000	4.3709	0.1944	4.1009	0.1667	4.2625	0.0278	4.1866	0.2222	4.3649	0.1389		0.1250
3.4147	0.2222	3.2344	0.2500	4.5656	0.1111	3.5031	0.1111	3.0599	0.2222	4.5868	0.1111		0.1713
3.9377	0.3611	3.4921	0.1667	3.8379	0.0833	3.3587	0.1389	3.4678	0.2222	3.6833	0.2222		0.1991
3.8681	0.1667	3.5807	0.1389	3.9699	0.0556	2.6865	0.1944	2.5012	0.2500	4.0216	0.1389		0.1574
3.8465	0.1389	3.5281	0.1944	3.3340	0.0556	3.3198	0.1944	2.5475	0.2222	3.9092	0.1667		0.1620
3.6665	0.1667	3.4691	0.1667	3.7763	0.0833	3.6715	0.1389	2.7045	0.1944	3.9178	0.1667		0.1528
fc6_linear_accuracy:0.2454

fc6_rbf
Giang		Hai  		Long 		Minh 		Thuy 		Tuyen		Final accuracy
loss	acc 	loss	acc 	loss	acc 	loss	acc 	loss	acc 	loss	acc 	
4.2931	0.0833	3.8153	0.0833	3.3578	0.1944	3.2496	0.0833	3.8743	0.2500	3.8690	0.0833		0.1296
4.1389	0.0833	3.2368	0.0833	2.9949	0.1667	3.6821	0.0833	3.5019	0.2222	3.3464	0.0833		0.1204
2.7345	0.1111	3.4169	0.0833	2.9117	0.0556	2.9777	0.1667	2.7098	0.3056	2.8176	0.1944		0.1528
2.9109	0.1667	2.5257	0.2222	2.5815	0.2222	2.4297	0.1944	3.2076	0.1389	2.6999	0.1667		0.1852
3.1530	0.1389	2.8299	0.1944	3.0661	0.1111	2.3496	0.1389	2.7391	0.1944	2.6320	0.1111		0.1481
3.1246	0.1111	2.9788	0.1389	2.9938	0.0556	2.1909	0.2500	3.1818	0.0833	2.6169	0.2222		0.1435
3.2263	0.1111	3.0706	0.2222	2.6583	0.2222	2.7402	0.1389	3.5814	0.0278	3.3330	0.1944		0.1528
fc6_rbf_accuracy:0.2315

fc7_linear
Giang		Hai  		Long 		Minh 		Thuy 		Tuyen		Final accuracy
loss	acc 	loss	acc 	loss	acc 	loss	acc 	loss	acc 	loss	acc 	
3.9479	0.1944	3.6576	0.1944	3.6413	0.0833	4.4857	0.0833	3.6153	0.2500	3.3317	0.0833		0.1481
3.4115	0.2500	2.6445	0.3333	2.8562	0.3056	2.7775	0.3333	2.9570	0.1944	3.4122	0.1667		0.2639
3.3707	0.0556	2.8748	0.2500	2.7112	0.2222	2.9824	0.2222	2.7866	0.2222	3.5739	0.2500		0.2037
3.3028	0.0556	2.6148	0.2778	3.0547	0.2500	2.6434	0.1944	2.6238	0.1944	3.2330	0.1667		0.1898
3.4941	0.1111	2.5876	0.1944	2.9083	0.1111	2.5056	0.1944	2.4969	0.2778	3.3751	0.1667		0.1759
3.3135	0.0833	2.4793	0.2222	2.9911	0.3333	2.7224	0.1944	2.3956	0.3056	3.5595	0.1667		0.2176
3.1580	0.0556	2.3514	0.1944	2.8950	0.3056	2.5898	0.1944	2.4756	0.2222	3.4760	0.1667		0.1898
fc7_linear_accuracy:0.3009

fc7_rbf
Giang		Hai  		Long 		Minh 		Thuy 		Tuyen		Final accuracy
loss	acc 	loss	acc 	loss	acc 	loss	acc 	loss	acc 	loss	acc 	
2.6459	0.2500	2.2878	0.1667	2.8309	0.0833	2.5287	0.1389	2.7646	0.0833	2.6145	0.0833		0.1343
2.5517	0.1944	2.3559	0.2500	2.7826	0.1111	2.4763	0.2778	2.0819	0.2500	2.5980	0.0833		0.1944
2.6702	0.1111	2.4162	0.2500	2.4720	0.1111	2.5110	0.2500	2.2650	0.2500	2.4772	0.2778		0.2083
2.7942	0.1944	2.5381	0.2778	2.8072	0.1944	2.4227	0.2222	2.3459	0.1944	2.4871	0.2500		0.2222
2.9219	0.1111	2.8053	0.2778	2.7433	0.1389	2.2922	0.2500	2.6458	0.2222	2.7747	0.2500		0.2083
3.2119	0.0833	2.8048	0.2778	2.8993	0.1111	2.4954	0.2500	2.6611	0.1667	2.6226	0.1944		0.1806
3.1377	0.1111	2.8574	0.2500	2.7107	0.1111	2.5510	0.2222	2.4370	0.1944	2.7411	0.1389		0.1713
fc7_rbf_accuracy:0.2546

prob
Giang		Hai  		Long 		Minh 		Thuy 		Tuyen		Final accuracy
loss	acc 	loss	acc 	loss	acc 	loss	acc 	loss	acc 	loss	acc 	
2.3248	0.1944	2.1722	0.1667	2.1939	0.1667	2.2052	0.1667	2.0134	0.0833	2.4385	0.0833		0.1435
2.7011	0.1667	1.9680	0.2500	2.4228	0.1667	2.2542	0.1389	1.8711	0.3333	2.0195	0.2222		0.2130
2.5598	0.1111	2.0032	0.3056	2.1242	0.1667	2.1207	0.2778	1.9889	0.2222	2.2528	0.3056		0.2315
3.4234	0.0833	2.6637	0.2222	2.0554	0.1389	1.9774	0.1667	2.4556	0.1389	2.4531	0.1944		0.1574
3.5170	0.0833	2.4836	0.2500	2.6220	0.1944	2.2333	0.2500	2.8493	0.1111	2.4208	0.2778		0.1944
3.4434	0.0833	2.7155	0.2500	2.4648	0.1944	2.3414	0.2500	2.6770	0.1944	2.3718	0.3056		0.2130
3.4284	0.0833	2.7602	0.2500	2.5362	0.2222	2.4614	0.2222	2.5924	0.1667	2.3559	0.3056		0.2083
prob_accuracy:0.2731

