output/result_backup/table_2019_02_27_original_pre_3_12gestures_6_subjects_fc6_1024_fc7_1024/K5_K1_2019-02-23_02.51

fc6_linear
Giang		Hai  		Long 		Minh 		Thuy 		Tuyen		Final accuracy
loss	acc 	loss	acc 	loss	acc 	loss	acc 	loss	acc 	loss	acc 	
5.5814	0.1944	4.5703	0.1389	4.3193	0.2222	5.1244	0.1111	3.8121	0.1389	4.8641	0.1667		0.1620
4.0454	0.1667	3.6895	0.1111	4.0060	0.1667	4.2366	0.0833	4.6346	0.0833	4.3900	0.1944		0.1343
3.5514	0.1667	4.5239	0.1111	4.1784	0.0833	3.9420	0.0833	4.1521	0.1389	4.3116	0.0833		0.1111
3.7913	0.1667	3.3984	0.1667	3.8851	0.1944	3.7815	0.1667	4.6327	0.0833	3.6770	0.1944		0.1620
3.6214	0.1667	3.4438	0.1667	4.1380	0.1111	3.8176	0.1111	4.0214	0.1111	3.1814	0.1944		0.1435
3.7986	0.0833	3.5771	0.1944	4.0434	0.0833	3.8778	0.1667	4.1425	0.1389	3.4990	0.1944		0.1435
3.7665	0.0833	3.7737	0.1667	5.5390	0.0833	4.4729	0.1111	4.1036	0.1389	3.5740	0.1667		0.1250
fc6_linear_accuracy:0.1852

fc6_rbf
Giang		Hai  		Long 		Minh 		Thuy 		Tuyen		Final accuracy
loss	acc 	loss	acc 	loss	acc 	loss	acc 	loss	acc 	loss	acc 	
3.1670	0.1667	3.5168	0.0833	3.0488	0.3056	3.2743	0.1944	3.0761	0.1667	2.5493	0.2222		0.1898
2.2589	0.3889	2.7605	0.1667	2.7771	0.2500	2.7099	0.1944	2.9850	0.2222	2.9585	0.2222		0.2407
2.4582	0.3056	3.0309	0.1944	3.6245	0.1111	2.7324	0.2778	2.8690	0.3056	2.8769	0.2222		0.2361
2.4746	0.2222	2.6991	0.2500	4.1005	0.1667	2.4442	0.2222	3.1090	0.1667	2.6169	0.2222		0.2083
3.0486	0.1944	3.0813	0.1944	3.9925	0.1389	3.0307	0.1944	3.4994	0.1111	3.0140	0.2500		0.1806
2.9122	0.1944	3.2376	0.1667	3.9231	0.1111	3.2634	0.1944	3.2301	0.1389	3.4757	0.2222		0.1713
3.0699	0.1944	3.2773	0.1944	4.0030	0.1111	3.5199	0.1944	3.4425	0.1389	3.3684	0.1667		0.1667
fc6_rbf_accuracy:0.2963

fc7_linear
Giang		Hai  		Long 		Minh 		Thuy 		Tuyen		Final accuracy
loss	acc 	loss	acc 	loss	acc 	loss	acc 	loss	acc 	loss	acc 	
4.5028	0.1389	4.2359	0.3333	4.8100	0.1389	4.2518	0.0833	3.8354	0.1667	5.2380	0.0833		0.1574
4.1702	0.0556	3.5695	0.1111	3.8447	0.1667	3.9146	0.1389	4.0451	0.1667	4.8746	0.0833		0.1204
4.6667	0.0833	3.2943	0.1389	3.6491	0.0833	3.6427	0.1944	2.9690	0.2222	4.6825	0.0833		0.1343
3.9745	0.1111	3.0781	0.1111	3.8866	0.0556	3.8585	0.1111	3.8877	0.1667	3.8997	0.0833		0.1065
4.2843	0.0833	3.2703	0.1111	3.9761	0.0833	3.6446	0.0833	3.8605	0.0833	3.9335	0.0833		0.0880
4.2624	0.0833	3.1883	0.1389	4.0922	0.0833	3.5702	0.0833	3.8452	0.0833	4.0959	0.0833		0.0926
4.3843	0.0833	3.2326	0.1111	4.0095	0.0833	3.5727	0.0833	3.6706	0.0833	4.2258	0.0833		0.0880
fc7_linear_accuracy:0.1898

fc7_rbf
Giang		Hai  		Long 		Minh 		Thuy 		Tuyen		Final accuracy
loss	acc 	loss	acc 	loss	acc 	loss	acc 	loss	acc 	loss	acc 	
3.1426	0.1667	3.1016	0.2222	3.0636	0.2778	2.5675	0.2222	2.9405	0.1667	2.7334	0.3611		0.2361
2.9723	0.1667	3.4631	0.1944	3.4567	0.2222	2.6413	0.2778	3.1094	0.1944	3.5545	0.1667		0.2037
3.4673	0.1389	3.2243	0.1944	3.8241	0.1944	3.0956	0.3056	3.1029	0.1111	3.7676	0.1667		0.1852
3.3161	0.1667	3.1282	0.2500	3.5566	0.1667	3.5212	0.2222	3.6725	0.1111	3.6409	0.1111		0.1713
3.6185	0.0833	3.4840	0.1389	3.7061	0.1944	3.3137	0.1944	3.8167	0.1389	3.7832	0.1111		0.1435
3.8381	0.0833	3.2307	0.2222	3.8940	0.1944	3.3520	0.1667	3.8079	0.0833	3.8564	0.1111		0.1435
3.9917	0.1389	3.4356	0.1667	3.7684	0.1667	3.3466	0.1667	3.7567	0.1111	4.1291	0.1389		0.1481
fc7_rbf_accuracy:0.2593

prob
Giang		Hai  		Long 		Minh 		Thuy 		Tuyen		Final accuracy
loss	acc 	loss	acc 	loss	acc 	loss	acc 	loss	acc 	loss	acc 	
2.6136	0.1667	3.0639	0.1111	3.2355	0.1667	2.4265	0.1944	2.4276	0.1944	3.1657	0.1667		0.1667
2.7985	0.1111	3.5470	0.2500	4.2784	0.1944	2.2797	0.2500	2.9265	0.1944	4.9274	0.1667		0.1944
3.3197	0.1667	3.7992	0.1944	5.2122	0.1944	2.6249	0.2778	3.3768	0.2500	5.4570	0.1667		0.2083
2.6785	0.2222	4.9646	0.1667	5.2838	0.1944	3.4133	0.2222	3.5079	0.2500	4.7023	0.1667		0.2037
3.3494	0.1667	4.9817	0.1389	6.5356	0.1667	3.2669	0.2500	4.2075	0.1667	5.3438	0.1667		0.1759
3.5593	0.1944	5.0254	0.1389	6.6119	0.1667	3.1457	0.3056	4.2880	0.1389	5.6635	0.1667		0.1852
3.6180	0.1944	5.0168	0.1111	6.5866	0.1667	3.2999	0.3333	4.4998	0.1667	5.8622	0.1667		0.1898
prob_accuracy:0.2361

