output/result_set_table_22Jan2019_clean_1_aug_3/Kinect_5_test_on_Kinect_5_22-01-2019_05.31.03

fc6_linear
Binh 		Giang		Hung 		Tan  		Thuan		Final accuracy
loss	acc 	loss	acc 	loss	acc 	loss	acc 	loss	acc 	
0.0338	1.0000	0.0530	1.0000	0.1497	0.9600	0.0814	0.9700	0.0700	0.9833		0.9827
0.0322	1.0000	0.0514	1.0000	0.1339	0.9667	0.0778	0.9700	0.0650	0.9833		0.9840
0.0314	1.0000	0.0497	1.0000	0.1427	0.9600	0.0800	0.9700	0.0653	0.9833		0.9827
0.0325	1.0000	0.0501	1.0000	0.1380	0.9600	0.0757	0.9700	0.0634	0.9833		0.9827
0.0329	1.0000	0.0467	1.0000	0.1313	0.9667	0.0780	0.9700	0.0612	0.9833		0.9840
0.0329	1.0000	0.0478	1.0000	0.1331	0.9600	0.0750	0.9700	0.0629	0.9833		0.9827
0.0322	1.0000	0.0471	1.0000	0.1339	0.9600	0.0737	0.9700	0.0626	0.9833		0.9827
fc6_linear_accuracy:0.9840

fc6_rbf
Binh 		Giang		Hung 		Tan  		Thuan		Final accuracy
loss	acc 	loss	acc 	loss	acc 	loss	acc 	loss	acc 	
0.0448	1.0000	0.0492	1.0000	0.1609	0.9467	0.0732	0.9700	0.0547	0.9917		0.9817
0.0341	1.0000	0.0423	1.0000	0.1474	0.9467	0.0670	0.9700	0.0520	0.9917		0.9817
0.0594	0.9926	0.1658	0.9810	0.1490	0.9467	0.0666	0.9700	0.0514	0.9833		0.9747
0.0327	1.0000	0.5803	0.9048	0.1421	0.9467	0.0672	0.9700	0.0528	0.9833		0.9610
0.0318	1.0000	0.4711	0.9143	0.1363	0.9467	0.0651	0.9700	0.0525	0.9833		0.9629
0.0319	1.0000	0.0433	1.0000	0.1342	0.9533	0.0637	0.9700	0.0528	0.9833		0.9813
0.0315	1.0000	0.0435	1.0000	0.1365	0.9533	0.0672	0.9700	0.0542	0.9833		0.9813
fc6_rbf_accuracy:0.9817

fc7_linear
Binh 		Giang		Hung 		Tan  		Thuan		Final accuracy
loss	acc 	loss	acc 	loss	acc 	loss	acc 	loss	acc 	
0.0282	1.0000	0.0416	1.0000	0.1306	0.9800	0.0701	0.9700	0.0711	0.9833		0.9867
0.0275	1.0000	0.0396	1.0000	0.1259	0.9800	0.0719	0.9700	0.0670	0.9833		0.9867
0.0273	1.0000	0.0374	1.0000	0.1235	0.9800	0.0767	0.9700	0.0739	0.9833		0.9867
0.0273	1.0000	0.0370	1.0000	0.1215	0.9867	0.0706	0.9700	0.0709	0.9833		0.9880
0.0272	1.0000	0.0359	1.0000	0.1180	0.9867	0.0719	0.9700	0.0715	0.9833		0.9880
0.0266	1.0000	0.0368	1.0000	0.1174	0.9867	0.0724	0.9700	0.0704	0.9833		0.9880
0.0274	1.0000	0.0370	1.0000	0.1197	0.9867	0.0708	0.9700	0.0701	0.9833		0.9880
fc7_linear_accuracy:0.9880

fc7_rbf
Binh 		Giang		Hung 		Tan  		Thuan		Final accuracy
loss	acc 	loss	acc 	loss	acc 	loss	acc 	loss	acc 	
0.0307	1.0000	0.0393	1.0000	0.1578	0.9467	0.0644	0.9700	0.0636	0.9833		0.9800
0.0289	1.0000	0.0355	1.0000	0.1354	0.9600	0.0626	0.9700	0.0638	0.9833		0.9827
0.0276	1.0000	0.0331	1.0000	0.1353	0.9533	0.0683	0.9700	0.0644	0.9833		0.9813
0.0275	1.0000	0.0336	1.0000	0.1282	0.9600	0.0672	0.9700	0.0649	0.9833		0.9827
0.0267	1.0000	0.0317	1.0000	0.1245	0.9667	0.0674	0.9700	0.0642	0.9833		0.9840
0.0269	1.0000	0.0320	1.0000	0.1241	0.9733	0.0661	0.9700	0.0666	0.9833		0.9853
0.0269	1.0000	0.0327	1.0000	0.1248	0.9667	0.0661	0.9700	0.0636	0.9833		0.9840
fc7_rbf_accuracy:0.9853

prob
Binh 		Giang		Hung 		Tan  		Thuan		Final accuracy
loss	acc 	loss	acc 	loss	acc 	loss	acc 	loss	acc 	
0.0145	1.0000	0.0270	1.0000	0.1196	0.9600	0.0727	0.9700	0.1766	0.9167		0.9693
0.0074	1.0000	0.0104	1.0000	0.0903	0.9733	0.0176	1.0000	0.1826	0.9250		0.9797
0.0044	1.0000	0.0078	1.0000	0.0854	0.9733	0.0294	0.9900	0.1127	0.9583		0.9843
0.0034	1.0000	0.0072	1.0000	0.0635	0.9800	0.0309	0.9800	0.1162	0.9667		0.9853
0.0034	1.0000	0.0044	1.0000	0.0612	0.9800	0.0365	0.9800	0.1558	0.9500		0.9820
0.0032	1.0000	0.0038	1.0000	0.0554	0.9867	0.0364	0.9800	0.1516	0.9500		0.9833
0.0032	1.0000	0.0039	1.0000	0.0541	0.9867	0.0291	0.9800	0.1479	0.9583		0.9850
prob_accuracy:0.9853

