    90      0      0      0      0      0      0      0      0      0      0      0
     0     75      0      0      0      0      0      0      4     11      0      0
     0      0     90      0      0      0      0      0      0      0      0      0
     0      0      0     73      0      0      0      0      0      0     17      0
     0      0      0      0     71      0      0      0      0      0      0     19
     0      0      0      0      0     88      2      0      0      0      0      0
     0      0      0      0      0      0     90      0      0      0      0      0
     0      1      0      0      0      0      0     88      0      1      0      0
     0      2      0      0      0      0      0      0     85      3      0      0
     0      7      0      0      0      0      0      0      3     80      0      0
     0      0      0     10      0      0      0      0      0      0     79      1
     0      0      0      0      9      0      0      0      0      0      0     81
