    90      0      0      0      0      0      0      0      0      0      0      0
     0     59      0      0      0      0      0      0      3     28      0      0
     0      0     90      0      0      0      0      0      0      0      0      0
     0      0      0     43      0      0      0      0      0      0     47      0
     0      0      0      0     59      0      0      0      0      0      9     22
     0      0      0      0      0     85      5      0      0      0      0      0
     0      0      0      0      0      0     90      0      0      0      0      0
     0     24      0      0      0      0      0     42      8     16      0      0
     0      4      0      0      0      0      0      0     71     15      0      0
     0      5      0      0      0      0      0      0      0     85      0      0
     0      0      0      0      0      0      0      0      0      0     90      0
     0      0      0      0     18      0      0      0      0      0      0     72
