     0      0      1     10      4      0      0      0      3      0      0      0
     0      0      0      2      0      0      0      0      8      8      0      0
     0      0     18      0      0      0      0      0      0      0      0      0
     0      0      0     18      0      0      0      0      0      0      0      0
     0      0      5      4      9      0      0      0      0      0      0      0
     0      0     11      5      2      0      0      0      0      0      0      0
     0      0     16      2      0      0      0      0      0      0      0      0
     0      0      0      5      0      0      0     13      0      0      0      0
     0      0      0      0      0      0      0      0     18      0      0      0
     0      0      0      0      0      0      0      0      3     15      0      0
     0      0      0     18      0      0      0      0      0      0      0      0
     0      0      7      4      7      0      0      0      0      0      0      0
