    18      0      0      0      0      0      0      0      0      0      0      0
     0      5      0      0      0      0      0      0      0     13      0      0
     0      0     18      0      0      0      0      0      0      0      0      0
     0      0      0     15      1      0      0      0      0      0      2      0
     0      0      0      0     18      0      0      0      0      0      0      0
     0      0      0      0      0      3     15      0      0      0      0      0
     0      0      0      0      0      0     18      0      0      0      0      0
     0      3      0      0      0      0      0      4      3      8      0      0
     0      0      0      0      0      0      0      0      9      9      0      0
     0      0      0      0      0      0      0      0      0     18      0      0
     0      0      0      3      2      0      0      0      0      0     13      0
     0      0      0      0     15      0      0      0      0      0      0      3
