    18      0      0      0      0      0      0      0      0      0      0      0
     0      1      0      0      0      0      0      0      0     17      0      0
     0      0     18      0      0      0      0      0      0      0      0      0
     0      0      0     10      0      0      1      0      0      0      7      0
     0      0      0      0     18      0      0      0      0      0      0      0
     0      0      0      0      0     18      0      0      0      0      0      0
     0      0      0      0      0      5     13      0      0      0      0      0
     0      0      0      0      0      0      0      9      3      6      0      0
     0      0      0      0      0      0      0      0     18      0      0      0
     0      0      0      0      0      0      0      0      1     17      0      0
     0      0      0      1      0      0      1      0      0      0     16      0
     0      0      0      0     17      1      0      0      0      0      0      0
