    12      0      0      0      1      0      0      0      0      0      0      5
     0      2      0      0      0      0      0      3      0     13      0      0
     0      0     10      0      0      0      3      0      0      0      0      5
     0      0      0      4      0      0      5      0      0      0      2      7
     0      0      0      0      1      0      1      0      0      0      0     16
     0      0      0      0      0      3     15      0      0      0      0      0
     0      0      0      0      0      0     18      0      0      0      0      0
     0      9      0      0      0      0      0      3      0      6      0      0
     0      4      0      0      0      0      1      2     10      1      0      0
     0      1      0      0      0      0      0      1      0     16      0      0
     0      0      0      3      0      0      4      0      0      0      2      9
     0      0      0      0      0      0      0      0      0      0      0     18
