output/result/K2_K3_2019-02-21_04.13

fc6_linear
Giang		Hai  		Long 		Minh 		Thuy 		Tuyen		Final accuracy
loss	acc 	loss	acc 	loss	acc 	loss	acc 	loss	acc 	loss	acc 	
6.1965	0.1111	4.4669	0.3056	3.9459	0.2500	3.5336	0.2778	3.7126	0.3611	3.4799	0.1944		0.2500
4.3878	0.2778	3.6162	0.2222	2.9932	0.1389	2.9287	0.2778	3.8781	0.3611	3.6185	0.1944		0.2454
3.7406	0.1389	2.5602	0.3056	3.5410	0.3056	3.0155	0.3333	2.3127	0.3056	4.4881	0.1389		0.2546
3.7385	0.1667	3.0163	0.3889	3.4090	0.3056	2.8123	0.1667	2.6600	0.4167	3.1816	0.3056		0.2917
3.4112	0.1944	2.5476	0.3333	5.4291	0.2778	2.1451	0.4167	2.5907	0.3056	3.6876	0.1389		0.2778
3.8646	0.2222	2.3164	0.4722	3.2016	0.4167	2.4569	0.2500	2.7309	0.5000	3.0943	0.3056		0.3611
3.7642	0.1389	2.4151	0.4444	3.4681	0.4167	2.7256	0.3056	2.5771	0.3333	3.1240	0.3056		0.3241
fc6_linear_accuracy:0.3981

fc6_rbf
Giang		Hai  		Long 		Minh 		Thuy 		Tuyen		Final accuracy
loss	acc 	loss	acc 	loss	acc 	loss	acc 	loss	acc 	loss	acc 	
3.9044	0.1111	3.5719	0.2222	3.3084	0.3333	3.1481	0.1944	2.7672	0.3333	3.7318	0.0833		0.2130
2.9012	0.3611	2.2779	0.5000	2.0532	0.4167	3.1298	0.3056	2.8589	0.2778	2.5633	0.3056		0.3611
2.9029	0.1944	3.3354	0.3056	2.3543	0.3889	2.5689	0.3889	2.2420	0.4444	2.4188	0.3611		0.3472
2.1801	0.2778	2.7955	0.4167	2.4723	0.3611	2.2230	0.3056	2.2091	0.4444	2.3902	0.2222		0.3380
2.6411	0.2222	2.1276	0.4722	2.4630	0.3333	2.3372	0.4167	2.1505	0.4444	2.7746	0.1667		0.3426
2.4111	0.3056	1.9693	0.5833	2.2846	0.3889	2.5695	0.4444	2.1890	0.5278	2.2702	0.3333		0.4306
2.5537	0.2778	1.9239	0.5833	2.2188	0.4444	2.9459	0.3611	2.3006	0.4167	2.3036	0.2778		0.3935
fc6_rbf_accuracy:0.4537

fc7_linear
Giang		Hai  		Long 		Minh 		Thuy 		Tuyen		Final accuracy
loss	acc 	loss	acc 	loss	acc 	loss	acc 	loss	acc 	loss	acc 	
4.2086	0.1667	3.6080	0.1667	4.2247	0.1389	3.1359	0.1667	3.7714	0.2500	3.5517	0.3333		0.2037
3.7869	0.1667	2.3571	0.3611	3.1844	0.2500	2.3661	0.1667	3.1271	0.3889	2.8846	0.2778		0.2685
3.2817	0.1944	2.3478	0.4167	3.9388	0.2778	2.3691	0.3056	2.4107	0.3611	2.8731	0.3056		0.3102
3.0993	0.2222	3.0670	0.5000	3.4569	0.2222	2.8566	0.3056	2.6857	0.4722	2.6972	0.2222		0.3241
3.2478	0.1389	2.7057	0.5278	3.7354	0.3333	3.0541	0.4167	2.6187	0.3333	2.5481	0.3333		0.3472
2.9008	0.1667	2.8842	0.5278	3.5837	0.2500	3.0506	0.3611	2.6953	0.3333	2.7698	0.2778		0.3194
3.2701	0.1389	2.8022	0.5556	3.7173	0.3056	2.7329	0.4444	2.8122	0.3611	2.6592	0.2500		0.3426
fc7_linear_accuracy:0.3935

fc7_rbf
Giang		Hai  		Long 		Minh 		Thuy 		Tuyen		Final accuracy
loss	acc 	loss	acc 	loss	acc 	loss	acc 	loss	acc 	loss	acc 	
2.7504	0.3333	2.8881	0.3611	2.7492	0.3889	2.7233	0.3056	2.7781	0.3333	2.4581	0.2500		0.3287
2.2375	0.2222	1.7539	0.5000	2.3697	0.5000	1.9714	0.3611	2.4757	0.4722	2.2953	0.3889		0.4074
2.3855	0.3333	1.9459	0.5000	2.3535	0.4444	2.0549	0.4167	2.2236	0.4444	2.4346	0.3056		0.4074
2.0989	0.3889	2.0662	0.5833	2.1542	0.4167	2.1240	0.4167	2.1010	0.4722	2.9268	0.2222		0.4167
2.4842	0.3056	1.8753	0.5833	2.5396	0.4444	2.4549	0.3611	2.1645	0.4444	2.4531	0.3611		0.4167
2.6588	0.3333	1.8820	0.5833	2.2994	0.3889	2.5717	0.3889	2.2773	0.4444	2.5887	0.3611		0.4167
2.5599	0.3056	1.8705	0.5556	2.3576	0.4444	2.3971	0.4444	2.0295	0.4722	2.5857	0.3889		0.4352
fc7_rbf_accuracy:0.4630

prob
Giang		Hai  		Long 		Minh 		Thuy 		Tuyen		Final accuracy
loss	acc 	loss	acc 	loss	acc 	loss	acc 	loss	acc 	loss	acc 	
1.9306	0.3611	2.0304	0.4167	1.9243	0.3889	2.1079	0.2222	1.6349	0.4722	1.8349	0.4167		0.3796
2.1025	0.3056	1.9456	0.3889	2.2878	0.3889	2.0552	0.3611	1.8836	0.4444	2.3019	0.3333		0.3704
1.7233	0.4167	1.6842	0.5278	2.3229	0.3333	2.2109	0.3333	2.3371	0.3889	2.2949	0.3611		0.3935
1.7295	0.4167	1.7450	0.4722	2.5207	0.4722	2.4835	0.3611	2.0739	0.3889	3.7271	0.2222		0.3889
2.3038	0.2500	1.6434	0.5556	2.5737	0.4444	2.3791	0.3611	2.3968	0.3611	2.9047	0.3333		0.3843
2.6221	0.2778	1.7170	0.5000	2.9928	0.3889	2.3524	0.3611	2.3417	0.4722	2.5274	0.4167		0.4028
2.6224	0.2778	1.7688	0.5278	2.8427	0.3889	2.3285	0.3889	2.2871	0.4722	2.6247	0.4167		0.4120
prob_accuracy:0.4537

