    15      0      0      0      3      0      0      0      0      0      0      0
     0      0      0      0      0      0      0      3      0     15      0      0
     0      0      5      0      1      0      8      0      0      0      0      4
     0      0      0      4      0      0      5      0      0      0      5      4
     0      0      0      0     12      0      0      0      0      0      0      6
     0      0      0      0      0      5     13      0      0      0      0      0
     0      0      0      0      0      0     18      0      0      0      0      0
     0      0      0      0      0      0      0      6      0     12      0      0
     0      0      0      0      0      0      0      1      6     10      1      0
     0      0      0      0      0      0      0      2      0     16      0      0
     0      0      0      2      0      0      5      1      0      0      6      4
     0      0      0      0     11      0      0      0      0      0      0      7
