    18      0      0      0      0      0      0      0      0      0      0      0
     0      9      0      0      0      0      0      3      0      6      0      0
     0      0     18      0      0      0      0      0      0      0      0      0
     0      0      0     15      3      0      0      0      0      0      0      0
     0      0      0      0     18      0      0      0      0      0      0      0
     0      0      0      0      0     18      0      0      0      0      0      0
     0      0      0      0      0      2     16      0      0      0      0      0
     0      0      0      0      0      0      0     16      2      0      0      0
     0      1      0      0      0      0      0      0     17      0      0      0
     0      1      0      0      0      0      0      0      0     17      0      0
     1      0      0      4      4      0      0      0      0      0      9      0
     0      0      0      0     18      0      0      0      0      0      0      0
