     0      0      0      0     16      0      0      0      0      0      0      2
     0     17      0      0      0      0      0      0      1      0      0      0
     0      0     13      0      5      0      0      0      0      0      0      0
     0      0      1     15      1      0      0      0      1      0      0      0
     0      0      0      3     15      0      0      0      0      0      0      0
     0      0      3      3     11      0      0      0      1      0      0      0
     0      0      3      5     10      0      0      0      0      0      0      0
     0     18      0      0      0      0      0      0      0      0      0      0
     0     13      0      0      0      0      0      0      5      0      0      0
     0     18      0      0      0      0      0      0      0      0      0      0
     0      1      0     10      4      0      0      0      3      0      0      0
     0      0      0      1     17      0      0      0      0      0      0      0
