output/result_backup/table_05Feb2019_original_pre_3_12gestures/K5_K5_2019-02-07_19.36

fc6_linear
Giang		Hai  		Long 		Minh 		Thuan		Thuy 		Tuyen		Final accuracy
loss	acc 	loss	acc 	loss	acc 	loss	acc 	loss	acc 	loss	acc 	loss	acc 	
0.5871	0.7778	0.7635	0.7778	0.6696	0.8889	0.9076	0.7500	2.4443	0.5000	0.6747	0.8333	0.3967	0.8056		0.7619
0.6855	0.8056	0.6929	0.8611	0.4329	0.8333	0.9702	0.7778	2.3219	0.5556	0.6021	0.8611	0.3915	0.8611		0.7937
0.6394	0.8333	0.5104	0.8611	0.3850	0.8611	0.8897	0.7778	2.2296	0.4444	0.6627	0.8611	0.3017	0.8889		0.7897
0.6520	0.8611	0.4428	0.8889	0.3391	0.8611	1.0752	0.7778	2.1986	0.4167	0.6331	0.8611	0.3113	0.9167		0.7976
0.5626	0.8611	0.5081	0.8889	0.3299	0.8611	0.8247	0.7778	2.0285	0.5833	0.7045	0.8611	0.3034	0.8889		0.8175
0.5243	0.8611	0.5089	0.8889	0.3469	0.8889	0.8779	0.7778	2.1552	0.5278	0.7399	0.8333	0.2845	0.8889		0.8095
fc6_linear_accuracy:0.8254

fc6_rbf
Giang		Hai  		Long 		Minh 		Thuan		Thuy 		Tuyen		Final accuracy
loss	acc 	loss	acc 	loss	acc 	loss	acc 	loss	acc 	loss	acc 	loss	acc 	
0.7025	0.7778	0.6950	0.7778	0.6459	0.8333	0.7784	0.7500	1.7038	0.5000	0.6265	0.8333	0.4688	0.8333		0.7579
0.5655	0.8333	0.5400	0.7778	0.5180	0.7500	0.7174	0.7500	2.4299	0.4167	0.6616	0.8611	0.4245	0.8889		0.7540
0.4720	0.8889	0.4965	0.8611	0.4748	0.8056	0.7419	0.7778	1.9427	0.5833	0.6881	0.8056	0.3701	0.8611		0.7976
0.5729	0.8056	0.4264	0.8889	0.4580	0.8611	0.8519	0.7500	1.9680	0.5833	0.6787	0.8333	0.3825	0.8611		0.7976
0.4984	0.8333	0.4070	0.8889	0.4829	0.8056	0.6670	0.8056	2.0848	0.5556	0.7744	0.7778	0.3638	0.8333		0.7857
0.5308	0.8333	0.4270	0.8611	0.4545	0.8333	0.7665	0.7500	2.0421	0.5556	0.6351	0.8611	0.3492	0.8889		0.7976
fc6_rbf_accuracy:0.8254

fc7_linear
Giang		Hai  		Long 		Minh 		Thuan		Thuy 		Tuyen		Final accuracy
loss	acc 	loss	acc 	loss	acc 	loss	acc 	loss	acc 	loss	acc 	loss	acc 	
0.5810	0.8333	0.8494	0.8611	0.5292	0.8611	0.8378	0.7500	2.6583	0.4167	0.7184	0.8056	0.3186	0.8611		0.7698
0.5753	0.8333	0.7078	0.8889	0.3849	0.8889	0.9456	0.8333	2.2145	0.5000	0.7181	0.8889	0.2880	0.8889		0.8175
0.5961	0.8333	0.5231	0.8889	0.3594	0.8611	0.9142	0.7778	2.1641	0.5000	0.7777	0.8333	0.2807	0.9444		0.8056
0.6899	0.8333	0.5286	0.8889	0.3360	0.8889	1.1078	0.7778	2.0548	0.5556	0.7397	0.8333	0.2548	0.9444		0.8175
0.6223	0.8611	0.5288	0.8889	0.3233	0.9167	0.9410	0.7778	1.9557	0.5278	0.7816	0.8056	0.2574	0.9722		0.8214
0.5808	0.8611	0.5287	0.8611	0.3222	0.8889	1.0319	0.7500	2.0214	0.5278	0.8003	0.8056	0.2411	0.9444		0.8056
fc7_linear_accuracy:0.8452

fc7_rbf
Giang		Hai  		Long 		Minh 		Thuan		Thuy 		Tuyen		Final accuracy
loss	acc 	loss	acc 	loss	acc 	loss	acc 	loss	acc 	loss	acc 	loss	acc 	
0.7320	0.7222	0.6414	0.7778	0.5472	0.8611	0.6723	0.7778	1.9112	0.5000	0.6683	0.8889	0.4807	0.8333		0.7659
0.5360	0.8333	0.5184	0.8333	0.5138	0.7500	0.6870	0.7500	1.9520	0.5556	0.6838	0.8611	0.4230	0.8889		0.7817
0.4919	0.8889	0.4807	0.8889	0.4722	0.8333	0.7055	0.7778	2.1273	0.5556	0.6430	0.8056	0.3665	0.8056		0.7937
0.5257	0.8056	0.3989	0.8889	0.4302	0.8333	0.7824	0.7500	2.0220	0.5556	0.6795	0.8056	0.3601	0.7778		0.7738
0.5011	0.8333	0.4345	0.8611	0.4110	0.8611	0.7391	0.7778	2.0896	0.5556	0.6145	0.8333	0.3519	0.8056		0.7897
0.5136	0.8333	0.4244	0.8889	0.4249	0.8611	0.7538	0.7778	2.1089	0.5556	0.5934	0.8333	0.3340	0.8333		0.7976
fc7_rbf_accuracy:0.8214

prob
Giang		Hai  		Long 		Minh 		Thuan		Thuy 		Tuyen		Final accuracy
loss	acc 	loss	acc 	loss	acc 	loss	acc 	loss	acc 	loss	acc 	loss	acc 	
0.8725	0.6111	1.1395	0.5000	0.8462	0.6667	0.7101	0.7500	2.9384	0.3611	0.7689	0.6667	0.9712	0.6111		0.5952
0.5143	0.7222	0.4457	0.8611	0.4461	0.8056	0.4047	0.8333	3.4196	0.5000	0.7340	0.7500	0.5591	0.7778		0.7500
0.3514	0.7778	0.5702	0.7500	0.4332	0.7778	0.5138	0.7500	3.7307	0.5556	0.4575	0.8889	0.4133	0.8056		0.7579
0.4583	0.7500	0.3293	0.8056	0.2960	0.8333	0.5857	0.7500	4.1016	0.4167	0.5236	0.8056	0.4427	0.8333		0.7421
0.3292	0.8611	0.2659	0.8611	0.3509	0.8333	0.5036	0.8056	4.1316	0.4722	0.7997	0.8056	0.7932	0.7778		0.7738
0.3712	0.8333	0.3423	0.8889	0.3847	0.8333	0.6801	0.7500	4.0562	0.5556	0.5862	0.8611	0.3426	0.8611		0.7976
prob_accuracy:0.8175

