output/result_backup/table_22Jan2019_segmented/K3_K5_22-01-2019_01.17.23

fc6_linear
Binh 		Giang		Hung 		Tan  		Thuan		Final accuracy
loss	acc 	loss	acc 	loss	acc 	loss	acc 	loss	acc 	
0.3121	0.9062	1.0439	0.5238	0.2627	0.9000	0.3625	0.8636	0.2993	0.9167		0.8221
0.3184	0.9062	0.9378	0.5238	0.2553	0.9333	0.3322	0.8636	0.3170	0.9167		0.8287
0.2870	0.9062	0.9358	0.5238	0.2540	0.9667	0.3166	0.8636	0.3301	0.9167		0.8354
0.3050	0.8750	0.9172	0.5238	0.2593	0.9667	0.3226	0.8636	0.3191	0.9167		0.8292
0.2995	0.8750	0.9255	0.5238	0.2543	0.9667	0.3682	0.8636	0.3193	0.9167		0.8292
fc6_linear_accuracy:0.8354

fc6_rbf
Binh 		Giang		Hung 		Tan  		Thuan		Final accuracy
loss	acc 	loss	acc 	loss	acc 	loss	acc 	loss	acc 	
0.4739	0.7500	0.9792	0.4762	0.3641	0.9000	0.4315	0.8182	0.3072	0.9583		0.7805
0.3709	0.7812	0.9190	0.4762	0.3430	0.9000	0.4653	0.8182	0.3171	0.9167		0.7785
0.3511	0.8750	0.9616	0.4762	0.3417	0.9333	0.4097	0.8182	0.3072	0.9167		0.8039
0.3710	0.8438	0.9256	0.5238	0.3315	0.9333	0.4765	0.8182	0.3499	0.8750		0.7988
0.4712	0.8125	0.9113	0.5714	0.3415	0.9333	0.4077	0.8182	0.3529	0.8750		0.8021
fc6_rbf_accuracy:0.8313

fc7_linear
Binh 		Giang		Hung 		Tan  		Thuan		Final accuracy
loss	acc 	loss	acc 	loss	acc 	loss	acc 	loss	acc 	
0.3817	0.8750	1.0913	0.5238	0.2811	0.8667	0.4540	0.8182	0.2512	0.9583		0.8084
0.3686	0.8750	1.0360	0.5238	0.2841	0.9333	0.4097	0.8636	0.2613	0.9167		0.8225
0.3631	0.8750	1.0234	0.4762	0.2558	0.9333	0.4204	0.8636	0.2311	1.0000		0.8296
0.3484	0.8750	0.9868	0.4762	0.2613	0.9333	0.4140	0.8636	0.2748	1.0000		0.8296
0.3502	0.8750	0.9725	0.4762	0.2541	0.9333	0.4119	0.8636	0.2800	0.9583		0.8213
fc7_linear_accuracy:0.8392

fc7_rbf
Binh 		Giang		Hung 		Tan  		Thuan		Final accuracy
loss	acc 	loss	acc 	loss	acc 	loss	acc 	loss	acc 	
0.4365	0.7188	1.1986	0.4286	0.3711	0.9000	0.5908	0.7273	0.2922	1.0000		0.7549
0.3737	0.8125	1.1661	0.4286	0.3771	0.9000	0.5110	0.8182	0.3263	0.9167		0.7752
0.3394	0.8750	1.0569	0.5238	0.3385	0.9333	0.5339	0.7727	0.3260	0.9167		0.8043
0.3571	0.8125	0.9978	0.5238	0.3508	0.9333	0.4729	0.8182	0.3081	0.9583		0.8092
0.3534	0.8125	1.0587	0.5238	0.3527	0.9333	0.5178	0.7727	0.3113	0.9583		0.8001
fc7_rbf_accuracy:0.8301

prob
Binh 		Giang		Hung 		Tan  		Thuan		Final accuracy
loss	acc 	loss	acc 	loss	acc 	loss	acc 	loss	acc 	
0.7717	0.6250	1.5579	0.5714	0.3158	0.8667	0.8135	0.8182	0.2768	0.9583		0.7679
0.5037	0.7812	1.6377	0.5714	0.5793	0.7667	0.5611	0.8182	0.1503	1.0000		0.7875
0.6227	0.7812	1.7244	0.5714	0.2192	0.9000	0.6861	0.8182	0.1381	1.0000		0.8142
0.6266	0.7500	1.8336	0.5714	0.2583	0.9000	0.4955	0.9091	0.1056	1.0000		0.8261
0.6381	0.7812	1.8189	0.5714	0.2068	0.9000	0.6333	0.8182	0.1045	1.0000		0.8142
prob_accuracy:0.8324

