    90      0      0      0      0      0      0      0      0      0      0      0
     0     76      0      0      0      0      0      1      3     10      0      0
     0      0     90      0      0      0      0      0      0      0      0      0
     0      0      0     77      0      0      0      0      0      0     13      0
     0      0      0      1     83      0      0      0      0      0      0      6
     0      0      0      0      0     89      1      0      0      0      0      0
     0      0      0      0      0      0     90      0      0      0      0      0
     0      1      0      0      0      0      0     87      0      2      0      0
     0      3      0      0      0      0      0      2     80      5      0      0
     0      5      0      0      0      0      0      0      3     82      0      0
     0      0      0     18      0      0      0      0      0      0     70      2
     0      0      0      0      8      0      0      0      0      0      0     82
