    90      0      0      0      0      0      0      0      0      0      0      0
     0     66      0      0      0      0      0      3      5     16      0      0
     0      0     90      0      0      0      0      0      0      0      0      0
     0      0      0     66      0      0      0      0      0      0     24      0
     0      0      0      1     72      0      0      0      0      0      0     17
     0      0      0      0      0     87      3      0      0      0      0      0
     0      0      0      0      0      0     90      0      0      0      0      0
     0      2      0      0      0      0      0     82      0      6      0      0
     0      6      0      0      0      0      0      5     76      3      0      0
     0      6      0      0      0      0      0      2      4     78      0      0
     0      0      0     17      0      0      0      0      0      0     70      3
     0      0      0      0     20      0      0      0      0      0      0     70
