    90      0      0      0      0      0      0      0      0      0      0      0
     0     12      0      0      0      0      0      1     10     62      0      5
     0      0     90      0      0      0      0      0      0      0      0      0
     0      0      0     59      0      0      0      0      0      0     30      1
     1      0      0      0     20      1      2      0      0      0      1     65
     0      0      0      0      0     85      5      0      0      0      0      0
     0      0      0      0      0      0     90      0      0      0      0      0
     0      3      0      0      0      3      0      8     33     43      0      0
     0      0      0      0      0      0      0      0     64     26      0      0
     0      0      0      0      0      0      0      0      0     90      0      0
     0      0      0     12      0      1      1      0      0      0     68      8
     0      0      0      0      1      1      0      0      0      0      0     88
