     0      2      7      5      2      0      0      0      2      0      0      0
     0     18      0      0      0      0      0      0      0      0      0      0
     0      0     16      2      0      0      0      0      0      0      0      0
     0      0      2     16      0      0      0      0      0      0      0      0
     0      0      3      0     15      0      0      0      0      0      0      0
     0      0      5      0      3     10      0      0      0      0      0      0
     0      0      8      1      9      0      0      0      0      0      0      0
     0     18      0      0      0      0      0      0      0      0      0      0
     0     13      0      0      0      0      0      0      5      0      0      0
     0     18      0      0      0      0      0      0      0      0      0      0
     0      0      0     17      1      0      0      0      0      0      0      0
     0      0      3      0     14      0      0      0      0      0      0      1
