    90      0      0      0      0      0      0      0      0      0      0      0
     0     86      0      0      0      0      0      0      1      3      0      0
     0      0     90      0      0      0      0      0      0      0      0      0
     0      0      0     79      0      0      0      0      0      0     11      0
     0      0      0      0     69      0      0      0      0      0      0     21
     0      0      0      0      0     90      0      0      0      0      0      0
     0      0      0      0      0      0     90      0      0      0      0      0
     0      1      0      0      0      0      0     89      0      0      0      0
     0      0      0      0      0      0      0      0     89      1      0      0
     0      2      0      0      0      0      0      0      3     85      0      0
     0      0      0      2      0      0      0      0      0      0     86      2
     0      0      0      0      5      0      0      0      0      0      0     85
