    90      0      0      0      0      0      0      0      0      0      0      0
     0     86      0      0      0      0      0      0      0      4      0      0
     0      0     90      0      0      0      0      0      0      0      0      0
     0      0      0     83      0      0      0      0      0      0      7      0
     0      0      0      0     71      0      0      0      0      0      0     19
     0      0      0      0      0     90      0      0      0      0      0      0
     0      0      0      0      0      0     90      0      0      0      0      0
     0      1      0      0      0      0      0     89      0      0      0      0
     0      0      0      0      0      0      0      0     89      1      0      0
     0      2      0      0      0      0      0      0      3     85      0      0
     0      0      0      3      0      0      0      0      0      0     85      2
     0      0      0      0     14      0      0      0      0      0      0     76
