    90      0      0      0      0      0      0      0      0      0      0      0
     0     71      0      0      0      0      0      0     12      7      0      0
     0      0     90      0      0      0      0      0      0      0      0      0
     0      0      0     78      0      0      0      0      0      0     12      0
     0      0      0      0     67      0      0      0      0      0      0     23
     0      0      0      0      0     90      0      0      0      0      0      0
     0      0      0      0      0      0     90      0      0      0      0      0
     0      1      0      0      0      0      0     89      0      0      0      0
     0      0      0      0      0      0      0      0     89      1      0      0
     0      0      0      0      0      0      0      0      4     86      0      0
     0      0      0      1      0      0      0      0      0      0     88      1
     0      0      0      0     12      0      0      0      0      0      0     78
