    18      0      0      0      0      0      0      0      0      0      0      0
     1     13      0      0      0      0      0      0      0      4      0      0
     0      0     18      0      0      0      0      0      0      0      0      0
     0      0      0     14      0      0      0      0      0      0      1      3
     0      0      0      1      3      0      0      0      0      0      1     13
     0      0      0      0      0     17      1      0      0      0      0      0
     0      0      0      0      0      1     17      0      0      0      0      0
     0      5      0      0      0      0      0      9      2      2      0      0
     0      1      0      0      0      0      0      0     17      0      0      0
     0      4      0      0      0      0      0      0      1     13      0      0
     0      0      0      0      0      0      0      0      0      0     15      3
     0      0      0      0      0      0      0      0      0      0      0     18
