    18      0      0      0      0      0      0      0      0      0      0      0
     0      8      0      0      0      0      0      0      0      9      1      0
     0      0     18      0      0      0      0      0      0      0      0      0
     0      0      0     15      3      0      0      0      0      0      0      0
     0      0      0      0     16      0      0      0      0      0      0      2
     0      0      0      0      0      9      9      0      0      0      0      0
     0      0      0      0      0      0     18      0      0      0      0      0
     0      0      0      0      0      0      2      8      0      8      0      0
     0      0      0      0      0      0      0      0      6     12      0      0
     0      0      0      0      0      0      0      0      0     18      0      0
     0      0      0      0      1      0      0      0      0      0     16      1
     0      0      0      0      0      0      0      0      0      0      0     18
