    18      0      0      0      0      0      0      0      0      0      0      0
     0      8      0      0      1      0      0      1      0      8      0      0
     0      0     18      0      0      0      0      0      0      0      0      0
     0      0      0     15      1      0      0      0      0      0      2      0
     0      0      0      0     18      0      0      0      0      0      0      0
     0      0      0      0      0     17      1      0      0      0      0      0
     0      0      0      0      0      0     18      0      0      0      0      0
     0      0      0      0      0      0      0     12      0      6      0      0
     0      0      0      0      0      0      0      2      4     12      0      0
     0      0      0      0      0      0      0      0      0     18      0      0
     0      0      0      0      1      0      0      0      0      0     17      0
     0      0      0      0      4      0      0      0      0      0      0     14
