    18      0      0      0      0      0      0      0      0      0      0      0
     0      5      0      0      0      0      0      1      0     12      0      0
     0      0     18      0      0      0      0      0      0      0      0      0
     0      0      0     18      0      0      0      0      0      0      0      0
     0      0      0      0     18      0      0      0      0      0      0      0
     0      0      0      0      0     18      0      0      0      0      0      0
     0      0      0      1      0      1     16      0      0      0      0      0
     0      0      0      0      0      0      0     17      0      1      0      0
     0      0      0      0      0      0      0      0     18      0      0      0
     0      1      0      0      0      0      0      1      0     16      0      0
     0      0      0     18      0      0      0      0      0      0      0      0
     0      0      0      0     18      0      0      0      0      0      0      0
