    45      0      0      0      0      0      0      0      0      0      0      0
     0     42      1      0      0      0      0      1      0      1      0      0
     0      2     43      0      0      0      0      0      0      0      0      0
     1      2      0     39      0      0      0      0      0      1      2      0
     0      0      0      0     42      0      0      0      0      0      0      3
     1      1      0      0      0     40      3      0      0      0      0      0
     0      0      0      0      0      0     45      0      0      0      0      0
     0      1      0      0      0      0      0     42      2      0      0      0
     0      0      0      0      0      0      0      0     45      0      0      0
     0      1      0      0      0      0      0      0      0     44      0      0
     0      0      0      6      0      0      0      0      0      0     39      0
     0      0      0      0      0      0      0      0      0      0      0     45
