    44      0      0      1      0      0      0      0      0      0      0      0
     0     42      3      0      0      0      0      0      0      0      0      0
     0      3     41      0      0      0      0      1      0      0      0      0
     1      2      1     40      0      0      0      0      0      0      0      1
     5      0      0      0      0      0      0      0      0      0      0     40
     0      2      0      0      0     43      0      0      0      0      0      0
     0      0      0      0      0     25     20      0      0      0      0      0
     0     13      0      0      0      0      0     27      5      0      0      0
     0      0      0      0      0      0      0      0     42      2      0      1
     0     27      0      0      0      0      0      0      0     18      0      0
     3      0      0     35      0      0      0      0      0      0      7      0
     0      0      0      0      0      0      0      0      0      0      0     45
