    18      0      0      0      0      0      0      0      0      0      0      0
     0      2      0      0      1      0      0      0      0     15      0      0
     0      0     18      0      0      0      0      0      0      0      0      0
     0      0      0      4     14      0      0      0      0      0      0      0
     0      0      0      0     18      0      0      0      0      0      0      0
     0      0      0      0      0     18      0      0      0      0      0      0
     0      0      0      0      1      2     15      0      0      0      0      0
     0      0      0      0      0      0      0     10      1      7      0      0
     0      0      0      0      0      0      0      1      6     11      0      0
     0      0      0      0      0      0      0      0      0     18      0      0
     0      0      0      4     14      0      0      0      0      0      0      0
     0      0      0      0     15      0      0      0      0      0      0      3
