output/result_backup/table_2019_02_27_original_pre_3_12gestures_6_subjects_fc6_1024_fc7_1024/K1_K1_2019-02-19_22.45

fc6_linear
Giang		Hai  		Long 		Minh 		Thuy 		Tuyen		Final accuracy
loss	acc 	loss	acc 	loss	acc 	loss	acc 	loss	acc 	loss	acc 	
2.2697	0.3889	1.4821	0.5278	1.3519	0.5000	1.9379	0.3611	1.7182	0.6389	1.3861	0.6111		0.5046
1.5465	0.4722	1.2554	0.5278	1.1962	0.4722	1.9322	0.4444	1.3567	0.6667	1.8827	0.4722		0.5093
1.3236	0.6389	1.1558	0.6667	1.4555	0.5000	2.4773	0.5278	1.1412	0.7222	1.3820	0.6111		0.6111
1.0128	0.6389	1.0346	0.6389	1.1180	0.5278	1.5979	0.4722	1.0070	0.7500	1.2825	0.6111		0.6065
2.0960	0.3056	1.0776	0.7222	1.3465	0.5556	1.4586	0.6111	1.2110	0.6111	1.3495	0.6111		0.5694
0.9499	0.7500	1.0395	0.6667	1.4429	0.5278	1.6572	0.5556	1.1825	0.6111	1.2466	0.6389		0.6250
1.0918	0.7222	1.0460	0.7222	1.4465	0.5278	1.6443	0.6111	1.1349	0.6111	1.2397	0.6111		0.6343
fc6_linear_accuracy:0.6713

fc6_rbf
Giang		Hai  		Long 		Minh 		Thuy 		Tuyen		Final accuracy
loss	acc 	loss	acc 	loss	acc 	loss	acc 	loss	acc 	loss	acc 	
1.6085	0.4167	1.2791	0.5278	1.3003	0.5278	1.6417	0.4444	1.6448	0.6111	1.2538	0.5833		0.5185
1.5909	0.5278	2.0859	0.5000	1.1386	0.5000	1.5227	0.5000	1.2468	0.6944	1.4042	0.5278		0.5417
0.9153	0.6389	1.0667	0.6944	1.2324	0.4722	2.1644	0.4444	1.1824	0.6667	1.3188	0.5833		0.5833
0.7326	0.7778	1.0921	0.6667	1.1952	0.6111	2.0734	0.4444	1.1611	0.6944	1.2552	0.6111		0.6343
2.8442	0.3611	1.0957	0.5833	1.1290	0.5278	1.4153	0.5833	1.1552	0.6667	1.1735	0.6111		0.5556
0.8216	0.8056	1.0569	0.6111	1.0381	0.6389	1.4677	0.5556	0.9886	0.6944	1.1509	0.6667		0.6620
0.8015	0.7500	1.0375	0.6389	1.1005	0.5556	1.5865	0.5278	1.0374	0.6667	1.2205	0.6111		0.6250
fc6_rbf_accuracy:0.6806

fc7_linear
Giang		Hai  		Long 		Minh 		Thuy 		Tuyen		Final accuracy
loss	acc 	loss	acc 	loss	acc 	loss	acc 	loss	acc 	loss	acc 	
1.8586	0.4444	1.2711	0.6111	1.6015	0.3333	1.9705	0.3611	1.5201	0.6667	1.4421	0.5833		0.5000
1.3578	0.5278	1.3611	0.6389	1.3549	0.4722	1.6864	0.3611	1.3326	0.6667	1.3910	0.5278		0.5324
1.0189	0.6389	1.2773	0.6111	1.1204	0.5556	1.6562	0.3889	1.2551	0.6944	1.4289	0.5278		0.5694
0.9427	0.6944	1.1100	0.6111	1.3877	0.4722	1.6573	0.4722	1.1597	0.6389	1.4716	0.5278		0.5694
1.1859	0.6111	1.1213	0.7778	1.5233	0.4722	1.7172	0.5278	1.1969	0.6389	1.1572	0.5833		0.6019
1.2364	0.5833	1.0490	0.6944	1.5296	0.5000	1.7462	0.5556	1.1103	0.5833	1.1980	0.6111		0.5880
1.2927	0.5833	1.0169	0.7778	1.5453	0.4722	1.7231	0.5833	1.1632	0.6111	1.1780	0.6667		0.6157
fc7_linear_accuracy:0.6620

fc7_rbf
Giang		Hai  		Long 		Minh 		Thuy 		Tuyen		Final accuracy
loss	acc 	loss	acc 	loss	acc 	loss	acc 	loss	acc 	loss	acc 	
1.3969	0.5833	1.2801	0.5556	1.3525	0.5000	1.4970	0.4167	1.4735	0.5833	1.2441	0.5833		0.5370
1.2987	0.6389	1.1700	0.6389	1.2130	0.5278	1.5431	0.5000	1.1897	0.6111	1.3888	0.4444		0.5602
0.8985	0.6667	1.0512	0.6944	1.0413	0.5556	1.4900	0.5556	1.1704	0.5833	1.2321	0.5833		0.6065
0.7642	0.6667	1.0308	0.6667	1.0926	0.6111	1.5378	0.5833	1.2173	0.5833	1.1973	0.5556		0.6111
0.9727	0.6667	1.1037	0.6389	1.1779	0.5556	1.6110	0.5833	1.1009	0.5833	1.0728	0.6389		0.6111
0.8244	0.7500	1.0440	0.6111	1.0978	0.4722	1.4755	0.5556	0.9953	0.5556	1.0500	0.6111		0.5926
0.8374	0.7222	1.0679	0.6944	1.0641	0.5556	1.7062	0.5278	1.0253	0.6111	1.1405	0.6111		0.6204
fc7_rbf_accuracy:0.6481

prob
Giang		Hai  		Long 		Minh 		Thuy 		Tuyen		Final accuracy
loss	acc 	loss	acc 	loss	acc 	loss	acc 	loss	acc 	loss	acc 	
1.5691	0.5000	1.7962	0.1389	1.5550	0.3611	1.9270	0.1944	1.4701	0.5278	1.6814	0.4167		0.3565
1.1184	0.6389	1.3454	0.4444	1.2566	0.5000	1.4688	0.4167	0.9325	0.6944	1.2490	0.4444		0.5231
0.8532	0.6389	1.0245	0.5556	1.1579	0.5000	0.8747	0.6667	0.9155	0.6389	1.1111	0.5556		0.5926
0.8163	0.6944	0.9809	0.6667	1.2899	0.5000	1.0096	0.6389	0.9565	0.5833	1.0339	0.6111		0.6157
0.9625	0.7222	0.9373	0.6389	1.3292	0.5000	0.9813	0.6944	1.0699	0.5833	0.8950	0.6111		0.6250
0.6985	0.7222	0.9713	0.6111	0.9283	0.5833	1.2614	0.6389	0.9606	0.6111	0.8786	0.6111		0.6296
0.7982	0.7500	0.9665	0.6389	0.9243	0.5833	1.4115	0.6389	0.9623	0.6111	1.0094	0.6111		0.6389
prob_accuracy:0.6667

