    18      0      0      0      0      0      0      0      0      0      0      0
     0     10      0      0      0      0      0      0      0      8      0      0
     0      0     18      0      0      0      0      0      0      0      0      0
     0      0      0     16      2      0      0      0      0      0      0      0
     0      0      0      0     18      0      0      0      0      0      0      0
     0      0      0      0      0     16      2      0      0      0      0      0
     0      0      0      0      0      0     18      0      0      0      0      0
     0      2      0      0      0      0      0      6      5      5      0      0
     0      0      0      0      0      0      0      0     16      2      0      0
     0      1      0      0      0      0      0      0      1     16      0      0
     0      0      0     14      2      0      0      0      0      0      2      0
     0      0      0      0     18      0      0      0      0      0      0      0
