    15      0      0      0      0      0      0      0      0      0      0      0
     0     15      0      0      0      0      0      0      0      0      0      0
     0      0     15      0      0      0      0      0      0      0      0      0
     0      0      0     14      0      0      0      0      0      0      1      0
     0      0      0      0     11      0      0      0      0      0      0      4
     0      0      0      0      0     15      0      0      0      0      0      0
     0      0      0      0      0      2     13      0      0      0      0      0
     0     10      0      0      0      0      0      2      2      1      0      0
     0      0      0      0      0      0      0      1     13      1      0      0
     0      5      0      0      0      0      0      0      0     10      0      0
     0      0      0      0      0      0      0      0      0      0     15      0
     0      0      0      0      7      0      0      0      0      0      0      8
