     0      0      1      0      3      0      0      0      0      0      0     14
     0     18      0      0      0      0      0      0      0      0      0      0
     0      0     18      0      0      0      0      0      0      0      0      0
     0      0      0     13      5      0      0      0      0      0      0      0
     0      0      0      0     18      0      0      0      0      0      0      0
     0      0      0      0     10      8      0      0      0      0      0      0
     0      0      0      0     12      0      6      0      0      0      0      0
     0     17      0      0      1      0      0      0      0      0      0      0
     0     18      0      0      0      0      0      0      0      0      0      0
     0     18      0      0      0      0      0      0      0      0      0      0
     0      0      0      9      8      0      0      0      0      0      0      1
     0      0      0      0     11      0      0      0      0      0      0      7
