    18      0      0      0      0      0      0      0      0      0      0      0
     1     12      0      0      0      0      0      0      0      5      0      0
     0      0     18      0      0      0      0      0      0      0      0      0
     0      0      0      8      0      0      0      0      0      0     10      0
     0      0      0      0      5      0      0      0      0      0      0     13
     0      0      0      0      0     18      0      0      0      0      0      0
     0      0      0      0      0      6     12      0      0      0      0      0
     0      0      0      0      0      0      0     18      0      0      0      0
     0      0      0      0      0      0      0      0     18      0      0      0
     0      0      0      0      0      0      0      0      0     18      0      0
     0      0      0      0      0      0      0      0      0      0     18      0
     0      0      0      0      0      0      0      0      0      0      0     18
