    18      0      0      0      0      0      0      0      0      0      0      0
     0     15      0      1      0      0      0      0      1      1      0      0
     0      0     17      0      0      0      0      0      1      0      0      0
     0      0      0      7     11      0      0      0      0      0      0      0
     0      0      0      0     17      0      0      0      0      0      0      1
     0      0      0      0      0     18      0      0      0      0      0      0
     0      0      0      0      0      7     11      0      0      0      0      0
     0      7      0      0      0      0      0      1     10      0      0      0
     0      5      0      0      0      0      0      0     13      0      0      0
     0      5      0      0      0      0      0      0      1     12      0      0
     0      0      0      5     12      0      0      0      0      0      0      1
     0      0      0      0     13      0      0      0      0      0      0      5
