    18      0      0      0      0      0      0      0      0      0      0      0
     1     11      0      0      0      0      0      0      0      6      0      0
     0      0     18      0      0      0      0      0      0      0      0      0
     0      0      0     15      0      0      0      0      0      0      0      3
     0      0      0      1      7      0      0      0      0      0      2      8
     0      0      0      0      0     17      1      0      0      0      0      0
     0      0      0      0      0      0     18      0      0      0      0      0
     0     10      0      0      0      0      0      6      1      1      0      0
     0      0      0      0      0      0      0      0     17      1      0      0
     0      3      0      0      0      0      0      0      0     15      0      0
     0      0      0      4      0      0      0      0      0      0     11      3
     0      0      0      0      2      0      0      0      0      0      0     16
