    45      0      0      0      0      0      0      0      0      0      0      0
     1     40      0      0      0      0      0      0      0      4      0      0
     0      0     43      2      0      0      0      0      0      0      0      0
     0      0      0     35      1      1      0      0      0      0      7      1
     2      0      1      0     36      0      0      0      0      0      0      6
     1      0      0      0      0     41      2      0      0      0      0      1
     0      0      0      0      0      0     45      0      0      0      0      0
     0      0      0      0      0      0      0     45      0      0      0      0
     0      0      0      0      0      0      0      0     45      0      0      0
     0      0      0      0      0      0      0      0      0     45      0      0
     0      0      0      2      0      0      0      0      0      0     43      0
     0      0      0      0      0      0      0      0      0      0      0     45
