    18      0      0      0      0      0      0      0      0      0      0      0
     0     18      0      0      0      0      0      0      0      0      0      0
     0      0     18      0      0      0      0      0      0      0      0      0
     0      0      0     18      0      0      0      0      0      0      0      0
     0      0      0      2      7      0      0      0      0      0      1      8
     2      0      0      0      0     11      5      0      0      0      0      0
     0      0      0      0      0      1     17      0      0      0      0      0
     0      1      0      0      0      0      0     17      0      0      0      0
     0      0      0      0      0      0      0      0     18      0      0      0
     0      0      0      0      0      0      0      0      0     18      0      0
     0      0      0      2      0      0      0      0      0      0     13      3
     0      0      0      0      0      0      0      0      0      0      0     18
