output/result/table_2019_02_16_12gestures_6_subjects/K2_K1_2019-02-17_04.01

fc6_linear
Giang		Hai  		Long 		Minh 		Thuy 		Tuyen		Final accuracy
loss	acc 	loss	acc 	loss	acc 	loss	acc 	loss	acc 	loss	acc 	
5.9608	0.0833	5.8344	0.0833	6.3550	0.1667	6.9305	0.1111	5.6042	0.1944	5.5423	0.0833		0.1204
4.4394	0.1111	5.4246	0.0833	4.6932	0.2500	6.6556	0.1111	4.9548	0.0833	5.3890	0.0833		0.1204
4.3478	0.0833	5.0958	0.0833	4.2424	0.0556	6.8105	0.1667	4.8228	0.0833	4.6692	0.1667		0.1065
4.1806	0.0833	5.0431	0.0833	4.0563	0.1389	4.7307	0.1944	4.2445	0.0833	5.1387	0.1389		0.1204
3.6489	0.0833	4.5643	0.1389	4.1860	0.1389	4.7520	0.1667	4.0292	0.0833	4.7565	0.1111		0.1204
3.7841	0.0833	5.3289	0.0833	4.0698	0.1389	5.1519	0.1667	4.4924	0.2222	4.5136	0.1389		0.1389
3.7437	0.0833	4.6622	0.1389	3.7101	0.1389	5.0400	0.1944	4.8075	0.1389	4.7116	0.1389		0.1389
fc6_linear_accuracy:0.1806

fc6_rbf
Giang		Hai  		Long 		Minh 		Thuy 		Tuyen		Final accuracy
loss	acc 	loss	acc 	loss	acc 	loss	acc 	loss	acc 	loss	acc 	
3.6986	0.1667	4.0686	0.1111	4.3277	0.1667	4.3417	0.1667	4.0875	0.1667	4.2338	0.0833		0.1435
3.2776	0.0833	3.7896	0.0833	3.6157	0.1667	3.9091	0.1111	3.5140	0.1667	4.2800	0.0833		0.1157
3.6068	0.0833	4.0186	0.1389	3.1937	0.1667	3.6707	0.1667	3.1341	0.1389	3.9786	0.0833		0.1296
3.5155	0.0833	4.0016	0.0833	3.3115	0.1111	3.8423	0.1389	3.1766	0.1111	3.9885	0.1389		0.1111
3.4873	0.1389	3.7273	0.0833	3.4189	0.1389	4.0584	0.2500	3.4645	0.0833	3.8901	0.1389		0.1389
3.6974	0.0833	4.2117	0.1667	3.3175	0.1389	4.0753	0.2500	3.3192	0.1111	3.4681	0.1111		0.1435
3.8517	0.0833	3.6743	0.0833	3.3122	0.1389	3.9701	0.2222	3.2970	0.1389	3.8095	0.1111		0.1296
fc6_rbf_accuracy:0.1759

fc7_linear
Giang		Hai  		Long 		Minh 		Thuy 		Tuyen		Final accuracy
loss	acc 	loss	acc 	loss	acc 	loss	acc 	loss	acc 	loss	acc 	
5.1906	0.0833	5.6164	0.0833	5.2631	0.1667	4.8505	0.0833	4.6949	0.1111	7.0162	0.0833		0.1019
3.8959	0.0833	5.0685	0.0833	4.1069	0.0556	4.8723	0.0833	4.1794	0.1389	4.6678	0.0833		0.0880
4.1251	0.0833	4.5842	0.0833	3.6169	0.0556	4.8499	0.1389	3.6312	0.1667	3.8953	0.1389		0.1111
3.9494	0.1111	4.2733	0.0833	3.5816	0.1389	4.3673	0.1389	3.5464	0.1667	3.5876	0.1389		0.1296
3.6341	0.0833	4.1801	0.0833	3.8700	0.1389	4.2263	0.1667	3.4363	0.1667	3.6937	0.1389		0.1296
3.6978	0.0833	4.1002	0.0833	3.7729	0.1389	4.4598	0.1667	3.5502	0.1667	3.6854	0.1389		0.1296
3.6417	0.0833	4.0556	0.0833	3.6377	0.1389	4.2293	0.1667	3.4870	0.1667	3.7216	0.1389		0.1296
fc7_linear_accuracy:0.1389

fc7_rbf
Giang		Hai  		Long 		Minh 		Thuy 		Tuyen		Final accuracy
loss	acc 	loss	acc 	loss	acc 	loss	acc 	loss	acc 	loss	acc 	
3.6669	0.1111	3.8742	0.0833	4.7038	0.1667	3.8170	0.1389	4.1192	0.1111	3.6856	0.0833		0.1157
3.3308	0.1111	3.7136	0.0833	3.4297	0.1667	3.5959	0.1111	3.6367	0.1667	3.8471	0.0833		0.1204
3.4478	0.1111	3.7440	0.0833	3.2514	0.0556	3.9289	0.1944	3.3094	0.1667	3.3935	0.0833		0.1157
3.4198	0.1389	3.7245	0.0833	3.3135	0.0833	3.7345	0.1667	3.6512	0.0833	3.2059	0.1111		0.1111
3.5269	0.0833	3.4118	0.0833	3.4954	0.1389	3.6204	0.2222	3.3009	0.1667	3.4399	0.1111		0.1343
3.6742	0.0833	3.7180	0.0833	3.1133	0.1389	3.7707	0.2222	3.5918	0.1667	3.6390	0.1111		0.1343
3.6377	0.0833	3.4829	0.0833	3.6393	0.1389	3.7387	0.2222	3.4505	0.1667	3.6746	0.1389		0.1389
fc7_rbf_accuracy:0.1528

prob
Giang		Hai  		Long 		Minh 		Thuy 		Tuyen		Final accuracy
loss	acc 	loss	acc 	loss	acc 	loss	acc 	loss	acc 	loss	acc 	
2.3823	0.0833	2.5481	0.0833	2.3728	0.2222	2.6394	0.1667	2.1941	0.0833	2.5423	0.0000		0.1065
2.7000	0.1389	3.0812	0.0833	2.5008	0.1389	2.8145	0.2222	2.9076	0.1667	2.9363	0.0833		0.1389
3.1417	0.0833	4.3726	0.0833	2.7812	0.1389	3.2207	0.0833	3.5962	0.2222	3.1570	0.0833		0.1157
3.6197	0.0833	4.5828	0.0833	3.2798	0.1667	3.2270	0.1944	4.0218	0.2500	2.8985	0.1111		0.1481
3.3531	0.1111	4.5551	0.0833	3.0835	0.1389	3.1594	0.2222	3.5536	0.2500	3.1267	0.1111		0.1528
3.3077	0.1389	4.6200	0.0833	3.0697	0.1389	3.1441	0.2222	3.6231	0.2222	3.0771	0.0833		0.1481
3.3627	0.1389	4.5389	0.0833	3.1522	0.1389	3.2336	0.2222	3.7632	0.2500	3.0379	0.1389		0.1620
prob_accuracy:0.1759

