     0      2      0      0      8      0      0      0      0      0      0      8
     0     17      0      1      0      0      0      0      0      0      0      0
     0      0     18      0      0      0      0      0      0      0      0      0
     0      0      0     14      4      0      0      0      0      0      0      0
     0      0      3      0     13      0      0      0      0      0      0      2
     0      0      0      0      6     12      0      0      0      0      0      0
     0      0      2      1     10      5      0      0      0      0      0      0
     0     18      0      0      0      0      0      0      0      0      0      0
     0     18      0      0      0      0      0      0      0      0      0      0
     0     18      0      0      0      0      0      0      0      0      0      0
     0      0      0     14      2      0      0      0      0      0      0      2
     0      0      3      0      9      0      0      0      0      0      0      6
