     0      0      1      3     13      0      0      0      1      0      0      0
     0      0      3      0      0      0      0      0      0     15      0      0
     0      0     18      0      0      0      0      0      0      0      0      0
     0      0      0     15      3      0      0      0      0      0      0      0
     0      0      4      3     11      0      0      0      0      0      0      0
     0      0      8      1      9      0      0      0      0      0      0      0
     0      0     18      0      0      0      0      0      0      0      0      0
     0      0      0      5      0      0      0     11      2      0      0      0
     0      0      0      0      0      0      0      0     17      1      0      0
     0      0      3      0      0      0      0      0      0     15      0      0
     0      0      0     15      3      0      0      0      0      0      0      0
     0      0      3      3     12      0      0      0      0      0      0      0
