     0     15      0      0      0      0      0      0      3      0      0      0
     0     15      0      0      0      0      0      0      3      0      0      0
     0      1     15      0      2      0      0      0      0      0      0      0
     0      0      1      4     10      0      0      0      3      0      0      0
     0      4      0      3     10      0      0      0      1      0      0      0
     0      5      1      2      3      0      0      0      7      0      0      0
     0      3      6      4      5      0      0      0      0      0      0      0
     0     15      0      0      0      0      0      0      3      0      0      0
     0      8      0      0      0      0      0      0     10      0      0      0
     0     15      0      0      0      0      0      0      3      0      0      0
     0      4      2      5      5      0      0      0      2      0      0      0
     0      4      0      3     11      0      0      0      0      0      0      0
