    15      0      0      0      0      0      0      0      0      0      0      0
     0      1      0      0      0      0      0      0      0     14      0      0
     0      0     15      0      0      0      0      0      0      0      0      0
     0      0      0     15      0      0      0      0      0      0      0      0
     0      0      0      7      8      0      0      0      0      0      0      0
     0      0      0      1      1      1     12      0      0      0      0      0
     0      0      0      6      1      0      8      0      0      0      0      0
     0      0      0      0      0      0      0      2      0     13      0      0
     0      0      0      0      0      0      0      0      4     11      0      0
     0      0      0      0      0      0      0      0      0     15      0      0
     0      0      0     13      0      0      0      0      0      0      2      0
     0      0      0      3      6      0      0      0      0      0      0      6
