output/result_backup/table_2019_05_17_original_12gestures_6_subjects/K4_K3_2019-05-19_02.04

fc6_linear
Giang		Hai  		Long 		Minh 		Thuy 		Tuyen		Final accuracy
loss	acc 	loss	acc 	loss	acc 	loss	acc 	loss	acc 	loss	acc 	
3.9303	0.1667	4.6499	0.1667	3.8988	0.1389	4.3477	0.0833	4.0922	0.1667	3.1582	0.2500		0.1620
3.1356	0.1111	3.4415	0.1111	3.0964	0.1111	2.7864	0.3611	3.7145	0.0833	2.8025	0.1944		0.1620
3.0951	0.2500	3.7098	0.1111	3.5196	0.3056	3.1544	0.3611	4.0953	0.0833	2.7749	0.3333		0.2407
2.7382	0.1667	4.1153	0.1111	3.5823	0.0833	3.8975	0.0833	2.6230	0.2778	2.7559	0.3333		0.1759
3.2028	0.2222	3.7984	0.0833	2.8890	0.3611	3.1798	0.2500	3.3316	0.2222	2.6969	0.3333		0.2454
3.1906	0.1944	4.2297	0.0833	3.1653	0.3056	2.9503	0.2222	3.2253	0.1667	2.6922	0.2500		0.2037
fc6_linear_accuracy:0.2917

fc6_rbf
Giang		Hai  		Long 		Minh 		Thuy 		Tuyen		Final accuracy
loss	acc 	loss	acc 	loss	acc 	loss	acc 	loss	acc 	loss	acc 	
3.6021	0.1667	3.5721	0.1667	3.1145	0.1111	3.6515	0.1111	3.5471	0.2500	2.9440	0.1667		0.1620
2.9949	0.1667	2.8559	0.1667	2.7044	0.1944	3.0145	0.1111	3.7035	0.0833	2.6163	0.2500		0.1620
2.9570	0.2500	2.7042	0.1944	2.7634	0.1944	2.5711	0.4444	3.0270	0.1667	2.6734	0.1667		0.2361
2.6665	0.1944	3.5045	0.1389	2.6473	0.1944	3.9226	0.0833	2.5877	0.3333	2.4097	0.2500		0.1991
3.0709	0.2500	2.7887	0.2778	2.7283	0.2222	4.1867	0.1111	3.8377	0.0833	2.5725	0.4167		0.2269
3.0992	0.2500	2.8985	0.0278	2.9580	0.2222	3.0457	0.2222	2.9796	0.3056	2.6030	0.4444		0.2454
fc6_rbf_accuracy:0.3287

fc7_linear
Giang		Hai  		Long 		Minh 		Thuy 		Tuyen		Final accuracy
loss	acc 	loss	acc 	loss	acc 	loss	acc 	loss	acc 	loss	acc 	
3.4899	0.1389	3.1865	0.1944	3.5704	0.1667	3.5098	0.0833	3.6916	0.1944	4.1176	0.2500		0.1713
3.2461	0.0556	2.6280	0.2222	2.7310	0.1944	3.3194	0.1111	3.0667	0.2778	3.0260	0.2222		0.1806
3.0655	0.0833	2.8242	0.1389	2.8221	0.3056	3.1476	0.3333	2.7378	0.3333	3.0418	0.2778		0.2454
2.7666	0.1111	2.7439	0.1667	2.7625	0.2778	3.2241	0.2222	2.4983	0.3056	2.9585	0.3056		0.2315
2.7710	0.2778	2.4932	0.1389	3.4118	0.1389	3.3917	0.1667	2.5190	0.2778	2.9689	0.2778		0.2130
2.7472	0.1944	2.5901	0.1667	3.4033	0.1667	3.1333	0.1944	2.7198	0.2500	3.0381	0.2222		0.1991
fc7_linear_accuracy:0.2963

fc7_rbf
Giang		Hai  		Long 		Minh 		Thuy 		Tuyen		Final accuracy
loss	acc 	loss	acc 	loss	acc 	loss	acc 	loss	acc 	loss	acc 	
3.3968	0.1667	3.0899	0.1667	3.0127	0.1667	2.3645	0.2222	2.9491	0.2222	2.8282	0.2500		0.1991
2.9595	0.2222	2.6755	0.1944	2.7466	0.1944	2.5260	0.2778	2.6598	0.2222	2.5509	0.2500		0.2269
2.7542	0.2222	2.6941	0.0833	2.7739	0.1944	2.7308	0.3611	2.5273	0.3611	2.7544	0.3333		0.2593
2.5786	0.0833	2.7220	0.1111	2.6499	0.2222	3.0251	0.2500	2.3707	0.3056	2.7681	0.2500		0.2037
2.8492	0.1389	2.4723	0.2778	2.9936	0.1667	3.3138	0.1667	2.7311	0.2500	2.6120	0.3333		0.2222
2.8013	0.1389	2.6769	0.1667	2.8398	0.2500	3.0091	0.1389	2.9498	0.3056	2.8218	0.1944		0.1991
fc7_rbf_accuracy:0.3009

prob
Giang		Hai  		Long 		Minh 		Thuy 		Tuyen		Final accuracy
loss	acc 	loss	acc 	loss	acc 	loss	acc 	loss	acc 	loss	acc 	
2.4659	0.1667	2.5807	0.2222	2.7543	0.1667	2.1969	0.2778	2.5448	0.2500	2.3987	0.1667		0.2083
2.9879	0.2222	2.6184	0.2500	2.8307	0.2222	2.6214	0.3333	2.8782	0.1944	2.5680	0.1667		0.2315
3.3126	0.1667	2.6460	0.2500	2.8839	0.1111	2.6658	0.3333	2.7836	0.2500	3.0831	0.2500		0.2269
3.3268	0.1944	2.9640	0.1667	2.7900	0.1667	3.3993	0.1944	3.2735	0.2500	2.8219	0.2500		0.2037
3.3619	0.1667	3.1199	0.2500	3.1432	0.2500	2.9621	0.3333	3.8193	0.2222	3.2436	0.2500		0.2454
3.2039	0.1667	2.9959	0.2500	3.0545	0.2778	3.0167	0.3333	3.6060	0.1944	3.3802	0.2500		0.2454
prob_accuracy:0.2639

