    90      0      0      0      0      0      0      0      0      0      0      0
     0     81      0      0      0      0      0      0      3      6      0      0
     0      0     90      0      0      0      0      0      0      0      0      0
     0      0      0     75      0      0      0      0      0      0     15      0
     0      0      0      0     74      0      0      0      0      0      0     16
     0      0      0      0      0     89      1      0      0      0      0      0
     0      0      0      0      0      0     90      0      0      0      0      0
     0      1      0      0      0      0      0     88      0      1      0      0
     0      3      0      0      0      0      0      0     87      0      0      0
     0      4      0      0      0      0      0      0      3     83      0      0
     0      0      0      8      0      0      0      0      0      0     77      5
     0      0      0      0     12      0      0      0      0      0      0     78
