    90      0      0      0      0      0      0      0      0      0      0      0
     0     76      0      0      0      0      0      1      3     10      0      0
     0      0     90      0      0      0      0      0      0      0      0      0
     0      0      0     77      0      0      0      0      0      0     13      0
     0      0      0      0     66      0      0      0      0      0      0     24
     0      0      0      0      0     90      0      0      0      0      0      0
     0      0      0      0      0      0     90      0      0      0      0      0
     0      1      0      0      0      0      0     88      0      1      0      0
     0      4      0      0      0      0      0      0     86      0      0      0
     0      5      0      0      0      0      0      0      1     84      0      0
     0      0      0     15      0      0      0      0      0      0     72      3
     0      0      0      0     18      0      0      0      0      0      0     72
