output/result_backup/table_30Jan2019_original_12gestures/K4_K2_2019-01-30_00.51

fc6_linear
Giang		Hai  		Long 		Minh 		Thuan		Thuy 		Tuyen		Final accuracy
loss	acc 	loss	acc 	loss	acc 	loss	acc 	loss	acc 	loss	acc 	loss	acc 	
6.4017	0.1389	5.0156	0.0833	4.6628	0.1389	4.6901	0.1667	5.6527	0.0833	3.9522	0.1111	4.9368	0.1389		0.1230
4.9406	0.0833	4.2135	0.0833	3.7161	0.1944	3.8611	0.0833	4.0820	0.0833	3.8226	0.0833	4.4697	0.1667		0.1111
5.0457	0.0000	3.7815	0.0556	3.7373	0.1667	3.5676	0.1111	3.7859	0.0833	4.2554	0.1389	4.0152	0.0833		0.0913
4.6892	0.0833	3.4721	0.0833	3.1763	0.1389	3.2043	0.0833	3.3618	0.0000	3.7323	0.0833	3.1462	0.2222		0.0992
4.3683	0.0000	3.5391	0.0833	3.0565	0.1667	3.0990	0.0833	3.2129	0.0278	3.6284	0.1667	3.2250	0.2222		0.1071
4.5322	0.0556	3.5160	0.0833	3.2128	0.1944	3.0617	0.0833	3.3202	0.0278	4.6475	0.1111	4.6962	0.0833		0.0913
fc6_linear_accuracy:0.1508

fc6_rbf
Giang		Hai  		Long 		Minh 		Thuan		Thuy 		Tuyen		Final accuracy
loss	acc 	loss	acc 	loss	acc 	loss	acc 	loss	acc 	loss	acc 	loss	acc 	
4.1011	0.1111	3.8290	0.0833	4.4344	0.0833	3.7874	0.1944	3.9404	0.0833	4.5394	0.0833	3.3086	0.2500		0.1270
4.2293	0.0833	3.4796	0.0833	3.4443	0.1111	3.0842	0.1389	3.1289	0.0833	4.0040	0.0000	3.5683	0.1944		0.0992
4.1647	0.0833	3.8581	0.0833	3.8788	0.0833	3.4933	0.1667	3.6464	0.0833	4.3946	0.0833	3.3505	0.2500		0.1190
4.3587	0.0833	3.4650	0.0833	3.1159	0.1389	3.6650	0.1111	3.9777	0.0833	4.2802	0.0833	3.4932	0.1667		0.1071
3.8333	0.0556	3.4419	0.0833	4.4779	0.0833	3.1276	0.0833	3.8458	0.0833	4.1798	0.0833	3.9094	0.1111		0.0833
4.1375	0.0833	3.4370	0.0833	3.2270	0.0833	3.3185	0.1389	3.6638	0.0833	4.6557	0.0833	4.1847	0.0833		0.0913
fc6_rbf_accuracy:0.1349

fc7_linear
Giang		Hai  		Long 		Minh 		Thuan		Thuy 		Tuyen		Final accuracy
loss	acc 	loss	acc 	loss	acc 	loss	acc 	loss	acc 	loss	acc 	loss	acc 	
4.8464	0.0833	3.7967	0.0833	3.8690	0.0833	3.8560	0.0833	3.3709	0.0833	4.4647	0.0556	3.7043	0.1667		0.0913
4.2421	0.0556	3.3525	0.0833	3.1029	0.0556	3.1266	0.0833	2.9628	0.0278	4.1171	0.0833	3.1974	0.1667		0.0794
3.9831	0.0833	2.9530	0.0833	2.7185	0.0833	2.8946	0.1667	3.0149	0.0833	3.8467	0.0833	2.8456	0.2500		0.1190
3.9233	0.0833	2.8651	0.1111	3.0700	0.1389	2.9217	0.0833	2.9029	0.1389	3.5850	0.0833	2.7068	0.1944		0.1190
3.4644	0.0833	2.9357	0.1667	2.8685	0.0556	2.6444	0.1111	2.8309	0.1389	3.5679	0.0833	2.6245	0.2500		0.1270
3.6325	0.0833	2.8844	0.1389	3.0261	0.1389	2.7099	0.1111	2.8219	0.1389	3.4462	0.1389	2.6437	0.2222		0.1389
fc7_linear_accuracy:0.1548

fc7_rbf
Giang		Hai  		Long 		Minh 		Thuan		Thuy 		Tuyen		Final accuracy
loss	acc 	loss	acc 	loss	acc 	loss	acc 	loss	acc 	loss	acc 	loss	acc 	
4.4760	0.0833	3.2982	0.0833	3.5205	0.1111	2.8966	0.0833	2.6643	0.1111	3.2599	0.0833	3.3079	0.1111		0.0952
3.9581	0.0833	3.1510	0.0833	3.1013	0.1667	3.0634	0.0556	2.7878	0.0833	3.3957	0.1111	3.2477	0.1667		0.1071
3.7461	0.0833	3.0127	0.0833	2.8942	0.1389	3.0467	0.1667	2.7955	0.0833	3.3722	0.1389	3.0480	0.1667		0.1230
4.1413	0.0833	3.0347	0.0833	2.9967	0.0833	2.8451	0.1667	2.8509	0.0556	3.5341	0.1111	2.8392	0.1667		0.1071
3.7496	0.0833	2.9533	0.0833	2.9455	0.1667	2.8053	0.1111	2.9616	0.1111	3.4427	0.1111	2.6982	0.1667		0.1190
3.7535	0.0833	2.9440	0.0833	2.9368	0.0833	2.7326	0.1111	2.8270	0.0556	3.4358	0.0833	2.7555	0.1944		0.0992
fc7_rbf_accuracy:0.1349

prob
Giang		Hai  		Long 		Minh 		Thuan		Thuy 		Tuyen		Final accuracy
loss	acc 	loss	acc 	loss	acc 	loss	acc 	loss	acc 	loss	acc 	loss	acc 	
3.0700	0.0833	2.6913	0.0833	2.4587	0.1389	2.2651	0.1389	2.6696	0.1667	3.1985	0.0833	2.7609	0.0833		0.1111
3.4207	0.1667	2.8366	0.0833	2.5394	0.1111	2.3870	0.1389	2.9656	0.0833	3.4155	0.0556	2.8380	0.0833		0.1032
3.5427	0.0833	3.3164	0.0833	2.9410	0.1111	2.8681	0.1667	3.1486	0.0833	3.5281	0.0556	3.1072	0.0833		0.0952
3.6107	0.0833	3.2615	0.0833	2.8169	0.0556	2.7624	0.1111	3.3871	0.0833	3.2417	0.1111	2.7731	0.0833		0.0873
4.0021	0.0556	3.2921	0.0833	2.9937	0.0833	2.9091	0.1667	3.4865	0.1111	4.1702	0.1389	2.7914	0.0833		0.1032
3.9209	0.0556	3.4057	0.0556	3.1006	0.1111	2.8069	0.1111	3.4330	0.0833	4.3309	0.1111	2.8394	0.0833		0.0873
prob_accuracy:0.1349

