output/result/K1_K2_2019-02-12_09.18

fc6_linear
Giang		Hai  		Long 		Minh 		Thuan		Thuy 		Tuyen		Final accuracy
loss	acc 	loss	acc 	loss	acc 	loss	acc 	loss	acc 	loss	acc 	loss	acc 	
9.7533	0.1556	9.5684	0.1333	10.2489	0.0833	8.5164	0.1222	8.8171	0.1278	10.0075	0.0778	8.8722	0.0889		0.1127
7.8808	0.1056	8.3935	0.1111	9.3125	0.0833	8.9218	0.0944	7.1912	0.1722	8.7752	0.1111	9.0207	0.1222		0.1143
7.9265	0.1556	7.9426	0.1000	7.7741	0.0333	7.6764	0.0444	7.0838	0.0889	9.2464	0.1444	7.3038	0.0944		0.0944
8.2624	0.1333	8.1008	0.0944	7.7388	0.0500	7.5645	0.0944	7.9515	0.1167	9.3297	0.1278	7.5745	0.0778		0.0992
7.8569	0.1111	7.6004	0.1944	8.3368	0.0778	7.0871	0.0944	6.3534	0.1278	8.5075	0.1833	7.0430	0.0833		0.1246
7.6809	0.1167	7.7068	0.1611	7.8556	0.0500	6.7246	0.1167	6.1618	0.1222	8.5152	0.1833	6.8781	0.0722		0.1175
fc6_linear_accuracy:0.1476

fc6_rbf
Giang		Hai  		Long 		Minh 		Thuan		Thuy 		Tuyen		Final accuracy
loss	acc 	loss	acc 	loss	acc 	loss	acc 	loss	acc 	loss	acc 	loss	acc 	
5.6758	0.1167	5.7294	0.1167	5.5957	0.0833	5.1396	0.1889	5.5339	0.2056	5.7662	0.1000	6.0492	0.0833		0.1278
5.1044	0.1278	5.2524	0.0833	5.5145	0.0833	5.0239	0.1000	4.4423	0.1889	4.9940	0.1667	6.5089	0.1389		0.1270
4.6879	0.1444	4.6271	0.0833	4.8427	0.0833	5.1709	0.1000	6.5421	0.0833	4.8130	0.1889	4.6412	0.0778		0.1087
4.3890	0.1111	4.8218	0.1111	4.7988	0.0833	4.7765	0.1389	4.7754	0.1889	5.2942	0.1667	4.6934	0.0722		0.1246
4.7500	0.1111	4.8673	0.0944	4.6304	0.1000	4.5376	0.1667	4.7095	0.1444	5.5828	0.2111	4.8327	0.0778		0.1294
5.0229	0.1167	5.0901	0.1000	4.9787	0.0944	4.5483	0.1556	4.5591	0.2111	5.3190	0.2111	4.5061	0.0722		0.1373
fc6_rbf_accuracy:0.1587

fc7_linear
Giang		Hai  		Long 		Minh 		Thuan		Thuy 		Tuyen		Final accuracy
loss	acc 	loss	acc 	loss	acc 	loss	acc 	loss	acc 	loss	acc 	loss	acc 	
9.5940	0.1889	7.5077	0.2278	8.1625	0.2056	7.9395	0.1500	7.8049	0.1667	8.8136	0.1389	8.6784	0.0778		0.1651
8.8598	0.1722	6.4021	0.2722	7.2553	0.0944	7.5753	0.1333	6.2112	0.1889	7.8065	0.1611	6.9984	0.1889		0.1730
7.9118	0.2111	7.2521	0.2389	7.0872	0.1333	7.5307	0.1889	7.0196	0.1500	8.3640	0.1944	6.8501	0.1389		0.1794
7.5265	0.2389	8.0447	0.2167	7.1150	0.1389	7.1394	0.1500	7.2746	0.1278	8.0363	0.2000	7.2179	0.1500		0.1746
7.5580	0.1278	7.2708	0.2333	6.7366	0.1500	6.5477	0.1556	6.6696	0.1556	7.8924	0.2556	6.9931	0.1722		0.1786
7.6269	0.1667	7.1647	0.2333	6.5571	0.1389	6.6671	0.1611	6.4104	0.1444	7.7098	0.2722	6.7315	0.1778		0.1849
fc7_linear_accuracy:0.2222

fc7_rbf
Giang		Hai  		Long 		Minh 		Thuan		Thuy 		Tuyen		Final accuracy
loss	acc 	loss	acc 	loss	acc 	loss	acc 	loss	acc 	loss	acc 	loss	acc 	
5.5856	0.1611	4.5162	0.2444	4.3776	0.2333	6.0029	0.2833	3.8245	0.2444	4.7135	0.2556	5.3636	0.1278		0.2214
5.4904	0.1833	3.8098	0.2167	3.7759	0.2111	4.8407	0.2389	3.4997	0.2556	4.5104	0.2944	3.7432	0.1556		0.2222
4.5045	0.1889	3.5855	0.2389	3.9177	0.1889	4.7039	0.1944	3.7617	0.1722	5.0549	0.2556	3.7984	0.1944		0.2048
4.1907	0.2111	3.8004	0.2000	3.9921	0.1444	4.8646	0.1833	4.5829	0.2000	5.0564	0.2611	4.4344	0.1611		0.1944
4.4473	0.1944	4.3688	0.1722	4.2290	0.2000	4.4619	0.2056	3.7940	0.2167	5.3207	0.2944	4.7830	0.1778		0.2087
4.8241	0.2056	4.3518	0.1667	4.3459	0.1556	4.8494	0.1889	3.8437	0.1944	5.4331	0.2833	4.8572	0.1556		0.1929
fc7_rbf_accuracy:0.2452

prob
Giang		Hai  		Long 		Minh 		Thuan		Thuy 		Tuyen		Final accuracy
loss	acc 	loss	acc 	loss	acc 	loss	acc 	loss	acc 	loss	acc 	loss	acc 	
2.4563	0.2611	2.2286	0.2333	2.3019	0.1833	2.3348	0.2444	2.3655	0.2056	2.2998	0.1667	2.3752	0.2056		0.2143
2.4502	0.2056	2.2621	0.1944	2.6374	0.2222	2.5149	0.1611	2.3562	0.2167	2.7756	0.1444	2.8683	0.1222		0.1810
2.7152	0.1944	2.8648	0.1611	3.1270	0.1111	2.6045	0.1444	2.5348	0.1444	2.8143	0.2167	2.7814	0.1722		0.1635
2.6407	0.2222	2.5116	0.1944	2.8078	0.1889	2.4736	0.1778	2.4785	0.1500	2.8966	0.2278	2.9638	0.1500		0.1873
2.8131	0.2333	2.7940	0.1611	2.6987	0.1333	2.4277	0.2167	2.8229	0.1556	2.7607	0.2778	2.7801	0.1778		0.1937
2.8414	0.2278	2.7455	0.1444	2.8183	0.1833	2.5097	0.1667	2.9179	0.1556	2.9721	0.2444	2.6602	0.1944		0.1881
prob_accuracy:0.2373

