    15      0      0      0      0      0      0      0      0      0      0      0
     0     11      0      0      0      0      0      1      0      3      0      0
     0      0     15      0      0      0      0      0      0      0      0      0
     0      0      0     12      1      0      0      0      0      0      2      0
     1      0      0      0      7      0      0      0      0      0      0      7
     0      0      1      0      0     11      3      0      0      0      0      0
     0      0      0      0      0      0     15      0      0      0      0      0
     0      0      0      0      0      0      0     14      1      0      0      0
     0      0      0      0      0      0      0      0     15      0      0      0
     0      0      0      0      0      0      0      1      0     14      0      0
     0      0      0      3      3      0      0      0      1      0      8      0
     0      0      0      0      3      0      0      0      0      0      0     12
