    90      0      0      0      0      0      0      0      0      0      0      0
     0     82      0      0      0      0      0      1      2      5      0      0
     0      0     90      0      0      0      0      0      0      0      0      0
     0      0      0     78      0      0      0      0      0      0     12      0
     0      0      0      0     83      0      0      0      0      0      0      7
     0      0      0      0      0     88      2      0      0      0      0      0
     0      0      0      0      0      1     89      0      0      0      0      0
     0      1      0      0      0      0      0     88      0      1      0      0
     0      1      0      0      0      0      0      1     81      7      0      0
     0      2      0      0      0      0      0      0      1     87      0      0
     0      0      0     14      0      0      1      0      0      0     72      3
     0      0      0      0      9      0      0      0      0      0      1     80
