    89      0      0      0      1      0      0      0      0      0      0      0
     0     74      0      0      0      0      0      3     13      0      0      0
     0      0     81      0      1      0      2      3      3      0      0      0
     0      0      0     78     11      0      0      0      0      0      1      0
     0      0      0      0     90      0      0      0      0      0      0      0
     0      0      0      0      0     83      7      0      0      0      0      0
     0      0      0      0      4      3     83      0      0      0      0      0
     0     26      0      0     25      0      0     11     28      0      0      0
     0     19      0      0      1      0      0      4     65      1      0      0
     0     58      0      0      0      0      0      4     14     14      0      0
     0      0      0     72     16      0      0      0      0      0      2      0
     0      0      0      0     87      3      0      0      0      0      0      0
