    12      0      0      0      0      3      0      0      0      0      0      0
     0      0      0      0      0      0      0      0      0     15      0      0
     0      0     15      0      0      0      0      0      0      0      0      0
     0      0      0     12      3      0      0      0      0      0      0      0
     0      0      0      2     12      1      0      0      0      0      0      0
     0      0      0      0      0     15      0      0      0      0      0      0
     0      0      0      3      3      4      5      0      0      0      0      0
     0      0      0      0      0      0      0      0      0     15      0      0
     0      0      0      0      0      0      0      0      1     14      0      0
     0      0      0      0      0      0      0      0      0     15      0      0
     0      0      0     13      2      0      0      0      0      0      0      0
     0      0      0      0      9      6      0      0      0      0      0      0
