     7      0      0      0      5      0      3      0      0      3      0      0
     0      0      0      0      0      0      0      0      0     18      0      0
     0      0      7      0      2      0      9      0      0      0      0      0
     0      0      0     12      0      0      3      3      0      0      0      0
     0      0      0      3     15      0      0      0      0      0      0      0
     0      0      0      0      2      3     13      0      0      0      0      0
     0      0      0      0      1      0     17      0      0      0      0      0
     0      0      0      0      0      0      0     18      0      0      0      0
     0      4      0      0      0      0      0      0      7      7      0      0
     0      0      0      0      0      0      0      0      0     18      0      0
     0      0      0      8      1      0      2      2      0      0      5      0
     0      0      0      1     14      0      0      0      0      0      2      1
