    16      2      0      0      0      0      0      0      0      0      0      0
     0     17      0      0      0      0      0      0      0      1      0      0
     0      0     18      0      0      0      0      0      0      0      0      0
     0      0      0     15      3      0      0      0      0      0      0      0
     0      0      0      2     16      0      0      0      0      0      0      0
     0      0      0      0      0     18      0      0      0      0      0      0
     0      0      0      0      0      2     16      0      0      0      0      0
     0      8      0      0      0      0      0      7      2      1      0      0
     0      1      0      0      0      0      0      0     17      0      0      0
     0      5      0      0      0      0      0      0      0     13      0      0
     0      0      0     12      3      0      0      0      0      0      3      0
     0      0      0      0     18      0      0      0      0      0      0      0
