output/result_backup/table_30Jan2019_original_pre_3_12gestures_fc6_1024_fc7_1024/K3_K1_2019-01-31_16.49

fc6_linear
Giang		Hai  		Long 		Minh 		Thuan		Thuy 		Tuyen		Final accuracy
loss	acc 	loss	acc 	loss	acc 	loss	acc 	loss	acc 	loss	acc 	loss	acc 	
6.4759	0.0833	6.7781	0.1667	5.4439	0.1389	5.2139	0.1944	7.4235	0.1111	7.7892	0.0833	5.7117	0.0833		0.1230
7.4284	0.1667	5.1393	0.1111	6.3195	0.0833	6.2810	0.1944	6.7152	0.0833	6.0478	0.3056	4.7360	0.1389		0.1548
5.2204	0.1389	5.5992	0.1389	7.7512	0.0833	6.4000	0.1389	4.2016	0.1389	5.9140	0.2778	6.0943	0.0833		0.1429
5.6555	0.0556	5.4016	0.0278	6.2834	0.0833	5.0198	0.0833	4.6453	0.1111	5.1189	0.1667	6.5417	0.0833		0.0873
5.9001	0.1111	4.6463	0.0833	5.8552	0.1111	5.0712	0.1389	3.9688	0.0833	4.9049	0.2500	4.4514	0.0833		0.1230
6.3070	0.0833	4.9644	0.0833	5.5916	0.1667	3.5604	0.1944	4.1929	0.1667	4.7161	0.3056	4.9773	0.0833		0.1548
fc6_linear_accuracy:0.1865

fc6_rbf
Giang		Hai  		Long 		Minh 		Thuan		Thuy 		Tuyen		Final accuracy
loss	acc 	loss	acc 	loss	acc 	loss	acc 	loss	acc 	loss	acc 	loss	acc 	
4.5357	0.1111	4.9215	0.1667	4.4739	0.0833	4.8160	0.1667	5.8673	0.0833	4.9071	0.0833	3.9616	0.1111		0.1151
4.1228	0.1389	3.9111	0.2222	3.5902	0.2500	4.7941	0.1111	4.6532	0.0833	4.1670	0.3056	3.7344	0.1667		0.1825
3.6405	0.2222	3.8821	0.1389	3.9297	0.0833	4.3773	0.1111	4.1029	0.0833	3.4255	0.3333	3.4029	0.1667		0.1627
3.5703	0.1667	3.5096	0.1111	3.1292	0.1111	3.9676	0.0833	4.0426	0.0278	3.5058	0.2500	3.5773	0.0833		0.1190
4.3117	0.0833	3.5232	0.1667	3.1559	0.2222	3.8083	0.0833	3.7997	0.0000	3.1866	0.2500	3.2890	0.0833		0.1270
3.7809	0.0833	3.9752	0.1667	3.1261	0.1667	3.6182	0.2222	3.5088	0.0833	3.3618	0.3333	4.0742	0.0833		0.1627
fc6_rbf_accuracy:0.2143

fc7_linear
Giang		Hai  		Long 		Minh 		Thuan		Thuy 		Tuyen		Final accuracy
loss	acc 	loss	acc 	loss	acc 	loss	acc 	loss	acc 	loss	acc 	loss	acc 	
5.7286	0.0833	4.0883	0.1111	4.8193	0.1389	4.5624	0.1944	4.0714	0.3056	5.5828	0.0833	5.3645	0.0000		0.1310
6.2378	0.0833	4.8047	0.1111	4.4729	0.1389	3.8811	0.0833	4.2161	0.1944	5.7883	0.2500	6.0473	0.0833		0.1349
6.0121	0.1667	4.6493	0.1667	3.5736	0.1667	3.1051	0.3056	3.6711	0.1944	4.7291	0.2500	4.5022	0.0556		0.1865
4.1522	0.1389	4.8997	0.0833	4.2541	0.1389	2.9496	0.1667	3.1943	0.1667	3.9673	0.3056	5.2880	0.0833		0.1548
4.1395	0.1667	4.4887	0.0833	3.5858	0.2222	3.3055	0.2500	3.3709	0.0833	3.8563	0.2500	4.9561	0.0833		0.1627
4.3076	0.1667	4.7574	0.0833	3.4314	0.2500	2.9765	0.2778	3.7892	0.1389	3.7911	0.2500	4.7409	0.0556		0.1746
fc7_linear_accuracy:0.2262

fc7_rbf
Giang		Hai  		Long 		Minh 		Thuan		Thuy 		Tuyen		Final accuracy
loss	acc 	loss	acc 	loss	acc 	loss	acc 	loss	acc 	loss	acc 	loss	acc 	
3.6772	0.1944	3.8767	0.1389	3.2412	0.1667	3.6108	0.1667	3.8541	0.1389	3.9466	0.1389	3.1546	0.0833		0.1468
3.9156	0.1944	3.2589	0.1667	3.1772	0.2222	2.9402	0.1389	3.5078	0.2222	3.6662	0.2778	3.2373	0.1111		0.1905
3.4540	0.0833	3.7235	0.1667	2.9913	0.2222	2.9063	0.2500	3.4680	0.0833	3.6577	0.2500	3.0038	0.0833		0.1627
3.8940	0.1667	3.6512	0.1667	3.4269	0.3056	2.9358	0.1944	3.3122	0.1944	3.8644	0.2500	3.3984	0.0556		0.1905
3.9708	0.1667	3.5627	0.1667	3.6412	0.2222	3.0273	0.1667	3.2968	0.1111	3.7049	0.2778	3.6815	0.0278		0.1627
4.2573	0.1944	3.8103	0.1667	3.5019	0.2778	2.9320	0.2222	3.2060	0.1389	3.7102	0.2778	3.6942	0.0278		0.1865
fc7_rbf_accuracy:0.2183

prob
Giang		Hai  		Long 		Minh 		Thuan		Thuy 		Tuyen		Final accuracy
loss	acc 	loss	acc 	loss	acc 	loss	acc 	loss	acc 	loss	acc 	loss	acc 	
2.4304	0.1667	2.4424	0.1389	2.4923	0.0833	2.4784	0.1111	2.4967	0.1111	2.4521	0.0833	2.4770	0.1111		0.1151
2.7768	0.1667	2.9586	0.1667	2.9746	0.1667	2.5159	0.2222	3.3275	0.1944	2.9448	0.1667	3.0693	0.1667		0.1786
3.1966	0.1667	3.5245	0.1667	3.5147	0.1667	2.9025	0.1667	3.1239	0.1667	2.9850	0.2778	3.2136	0.0833		0.1706
3.4915	0.1944	3.5170	0.1667	3.6441	0.1944	3.1379	0.2222	3.5402	0.1667	3.7292	0.2500	3.6848	0.1667		0.1944
3.7541	0.1667	3.7779	0.1667	3.7985	0.1944	3.2644	0.1667	3.4413	0.1389	3.9877	0.2500	3.7775	0.1111		0.1706
3.6598	0.2222	3.7196	0.1389	3.9146	0.2222	3.1899	0.1944	3.3943	0.1389	4.0675	0.2778	3.9548	0.0833		0.1825
prob_accuracy:0.2103

