output/result/new/K1_K1_2019-01-28_18.16

fc6_linear
Binh 		Giang		Hung 		Tan  		Thuan		Final accuracy
loss	acc 	loss	acc 	loss	acc 	loss	acc 	loss	acc 	
0.4651	0.8214	1.2838	0.5714	0.4385	0.8387	0.5248	0.8095	1.4419	0.5833		0.7249
0.1861	0.9643	1.4159	0.7143	0.2443	0.9355	0.4773	0.8571	0.4123	0.7917		0.8526
0.1977	0.9643	1.3560	0.7143	0.2428	0.9355	0.3821	0.8571	0.3259	0.9167		0.8776
0.2155	0.9643	1.4201	0.7143	0.2109	0.9677	0.3237	0.8571	0.3335	0.9167		0.8840
0.2167	0.9643	1.3081	0.7143	0.2073	0.9677	0.3442	0.8571	0.9926	0.8333		0.8674
fc6_linear_accuracy:0.8840

fc6_rbf
Binh 		Giang		Hung 		Tan  		Thuan		Final accuracy
loss	acc 	loss	acc 	loss	acc 	loss	acc 	loss	acc 	
0.4227	0.8214	1.3187	0.6190	0.4207	0.9355	0.7230	0.7619	1.2054	0.6250		0.7526
0.2493	0.9286	1.1817	0.7143	0.2647	0.9355	0.5734	0.8095	0.3470	0.9167		0.8609
0.2712	0.9286	1.3470	0.6667	0.2492	0.9677	0.4185	0.8571	0.6770	0.9167		0.8674
0.2966	0.8571	1.3961	0.7143	0.2532	0.9677	0.3388	0.9048	0.2942	0.9583		0.8805
0.3430	0.8571	1.3843	0.6667	0.2692	0.9677	0.3411	0.8571	0.4459	0.8750		0.8447
fc6_rbf_accuracy:0.8805

fc7_linear
Binh 		Giang		Hung 		Tan  		Thuan		Final accuracy
loss	acc 	loss	acc 	loss	acc 	loss	acc 	loss	acc 	
1.0206	0.6786	1.4649	0.5238	1.2188	0.6774	0.4768	0.8571	1.7852	0.6250		0.6724
0.7202	0.7143	1.3177	0.5714	0.3339	0.9355	0.2191	1.0000	0.2644	0.9583		0.8359
0.6959	0.7500	1.3445	0.5714	0.3447	0.9355	0.1303	1.0000	0.2395	0.9583		0.8430
0.7061	0.7500	1.3608	0.5714	0.3220	0.9355	0.1347	1.0000	0.1922	0.9583		0.8430
0.7427	0.7500	1.1712	0.6667	0.3206	0.9355	0.1364	1.0000	0.2181	0.9583		0.8621
fc7_linear_accuracy:0.8621

fc7_rbf
Binh 		Giang		Hung 		Tan  		Thuan		Final accuracy
loss	acc 	loss	acc 	loss	acc 	loss	acc 	loss	acc 	
0.9044	0.6786	1.4187	0.5238	0.7489	0.7742	0.5113	0.8095	0.8957	0.6667		0.6906
0.8562	0.7500	1.2478	0.5238	0.4924	0.9032	0.2430	0.9524	0.3466	0.9167		0.8092
0.8396	0.7143	1.2865	0.5714	0.4775	0.9032	0.1503	1.0000	0.3449	0.9167		0.8211
0.8458	0.7143	1.3275	0.5238	0.3872	0.9032	0.1126	1.0000	0.3434	0.9167		0.8116
0.9232	0.7143	1.2403	0.5714	0.3718	0.9032	0.1183	1.0000	0.3779	0.8750		0.8128
fc7_rbf_accuracy:0.8211

prob
Binh 		Giang		Hung 		Tan  		Thuan		Final accuracy
loss	acc 	loss	acc 	loss	acc 	loss	acc 	loss	acc 	
1.3030	0.5357	1.4492	0.2381	1.4033	0.4839	1.4472	0.5714	1.5632	0.0833		0.3825
0.5361	0.8214	1.2025	0.6190	0.4133	0.9677	0.5248	0.9524	0.4967	0.9583		0.8638
0.4690	0.8571	1.0101	0.6190	0.2654	0.9355	0.3085	0.9524	0.3140	0.9167		0.8561
0.5558	0.8214	0.9077	0.7619	0.3370	0.9032	0.2501	1.0000	0.2210	0.9583		0.8890
0.4975	0.8214	1.4362	0.6190	0.2370	0.9355	0.2148	1.0000	0.1973	0.9583		0.8669
prob_accuracy:0.8890

