     5      0      0      0      2      0      9      0      0      0      0      2
     0      0      0      0      0      0      2      1      0     15      0      0
     0      0      3      0      0      0     11      4      0      0      0      0
     0      0      0      0      0      0     16      2      0      0      0      0
     0      0      1      0      3      0     13      0      0      0      1      0
     0      0      0      0      0      3     15      0      0      0      0      0
     0      0      0      0      0      0     18      0      0      0      0      0
     0      0      0      0      0      0      2      3      0     13      0      0
     0      0      0      0      0      0      0      3      0     15      0      0
     0      0      0      0      0      0      0      3      0     15      0      0
     0      0      0      1      2      0     14      0      0      0      1      0
     0      0      2      0      1      0     12      0      0      0      0      3
