    90      0      0      0      0      0      0      0      0      0      0      0
     0     77      0      0      0      0      0      1      2     10      0      0
     0      0     90      0      0      0      0      0      0      0      0      0
     0      0      0     76      0      0      0      0      0      0     14      0
     0      0      0      0     82      0      0      0      0      0      0      8
     0      0      0      0      0     87      3      0      0      0      0      0
     0      0      0      0      0      0     90      0      0      0      0      0
     0      1      0      0      0      0      0     88      0      1      0      0
     0      5      0      0      0      0      0      0     84      1      0      0
     0      5      0      0      0      0      0      0      5     80      0      0
     0      0      0     11      0      0      0      0      0      0     75      4
     0      0      0      0     12      0      0      0      0      0      0     78
