    90      0      0      0      0      0      0      0      0      0      0      0
     2     25      0      0      0      0      0      0     21     42      0      0
     0      0     90      0      0      0      0      0      0      0      0      0
     0      0      0     69      0      0      0      0      0      0     21      0
     0      0      0      0     82      0      0      0      0      0      0      8
     0      0      0      0      0     89      1      0      0      0      0      0
     0      0      0      0      0      0     90      0      0      0      0      0
     0      7      0      0      0      0      0     16     58      9      0      0
     0      1      0      0      0      0      0      0     85      4      0      0
     0      1      0      0      0      0      0      0      8     81      0      0
     0      0      0     11      0      0      0      0      0      0     73      6
     0      0      0      0     39      0      0      0      0      0      0     51
