    18      0      0      0      0      0      0      0      0      0      0      0
     0      4      0      0      0      0      0      1      0     13      0      0
     0      0     18      0      0      0      0      0      0      0      0      0
     0      0      0     17      0      0      0      0      0      0      1      0
     0      0      0      0     18      0      0      0      0      0      0      0
     0      0      0      0      0     16      2      0      0      0      0      0
     0      0      0      0      0      0     18      0      0      0      0      0
     0      0      0      0      0      0      0     11      1      6      0      0
     0      0      0      0      0      0      0      0     16      2      0      0
     0      0      0      0      0      0      0      0      0     18      0      0
     0      0      0     16      1      0      0      0      0      0      1      0
     0      0      0      1     17      0      0      0      0      0      0      0
