    17      0      0      0      0      0      0      0      0      0      0      1
     0      0      0      0      0      0      0      3      0     15      0      0
     0      0     18      0      0      0      0      0      0      0      0      0
     0      0      0      9      0      0      0      0      0      0      5      4
     0      0      0      0      9      0      0      0      0      0      0      9
     0      0      0      0      0     18      0      0      0      0      0      0
     0      0      0      0      0     13      4      0      0      0      1      0
     0      0      0      0      0      0      0      9      0      9      0      0
     1      1      0      0      0      0      0      0     14      2      0      0
     0      0      0      0      0      0      0      1      0     17      0      0
     0      0      0      0      0      0      0      0      0      0     13      5
     0      0      0      0      4      0      0      0      0      0      0     14
