    18      0      0      0      0      0      0      0      0      0      0      0
     0      4      0      0      0      0      0      0      1     13      0      0
     0      0     18      0      0      0      0      0      0      0      0      0
     0      0      0     17      0      0      0      0      0      0      1      0
     0      0      0      0     18      0      0      0      0      0      0      0
     0      0      0      0      0     18      0      0      0      0      0      0
     0      0      0      0      0      0     18      0      0      0      0      0
     0      0      0      0      0      0      0      6      3      9      0      0
     0      0      0      0      0      0      0      0     15      3      0      0
     0      0      0      0      0      0      0      0      0     18      0      0
     0      0      0      5      2      0      0      0      0      0     11      0
     0      0      0      0     13      0      0      0      0      0      0      5
