    18      0      0      0      0      0      0      0      0      0      0      0
     0      5      0      0      0      0      0      0      0     13      0      0
     0      0     18      0      0      0      0      0      0      0      0      0
     0      0      0     15      3      0      0      0      0      0      0      0
     0      0      0      0     18      0      0      0      0      0      0      0
     0      0      0      0      0     18      0      0      0      0      0      0
     0      0      0      0      0      5     13      0      0      0      0      0
     0      9      0      0      0      0      0      0      2      7      0      0
     0      1      0      0      0      0      0      0     13      4      0      0
     0      0      0      0      0      0      0      0      0     18      0      0
     0      0      0     10      3      0      0      0      0      0      5      0
     0      0      0      0     18      0      0      0      0      0      0      0
