output/result_backup/table_2019_02_27_original_pre_3_12gestures_6_subjects_fc6_1024_fc7_1024/K2_K5_2019-02-20_23.25

fc6_linear
Giang		Hai  		Long 		Minh 		Thuy 		Tuyen		Final accuracy
loss	acc 	loss	acc 	loss	acc 	loss	acc 	loss	acc 	loss	acc 	
3.8849	0.1667	4.9648	0.0833	4.7881	0.1667	5.1649	0.0833	4.2487	0.2500	4.2798	0.1389		0.1481
4.8321	0.2222	4.0831	0.1667	5.0069	0.1111	4.6757	0.0556	3.5515	0.1944	3.7387	0.0833		0.1389
5.4631	0.1944	4.1191	0.0833	4.0817	0.0833	4.0262	0.3056	3.6659	0.1667	4.6394	0.0556		0.1481
4.8983	0.1389	3.3483	0.2778	3.8691	0.0833	4.5274	0.1389	4.9957	0.2778	3.8847	0.0833		0.1667
3.3568	0.1667	3.0482	0.2500	4.0799	0.0833	3.4473	0.3056	3.8592	0.1944	4.1681	0.0000		0.1667
4.7533	0.1111	3.1678	0.1667	4.0042	0.1111	3.3208	0.2222	3.9243	0.2500	3.3791	0.1667		0.1713
4.7899	0.2222	3.1227	0.1667	4.0525	0.0278	4.3104	0.2778	4.0136	0.1944	3.3363	0.1667		0.1759
fc6_linear_accuracy:0.2361

fc6_rbf
Giang		Hai  		Long 		Minh 		Thuy 		Tuyen		Final accuracy
loss	acc 	loss	acc 	loss	acc 	loss	acc 	loss	acc 	loss	acc 	
3.4791	0.1389	3.9804	0.0833	2.7433	0.1667	3.8271	0.0833	3.7306	0.1111	3.6935	0.0833		0.1111
3.4283	0.0833	2.6399	0.1667	3.2637	0.0833	3.3247	0.1111	3.4626	0.1667	2.8567	0.1667		0.1296
3.1953	0.2500	2.7358	0.1667	3.0630	0.1667	2.5667	0.2778	3.0109	0.1944	3.1829	0.0833		0.1898
3.2221	0.1389	2.8054	0.1944	3.0537	0.0833	3.2589	0.2778	2.9618	0.3056	2.9354	0.1667		0.1944
2.7670	0.1944	2.8009	0.2500	3.2257	0.1667	3.1984	0.2222	3.4426	0.3056	2.8063	0.1389		0.2130
4.3003	0.0556	2.6372	0.2222	3.1130	0.1667	3.2736	0.1944	3.4190	0.2500	2.9420	0.1944		0.1806
4.0960	0.1944	2.7249	0.2500	3.3107	0.1667	3.3405	0.1944	3.5492	0.2778	3.2175	0.1944		0.2130
fc6_rbf_accuracy:0.2407

fc7_linear
Giang		Hai  		Long 		Minh 		Thuy 		Tuyen		Final accuracy
loss	acc 	loss	acc 	loss	acc 	loss	acc 	loss	acc 	loss	acc 	
2.8903	0.3889	5.1447	0.3056	4.2746	0.1944	3.7992	0.1944	3.8422	0.3333	3.2546	0.2778		0.2824
3.9322	0.0833	4.1906	0.1944	3.5223	0.1667	3.5327	0.2778	3.3664	0.2500	3.2883	0.2500		0.2037
3.3214	0.2778	3.9216	0.2500	4.0736	0.1667	3.3778	0.2778	3.4145	0.3611	3.7263	0.2222		0.2593
3.5267	0.1944	4.1426	0.2500	3.9662	0.2222	3.1264	0.2778	3.0494	0.3611	3.3695	0.1667		0.2454
3.4243	0.3056	3.7648	0.2222	3.7306	0.2222	3.0630	0.2778	2.9955	0.3611	3.4295	0.2222		0.2685
3.2337	0.1944	3.4546	0.3056	3.4288	0.2222	2.9782	0.3056	2.9534	0.3611	3.2894	0.1389		0.2546
3.3244	0.1944	3.4951	0.2778	3.3830	0.1944	3.0209	0.3056	2.9745	0.3333	3.3081	0.1667		0.2454
fc7_linear_accuracy:0.3102

fc7_rbf
Giang		Hai  		Long 		Minh 		Thuy 		Tuyen		Final accuracy
loss	acc 	loss	acc 	loss	acc 	loss	acc 	loss	acc 	loss	acc 	
2.2712	0.1944	2.9073	0.2778	2.5060	0.1944	2.7294	0.1944	2.8892	0.3056	2.4873	0.2500		0.2361
2.4788	0.2500	2.3428	0.2778	2.5111	0.1667	2.2337	0.3333	2.4731	0.3333	2.1469	0.2500		0.2685
2.7752	0.2778	2.3744	0.2778	3.0398	0.1667	2.3550	0.3333	2.5838	0.2778	2.3734	0.2778		0.2685
2.3114	0.3333	2.3664	0.3056	2.8437	0.1667	2.4615	0.4167	2.8054	0.2778	2.7704	0.2222		0.2870
2.6894	0.2500	2.3833	0.3333	3.3368	0.1667	2.4907	0.3611	2.7228	0.3333	2.6408	0.3056		0.2917
2.6512	0.2222	2.2345	0.3333	3.3399	0.1667	2.4670	0.3611	2.5826	0.3611	2.7255	0.2778		0.2870
2.7109	0.1667	2.3265	0.3056	3.3030	0.1667	2.6417	0.3333	2.8217	0.3333	2.7496	0.2778		0.2639
fc7_rbf_accuracy:0.3241

prob
Giang		Hai  		Long 		Minh 		Thuy 		Tuyen		Final accuracy
loss	acc 	loss	acc 	loss	acc 	loss	acc 	loss	acc 	loss	acc 	
2.2121	0.1389	2.1335	0.1944	2.3459	0.1944	2.4337	0.2500	2.0956	0.1667	1.9705	0.1389		0.1806
2.1287	0.2778	1.9009	0.3056	2.1067	0.2778	2.2287	0.2222	2.2565	0.3056	2.0638	0.2778		0.2778
2.1628	0.3056	2.1526	0.3056	2.9688	0.2222	2.8748	0.2778	1.9431	0.3889	1.9429	0.3056		0.3009
2.4229	0.1667	2.2562	0.3056	3.4813	0.1944	2.6978	0.3889	2.3157	0.3333	2.5048	0.1944		0.2639
2.9459	0.1944	2.0743	0.3056	3.6790	0.2222	3.2622	0.4167	2.4724	0.2778	2.1679	0.1667		0.2639
2.9102	0.1667	2.0211	0.3889	3.3973	0.2222	2.8525	0.4167	2.4123	0.3056	2.1792	0.1944		0.2824
2.8802	0.1944	2.0845	0.3889	3.4620	0.1944	2.8430	0.4722	2.5375	0.3056	2.2895	0.1944		0.2917
prob_accuracy:0.3565

