     0      6      0      9      2      0      0      0      1      0      0      0
     0     18      0      0      0      0      0      0      0      0      0      0
     0      0     18      0      0      0      0      0      0      0      0      0
     0      0      0     17      1      0      0      0      0      0      0      0
     0      0      0      0     18      0      0      0      0      0      0      0
     0     10      3      3      0      2      0      0      0      0      0      0
     0      6      1      1      4      2      0      0      4      0      0      0
     0     15      0      0      0      0      0      0      3      0      0      0
     0      4      0      0      3      0      0      0     11      0      0      0
     0     14      0      0      0      0      0      0      4      0      0      0
     0      0      0     13      4      0      0      0      1      0      0      0
     0      0      0      0     18      0      0      0      0      0      0      0
