    15      0      0      0      0      0      0      0      0      0      0      0
     0     11      0      0      0      0      0      0      2      2      0      0
     0      0     15      0      0      0      0      0      0      0      0      0
     0      0      0      8      1      0      0      0      0      0      6      0
     0      0      0      0     15      0      0      0      0      0      0      0
     0      0      0      0      0     15      0      0      0      0      0      0
     0      0      0      0      0      0     15      0      0      0      0      0
     0      6      0      0      0      0      0      7      2      0      0      0
     0      0      0      0      0      0      0      0     15      0      0      0
     0      2      0      0      0      0      0      0      6      7      0      0
     1      0      0      2      0      0      0      0      0      0     11      1
     0      0      0      0      5      0      0      0      0      0      0     10
