    15      0      0      0      0      0      0      0      0      0      0      0
     0      4      0      0      0      0      0      2      0      9      0      0
     0      0     15      0      0      0      0      0      0      0      0      0
     0      0      0     15      0      0      0      0      0      0      0      0
     0      0      0      1     12      0      0      0      0      0      0      2
     0      0      0      0      0     12      3      0      0      0      0      0
     0      0      0      0      0      0     15      0      0      0      0      0
     0      0      0      0      0      0      0     11      0      4      0      0
     0      0      0      0      0      0      0      7      4      4      0      0
     0      0      0      0      0      0      0      0      0     15      0      0
     0      0      0     10      0      0      0      0      0      0      5      0
     0      0      0      1      5      0      0      0      0      0      0      9
