    90      0      0      0      0      0      0      0      0      0      0      0
     0     77      0      0      0      0      0      0      0     13      0      0
     0      0     90      0      0      0      0      0      0      0      0      0
     0      0      0     81      0      0      0      0      0      0      9      0
     0      0      0      0     90      0      0      0      0      0      0      0
     0      0      0      0      0     86      3      0      0      0      1      0
     0      0      0      0      0      0     90      0      0      0      0      0
     0      1      0      0      0      0      0     89      0      0      0      0
     0      7      0      0      0      0      0      1     80      2      0      0
     0     10      0      0      0      0      0      0      3     77      0      0
     0      0      0      7      1      0      0      0      0      0     80      2
     0      0      0      0      6      0      0      0      0      0      0     84
