    90      0      0      0      0      0      0      0      0      0      0      0
     0     72      0      0      0      0      0      0      3     15      0      0
     0      0     90      0      0      0      0      0      0      0      0      0
     0      0      0     80      0      2      0      0      0      0      8      0
     0      0      0      0     84      0      0      0      0      0      0      6
     0      0      0      0      0     82      7      0      0      0      1      0
     0      0      0      0      0      1     89      0      0      0      0      0
     0      1      0      0      0      0      0     85      1      3      0      0
     0      7      0      0      0      0      0      3     76      4      0      0
     0     13      0      0      0      0      0      0      3     74      0      0
     0      0      0     23      2      1      1      0      0      0     60      3
     0      0      0      2     12      1      0      0      0      0      0     75
