    90      0      0      0      0      0      0      0      0      0      0      0
     0     73      0      0      0      0      0      3      9      5      0      0
     0      0     90      0      0      0      0      0      0      0      0      0
     0      0      0     79      0      0      0      0      0      0     11      0
     0      0      0      0     73      0      0      0      0      0      0     17
     0      0      0      0      0     87      3      0      0      0      0      0
     0      0      0      0      0      0     90      0      0      0      0      0
     0      2      0      0      0      0      0     88      0      0      0      0
     0      1      0      0      0      0      0      1     84      4      0      0
     0      3      0      0      0      0      0      0      4     83      0      0
     0      0      0     12      1      0      0      0      0      0     76      1
     0      0      0      0     12      0      0      0      0      0      0     78
