    90      0      0      0      0      0      0      0      0      0      0      0
     3     66      0      0      1      0      0      5     15      0      0      0
     0      0     90      0      0      0      0      0      0      0      0      0
     0      0      0     69      0      0      0      0      0      0     21      0
     1      0      0      0     74      0      0      0      0      0      0     15
     0      0      0      0      0     90      0      0      0      0      0      0
     0      0      0      0      0      0     90      0      0      0      0      0
     0     12      0      0      0      0      0     74      4      0      0      0
     0      8      0      0      0      0      0      0     80      2      0      0
     0     30      0      0      0      0      0     10      2     48      0      0
     0      0      0      7      2      1      0      0      0      0     75      5
     0      0      0      0     35      0      0      0      0      0      0     55
