    44      0      0      0      0      1      0      0      0      0      0      0
     1     37      2      0      0      0      0      0      0      5      0      0
     0      0     41      3      0      1      0      0      0      0      0      0
     1      0      0     35      1      1      0      0      0      0      7      0
     2      0      1      0     40      0      0      0      0      0      0      2
     4      0      0      0      0     38      2      0      0      0      0      1
     0      0      2      0      0      0     43      0      0      0      0      0
     0      0      0      0      0      0      0     45      0      0      0      0
     0      0      0      0      0      0      0      0     45      0      0      0
     0      0      0      0      0      0      0      0      0     45      0      0
     0      0      0      2      0      0      0      0      0      0     43      0
     0      0      0      0      0      0      0      0      0      0      0     45
