    43      0      0      0      0      0      1      0      0      1      0      0
     2     34      1      0      0      0      0      0      0      8      0      0
     3      0     38      3      1      0      0      0      0      0      0      0
     1      0      0     38      1      1      0      0      0      0      3      1
     2      0      1      1      7      0      0      0      0      0      0     34
     5      0      0      1      0     20     18      0      0      0      0      1
     1      0      0      0      0      0     44      0      0      0      0      0
     0      0      0      0      0      0      0     45      0      0      0      0
     0      0      0      0      0      0      0      0     45      0      0      0
     0      0      0      0      0      0      0      0      0     45      0      0
     0      0      0     15      0      0      0      0      0      0     30      0
     0      0      0      0      0      0      0      0      0      0      0     45
