     9      0      0      0      8      0      0      0      0      0      0      1
     0      0      0      0      0      0      2      1      0     15      0      0
     0      0      0      8      5      0      5      0      0      0      0      0
     0      0      0      6      7      0      4      0      0      0      0      1
     0      0      0      0     15      0      3      0      0      0      0      0
     0      0      0      0      0      0     18      0      0      0      0      0
     0      0      0      0      0      0     18      0      0      0      0      0
     0      1      0      0      0      0      1      3      0     13      0      0
     0      1      0      0      0      0      0      0      0     17      0      0
     0      0      0      0      0      0      0      3      0     15      0      0
     0      0      0      7      7      0      3      0      0      0      0      1
     0      0      0      0     10      0      4      0      0      0      0      4
