     0     10      0      0      1      0      0      0      7      0      0      0
     0     18      0      0      0      0      0      0      0      0      0      0
     0      0     16      0      2      0      0      0      0      0      0      0
     0      1      0     15      0      0      0      0      2      0      0      0
     0      2      1      0     14      0      0      0      1      0      0      0
     0      3      0      0     10      0      0      0      5      0      0      0
     0      4      5      1      5      0      0      0      3      0      0      0
     0     16      0      1      0      0      0      0      1      0      0      0
     0     11      0      0      0      0      0      0      7      0      0      0
     0     18      0      0      0      0      0      0      0      0      0      0
     0      1      2     15      0      0      0      0      0      0      0      0
     0      0      0      3     14      0      0      0      1      0      0      0
