     0      4      0      5      2      0      0      0      0      0      0      7
     0     17      0      0      1      0      0      0      0      0      0      0
     0      0     17      1      0      0      0      0      0      0      0      0
     0      1      0     17      0      0      0      0      0      0      0      0
     0      1      3      7      4      0      0      0      1      0      0      2
     0      0      0      3      0     15      0      0      0      0      0      0
     0      0      2      8      0      3      3      0      2      0      0      0
     0     16      0      1      0      0      0      0      1      0      0      0
     0     17      0      0      0      0      0      0      1      0      0      0
     0     16      2      0      0      0      0      0      0      0      0      0
     0      0      0     17      1      0      0      0      0      0      0      0
     0      1      3      2      1      1      0      0      0      0      0     10
