     0     12      0      3      3      0      0      0      0      0      0      0
     0     18      0      0      0      0      0      0      0      0      0      0
     0      0     16      0      1      0      0      0      1      0      0      0
     0      2      0     13      3      0      0      0      0      0      0      0
     0      5      0      0     13      0      0      0      0      0      0      0
     0      8      2      4      3      1      0      0      0      0      0      0
     0      7      3      5      3      0      0      0      0      0      0      0
     0     16      0      0      0      0      0      0      2      0      0      0
     0      9      0      0      3      0      0      0      6      0      0      0
     0     15      0      0      0      0      0      0      3      0      0      0
     0      5      0     10      3      0      0      0      0      0      0      0
     0      6      0      0      8      0      0      0      3      0      0      1
