    18      0      0      0      0      0      0      0      0      0      0      0
     1      5      0      0      0      0      0      0      0     12      0      0
     0      0     18      0      0      0      0      0      0      0      0      0
     0      0      0     12      0      0      0      0      0      0      3      3
     0      0      0      0      0      0      0      0      0      0      3     15
     0      0      0      0      0     16      2      0      0      0      0      0
     0      0      0      0      0      0     18      0      0      0      0      0
     0      0      0      0      0      0      0     11      1      6      0      0
     0      0      0      0      0      0      0      0     17      1      0      0
     0      1      0      0      0      0      0      0      0     17      0      0
     0      0      0      1      0      0      0      0      0      0     14      3
     0      0      0      0      0      0      0      0      0      0      0     18
