    90      0      0      0      0      0      0      0      0      0      0      0
     0     80      0      0      0      0      0      0      3      7      0      0
     0      0     90      0      0      0      0      0      0      0      0      0
     0      0      0     75      0      0      0      0      0      0     15      0
     0      0      0      0     70      0      0      0      0      0      0     20
     0      0      0      0      0     88      2      0      0      0      0      0
     0      0      0      0      0      0     90      0      0      0      0      0
     0      1      0      0      0      0      0     89      0      0      0      0
     0      1      0      0      0      0      0      0     86      3      0      0
     0      5      0      0      0      0      0      0      5     80      0      0
     0      0      0      7      0      0      0      0      0      0     81      2
     0      0      0      0     12      0      0      0      0      0      0     78
