    90      0      0      0      0      0      0      0      0      0      0      0
     0     78      0      0      0      0      0      1      3      8      0      0
     0      0     90      0      0      0      0      0      0      0      0      0
     0      0      0     77      0      0      0      0      0      0     13      0
     0      0      0      0     71      0      0      0      0      0      0     19
     0      0      0      0      0     90      0      0      0      0      0      0
     0      0      0      0      0      0     90      0      0      0      0      0
     0      3      0      0      0      0      0     87      0      0      0      0
     0      1      0      0      0      0      0      0     86      3      0      0
     0      9      0      0      0      0      0      0      3     78      0      0
     0      0      0      8      0      0      0      0      0      0     79      3
     0      0      0      0     23      0      0      0      0      0      0     67
