    15      0      0      0      0      0      0      0      0      0      0      0
     0      6      0      0      0      0      0      0      0      9      0      0
     0      0     15      0      0      0      0      0      0      0      0      0
     0      0      0     15      0      0      0      0      0      0      0      0
     0      0      0      1      8      0      0      0      0      0      0      6
     0      0      0      0      0     13      2      0      0      0      0      0
     0      0      0      0      0      0     15      0      0      0      0      0
     0      1      0      0      0      0      0     10      0      4      0      0
     0      1      0      0      0      0      0      1      6      7      0      0
     0      0      0      0      0      0      0      0      0     15      0      0
     0      0      0      9      0      0      0      0      0      0      4      2
     0      0      0      0      0      0      0      0      0      0      0     15
