    90      0      0      0      0      0      0      0      0      0      0      0
     0     83      0      0      0      0      0      0      0      7      0      0
     0      0     90      0      0      0      0      0      0      0      0      0
     0      0      0     72      0      0      0      0      0      0     18      0
     0      0      0      0     77      0      0      0      0      0      0     13
     0      0      0      0      0     90      0      0      0      0      0      0
     0      0      0      0      0      0     90      0      0      0      0      0
     0      1      0      0      0      0      0     89      0      0      0      0
     0      0      0      0      0      0      0      0     88      2      0      0
     0      5      0      0      0      0      0      0      1     84      0      0
     0      0      0      7      0      0      0      0      0      0     83      0
     0      0      0      0      7      0      0      0      0      0      0     83
