    90      0      0      0      0      0      0      0      0      0      0      0
     0     80      0      0      0      0      0      2      7      1      0      0
     0      0     90      0      0      0      0      0      0      0      0      0
     0      0      0     18      0      0      0      0      0      0     72      0
     0      0      0      0     87      0      0      0      0      0      0      3
     0      0      0      0      0     89      1      0      0      0      0      0
     0      0      0      0      0      0     90      0      0      0      0      0
     0      0      0      0      0      0      0     90      0      0      0      0
     0      0      0      0      0      0      0      0     90      0      0      0
     0      4      0      0      0      0      0      1     18     67      0      0
     0      0      0      0      0      0      0      0      0      0     90      0
     0      0      0      0     40      0      0      0      0      0      0     50
