    45      0      0      0      0      0      0      0      0      0      0      0
     0     41      2      0      0      0      0      0      0      2      0      0
     0      1     41      0      0      1      2      0      0      0      0      0
     0      0      0     45      0      0      0      0      0      0      0      0
     0      0      0      0      9      3      0      0      0      0      0     33
     0      0      0      0      0     45      0      0      0      0      0      0
     0      0      0      0      0      0     45      0      0      0      0      0
     0      0      0      0      0      0      0     45      0      0      0      0
     0      0      0      0      0      0      0      0     45      0      0      0
     0      0      0      0      0      0      0      0      0     45      0      0
     0      0      0     20      0      0      0      0      0      0     25      0
     0      0      0      0      0      0      0      0      0      0      0     45
