    18      0      0      0      0      0      0      0      0      0      0      0
     0      9      0      1      0      0      0      0      1      7      0      0
     0      0     18      0      0      0      0      0      0      0      0      0
     0      0      0     11      7      0      0      0      0      0      0      0
     0      0      0      0     18      0      0      0      0      0      0      0
     0      0      0      0      0     16      2      0      0      0      0      0
     0      0      0      0      0      0     18      0      0      0      0      0
     0      0      0      0      0      0      0      9      2      7      0      0
     0      0      0      0      0      0      0      0     11      7      0      0
     0      0      0      0      0      0      0      0      0     18      0      0
     0      0      0     11      7      0      0      0      0      0      0      0
     0      0      0      0     18      0      0      0      0      0      0      0
