     5      0      0      0      0      0      2      0      0      2      9      0
     0      1      0      0      0      0      0      2      0     15      0      0
     0      0      4      0      0      0      1     13      0      0      0      0
     0      0      0      8      0      0      2      0      0      0      7      1
     0      0      0      0      0      0      0      0      0      0      3     15
     0      0      0      0      0      0     18      0      0      0      0      0
     0      0      0      0      0      0     18      0      0      0      0      0
     0      0      0      0      0      0      0      6      0     12      0      0
     0      0      0      0      0      0      0      0      1     17      0      0
     0      0      0      0      0      0      0      0      0     18      0      0
     0      0      0      0      0      0      1      0      0      0     15      2
     0      0      0      0      0      0      1      0      0      0      2     15
