     0      0      0     15      0      0      0      0      0      0      0      0
     0     12      0      0      0      0      0      0      1      2      0      0
     0      0      4      8      0      0      3      0      0      0      0      0
     0      0      0     15      0      0      0      0      0      0      0      0
     0      0      0      6      7      0      2      0      0      0      0      0
     0      0      0      5      2      4      4      0      0      0      0      0
     0      0      0     11      1      0      3      0      0      0      0      0
     0     11      0      0      0      0      0      0      0      4      0      0
     0      4      0      0      0      0      0      0      1     10      0      0
     0      7      0      0      0      0      0      0      1      7      0      0
     0      0      0     15      0      0      0      0      0      0      0      0
     0      0      0      6      7      0      2      0      0      0      0      0
