    90      0      0      0      0      0      0      0      0      0      0      0
     0     66      0      1      0      0      0      3      5     15      0      0
     0      0     90      0      0      0      0      0      0      0      0      0
     0      0      0     64      0      0      0      0      0      0     26      0
     0      0      0      0     84      0      0      0      0      0      0      6
     0      0      0      0      0     87      3      0      0      0      0      0
     0      0      0      0      0      0     90      0      0      0      0      0
     0      3      0      0      0      0      0     83      0      4      0      0
     0      3      0      0      0      0      0      1     79      7      0      0
     0      8      0      0      0      0      0      1      7     74      0      0
     0      0      0     16      1      0      0      0      0      0     71      2
     0      0      0      0     19      0      0      0      0      0      0     71
