    90      0      0      0      0      0      0      0      0      0      0      0
     3     23      0      0      0      0      0      2     19     43      0      0
     0      0     88      0      0      0      1      1      0      0      0      0
     0      0      0     77      0      0      0      0      0      0      7      6
     0      0      0      4     30      0      0      0      0      0      5     51
     0      0      0      0      0     82      8      0      0      0      0      0
     0      0      0      0      0      0     90      0      0      0      0      0
     0      0      0      0      0      0      0     39     23     28      0      0
     0      1      0      0      0      0      0      0     73     16      0      0
     0      2      0      0      0      0      0      0      2     86      0      0
     0      0      0     53      0      0      0      0      0      0     24     13
     0      0      0      5     10      0      0      0      0      0      0     75
