    13      1      0      0      0      1      2      0      0      0      0      1
     0     18      0      0      0      0      0      0      0      0      0      0
     0      0     18      0      0      0      0      0      0      0      0      0
     0      0      0      8      0      0      0      1      0      0      6      3
     0      0      0      1      3      0      0      0      0      0      0     14
     0      0      0      0      0      6     12      0      0      0      0      0
     0      0      0      0      0      0     18      0      0      0      0      0
     0      0      0      0      0      0      0     18      0      0      0      0
     0      1      0      0      0      0      0      0     17      0      0      0
     0      0      0      0      0      0      0      0      0     18      0      0
     0      0      0      0      0      0      0      1      0      0     14      3
     0      0      0      0      0      0      0      0      0      0      0     18
