    15      0      0      0      0      0      0      0      0      0      0      0
     0     10      0      0      0      0      0      1      2      2      0      0
     0      0     15      0      0      0      0      0      0      0      0      0
     0      0      0     15      0      0      0      0      0      0      0      0
     0      0      0      2      5      1      1      0      0      0      0      6
     0      0      0      0      0     14      1      0      0      0      0      0
     0      0      0      0      0      0     15      0      0      0      0      0
     0      0      0      0      0      0      0     15      0      0      0      0
     0      0      0      0      0      0      0      0     14      1      0      0
     0      1      0      0      0      0      0      1      0     13      0      0
     0      0      0      3      0      0      2      0      0      0      9      1
     0      0      0      0      0      1      0      0      0      0      0     14
