    18      0      0      0      0      0      0      0      0      0      0      0
     0      3      0      0      0      0      0      6      1      8      0      0
     0      0     18      0      0      0      0      0      0      0      0      0
     0      0      0     15      3      0      0      0      0      0      0      0
     0      0      0      0     18      0      0      0      0      0      0      0
     0      0      0      0      0     18      0      0      0      0      0      0
     0      0      0      0      0      3     15      0      0      0      0      0
     0      1      0      0      0      0      0     17      0      0      0      0
     0      0      0      0      0      0      0      0     18      0      0      0
     0      0      0      0      0      0      0      1      0     17      0      0
     0      0      0      3      3      0      0      0      0      0     12      0
     0      0      0      0     18      0      0      0      0      0      0      0
