    18      0      0      0      0      0      0      0      0      0      0      0
     1     11      0      0      0      0      0      0      0      6      0      0
     0      0     18      0      0      0      0      0      0      0      0      0
     0      0      0     13      3      0      0      0      0      0      2      0
     0      0      0      1     15      0      0      0      0      0      2      0
     0      0      0      0      0     17      1      0      0      0      0      0
     0      0      0      0      0     11      7      0      0      0      0      0
     0      5      0      0      0      0      0      9      2      2      0      0
     0      0      0      0      0      0      0      2     16      0      0      0
     0      3      0      0      0      0      0      0      0     15      0      0
     0      0      0      5      3      0      0      0      0      0     10      0
     0      0      0      0     17      0      0      0      0      0      1      0
