     2      0      0      0      4      0      0      0      0      0      0     12
     0      2      0      2      0      0      1      0      0     13      0      0
     0      0      6      9      0      0      2      0      0      0      1      0
     0      0      0      8      1      0      5      0      0      0      0      4
     0      0      0      1      5      0      2      0      0      0      1      9
     0      0      0      0      0      0     12      0      0      0      0      6
     0      0      0      1      0      0     17      0      0      0      0      0
     0      0      0      0      0      0      0      0      0     18      0      0
     0      0      0      0      0      0      0      0      0     18      0      0
     0      0      0      0      0      0      0      0      0     18      0      0
     0      0      0      9      2      0      3      0      0      0      1      3
     0      0      0      1      6      0      0      0      0      0      1     10
