    18      0      0      0      0      0      0      0      0      0      0      0
     0      1      0      0      0      0      0      0      6     11      0      0
     0      0     18      0      0      0      0      0      0      0      0      0
     0      0      0     18      0      0      0      0      0      0      0      0
     0      0      0      0     18      0      0      0      0      0      0      0
     0      0      0      0      0     17      1      0      0      0      0      0
     0      0      0      0      0      0     18      0      0      0      0      0
     0      0      0      0      0      0      0      7      6      5      0      0
     0      0      0      0      0      0      0      0     15      3      0      0
     0      0      0      0      0      0      0      0      1     17      0      0
     0      0      0     17      1      0      0      0      0      0      0      0
     0      0      0      0     12      0      0      0      0      0      0      6
