output/result/new/K5_K3_2019-01-28_22.27

fc6_linear
Binh 		Giang		Hung 		Tan  		Thuan		Final accuracy
loss	acc 	loss	acc 	loss	acc 	loss	acc 	loss	acc 	
0.9923	0.7407	0.5696	0.7619	1.2825	0.7419	0.5393	0.8500	0.4866	0.8333		0.7856
0.7849	0.7778	0.5175	0.8095	1.3533	0.7097	0.3417	0.9000	0.4231	0.9583		0.8311
0.7504	0.7778	0.4738	0.8095	1.4318	0.6774	0.3266	0.9000	0.4696	0.9583		0.8246
0.7356	0.7778	0.5061	0.8095	1.3516	0.6774	0.3122	0.9000	0.5296	0.9167		0.8163
0.7928	0.7778	0.5345	0.7619	1.3547	0.6774	0.2972	0.9000	0.5016	0.9167		0.8068
fc6_linear_accuracy:0.8311

fc6_rbf
Binh 		Giang		Hung 		Tan  		Thuan		Final accuracy
loss	acc 	loss	acc 	loss	acc 	loss	acc 	loss	acc 	
1.3262	0.6667	0.6513	0.7619	1.2253	0.7097	0.5063	0.8500	0.6337	0.9167		0.7810
0.8633	0.7778	0.4918	0.8095	1.2091	0.7097	0.3304	0.9000	0.4802	0.9167		0.8227
1.2588	0.4444	0.6793	0.7143	1.2550	0.7097	0.3277	0.9000	0.4649	0.9583		0.7453
1.1021	0.5926	0.5702	0.8095	1.1809	0.7097	0.3323	0.9000	0.4618	0.9583		0.7940
1.0247	0.5926	0.5288	0.8095	1.2055	0.7097	0.3628	0.9000	0.4689	0.9583		0.7940
fc6_rbf_accuracy:0.8227

fc7_linear
Binh 		Giang		Hung 		Tan  		Thuan		Final accuracy
loss	acc 	loss	acc 	loss	acc 	loss	acc 	loss	acc 	
1.2275	0.7037	1.0711	0.7143	1.7633	0.5806	1.3246	0.4500	0.6375	0.8333		0.6564
0.8603	0.6667	0.6689	0.7619	1.4639	0.5806	1.2847	0.6000	0.4985	0.8750		0.6968
0.8851	0.6667	0.6917	0.7619	1.4323	0.6129	1.2573	0.6000	0.6047	0.6667		0.6616
0.9040	0.6667	0.6998	0.7619	1.3277	0.6452	1.3006	0.5500	0.4945	0.8750		0.6997
0.9315	0.6667	0.7085	0.7619	1.3668	0.5806	1.2609	0.6000	0.5867	0.8333		0.6885
fc7_linear_accuracy:0.6997

fc7_rbf
Binh 		Giang		Hung 		Tan  		Thuan		Final accuracy
loss	acc 	loss	acc 	loss	acc 	loss	acc 	loss	acc 	
1.0722	0.6667	0.9819	0.6667	1.7391	0.5484	1.1352	0.4500	0.7834	0.7500		0.6163
0.8156	0.7778	0.8242	0.6667	1.5132	0.5484	0.9652	0.6000	0.7954	0.6250		0.6436
1.0736	0.5926	0.7138	0.7143	1.4594	0.5484	0.9615	0.5500	0.7703	0.7500		0.6311
0.8323	0.7037	0.7778	0.7143	1.4584	0.5484	0.9973	0.6000	0.8252	0.5833		0.6299
0.8412	0.7037	0.7561	0.7143	1.4596	0.5806	1.0347	0.5500	0.8814	0.5833		0.6264
fc7_rbf_accuracy:0.6436

prob
Binh 		Giang		Hung 		Tan  		Thuan		Final accuracy
loss	acc 	loss	acc 	loss	acc 	loss	acc 	loss	acc 	
1.0597	0.7778	0.9267	0.8571	1.1986	0.6129	0.8055	0.9000	1.1016	0.8333		0.7962
0.5987	0.7778	0.6144	0.8095	1.5074	0.6129	0.2370	1.0000	0.5212	0.7917		0.7984
0.6125	0.7778	0.5154	0.8095	1.7759	0.5806	0.2000	1.0000	0.4378	0.7917		0.7919
0.6261	0.7778	0.6223	0.7619	1.8433	0.6129	0.1567	1.0000	0.3657	0.8750		0.8055
0.6352	0.7778	0.6118	0.8095	1.8989	0.6129	0.1575	1.0000	0.4326	0.8333		0.8067
prob_accuracy:0.8067

