    18      0      0      0      0      0      0      0      0      0      0      0
     0     18      0      0      0      0      0      0      0      0      0      0
     0      0     18      0      0      0      0      0      0      0      0      0
     0      0      0      9      0      0      0      0      0      0      9      0
     0      0      0      0      9      0      0      0      0      0      0      9
     0      0      0      0      0     18      0      0      0      0      0      0
     0      0      0      0      0      4     14      0      0      0      0      0
     0      0      0      0      0      0      0     18      0      0      0      0
     0      0      0      0      0      0      0      0     18      0      0      0
     0      0      0      0      0      0      0      0      0     18      0      0
     0      0      0      0      0      0      0      0      0      0     18      0
     0      0      0      0      0      0      0      0      0      0      0     18
