     4      1      0      1      8      0      0      0      0      0      0      1
     0      3      0      0      0      0      0      0      0     12      0      0
     0      0     12      1      0      1      1      0      0      0      0      0
     0      0      1     14      0      0      0      0      0      0      0      0
     0      0      0      0     12      0      0      0      0      0      0      3
     0      0      0      0      7      8      0      0      0      0      0      0
     0      0      0      6      7      2      0      0      0      0      0      0
     0      0      0      0      0      0      0      0      6      9      0      0
     0      0      0      0      0      0      0      0      2     13      0      0
     0      1      0      0      0      0      0      0      0     14      0      0
     0      0      0     10      4      0      0      0      0      0      0      1
     0      0      0      0     12      0      0      0      0      0      0      3
