    15      0      0      0      0      0      0      0      0      0      0      0
     0     15      0      0      0      0      0      0      0      0      0      0
     0      0     15      0      0      0      0      0      0      0      0      0
     0      0      0     15      0      0      0      0      0      0      0      0
     0      0      0      0     15      0      0      0      0      0      0      0
     0      0      0      0      0     15      0      0      0      0      0      0
     0      0      0      0      0      0     15      0      0      0      0      0
     0      0      0      0      0      0      0     15      0      0      0      0
     0      0      0      0      0      0      0      0     15      0      0      0
     0      0      0      0      0      0      0      3      2     10      0      0
     0      0      0      0      0      0      0      0      0      0     15      0
     0      0      0      0      3      0      0      0      0      0      0     12
