     0      4      0      0      1      0      0      0     13      0      0      0
     0     18      0      0      0      0      0      0      0      0      0      0
     0      0     15      0      3      0      0      0      0      0      0      0
     0      0      0     15      1      0      0      0      2      0      0      0
     0      0      0      2     14      0      0      0      2      0      0      0
     0      1      2      1     11      0      0      0      3      0      0      0
     0      0      3      9      6      0      0      0      0      0      0      0
     0     15      1      0      0      0      0      0      2      0      0      0
     0     15      0      0      0      0      0      0      3      0      0      0
     0     18      0      0      0      0      0      0      0      0      0      0
     0      0      3     14      1      0      0      0      0      0      0      0
     0      0      0      4     12      0      0      0      2      0      0      0
