/home/dangmanhtruong95/Cuong/c3d_luanvan/output/result/K5_K1_2019-01-30_08.06

fc6_linear
Giang		Hai  		Long 		Minh 		Thuan		Thuy 		Tuyen		Final accuracy
loss	acc 	loss	acc 	loss	acc 	loss	acc 	loss	acc 	loss	acc 	loss	acc 	
4.9876	0.0833	3.8666	0.1111	4.1797	0.1389	4.9995	0.1667	4.5039	0.0833	4.0227	0.1111	4.3541	0.0833		0.1111
4.1925	0.1389	4.2551	0.1667	3.9890	0.1111	4.0529	0.0833	3.8579	0.1667	3.5460	0.0833	3.4233	0.0833		0.1190
3.4686	0.0833	3.9616	0.1667	4.2587	0.1667	3.8101	0.0833	3.4992	0.1389	3.4901	0.1389	3.3103	0.0833		0.1230
3.4984	0.0556	3.5804	0.1389	3.9216	0.1389	3.8549	0.0833	4.1070	0.0833	3.4259	0.0833	3.4074	0.0833		0.0952
3.4851	0.0833	3.5509	0.1111	3.7281	0.2500	4.0494	0.0833	4.7883	0.0833	3.4003	0.1667	3.5313	0.0833		0.1230
3.4693	0.0556	3.6908	0.1111	3.6484	0.2222	4.0137	0.0833	3.7028	0.1667	3.3831	0.1389	3.4244	0.0833		0.1230
fc6_linear_accuracy:0.1230

fc6_rbf
Giang		Hai  		Long 		Minh 		Thuan		Thuy 		Tuyen		Final accuracy
loss	acc 	loss	acc 	loss	acc 	loss	acc 	loss	acc 	loss	acc 	loss	acc 	
4.6022	0.0833	3.4019	0.1667	4.2638	0.1667	3.7724	0.0833	3.5783	0.1389	3.4475	0.1667	3.2888	0.2222		0.1468
3.6815	0.1111	3.4562	0.0833	3.2688	0.3056	3.6942	0.0833	3.5986	0.1667	3.7466	0.1111	3.3257	0.1667		0.1468
3.4465	0.1389	3.4694	0.0833	3.4560	0.1944	3.8557	0.0833	3.3451	0.1667	3.1377	0.0833	2.9753	0.0833		0.1190
3.5271	0.1667	3.8237	0.0833	3.3532	0.1944	3.7092	0.0833	3.4653	0.1389	3.0399	0.0833	3.1196	0.1944		0.1349
3.3741	0.1389	3.4185	0.0833	3.5719	0.1111	3.8116	0.1111	3.9266	0.0833	3.1023	0.0833	3.7031	0.0833		0.0992
3.4382	0.1111	3.4045	0.0833	3.2488	0.3056	3.8722	0.0833	3.1554	0.1667	3.0413	0.0833	3.0921	0.0833		0.1310
fc6_rbf_accuracy:0.1468

fc7_linear
Giang		Hai  		Long 		Minh 		Thuan		Thuy 		Tuyen		Final accuracy
loss	acc 	loss	acc 	loss	acc 	loss	acc 	loss	acc 	loss	acc 	loss	acc 	
3.2513	0.0833	3.2832	0.0833	3.2021	0.1667	3.5041	0.1389	3.4698	0.0833	3.2893	0.0556	3.2915	0.0833		0.0992
3.0693	0.0278	3.4764	0.1111	2.9456	0.1667	3.3945	0.0833	3.3659	0.1667	3.0980	0.0278	3.2791	0.0833		0.0952
2.9815	0.0000	3.3051	0.0833	2.9881	0.1667	3.4539	0.0278	3.1827	0.0556	2.8917	0.0833	2.9050	0.0833		0.0714
3.0005	0.0278	3.2548	0.0833	3.0561	0.1389	3.2633	0.0833	3.0397	0.1111	2.9183	0.0833	2.6331	0.0833		0.0873
2.9402	0.0000	3.2893	0.0833	2.8965	0.1944	3.3459	0.0278	3.0707	0.1111	2.8884	0.0833	2.8917	0.0833		0.0833
2.9608	0.0000	3.2898	0.0833	2.9449	0.1389	3.3509	0.0556	3.0152	0.1111	2.8861	0.0833	2.8975	0.0833		0.0794
fc7_linear_accuracy:0.0992

fc7_rbf
Giang		Hai  		Long 		Minh 		Thuan		Thuy 		Tuyen		Final accuracy
loss	acc 	loss	acc 	loss	acc 	loss	acc 	loss	acc 	loss	acc 	loss	acc 	
3.0779	0.0833	3.3793	0.0833	3.5110	0.1944	3.1540	0.0833	3.3859	0.1667	3.0976	0.0833	2.7196	0.0833		0.1111
3.1177	0.1389	3.6046	0.0833	3.0564	0.2500	3.1134	0.0833	3.3107	0.0833	3.0107	0.0833	2.8486	0.1111		0.1190
3.0913	0.0278	3.4678	0.0833	2.8994	0.1667	3.2551	0.0833	3.1622	0.0833	2.8340	0.0833	2.8637	0.1111		0.0913
3.0120	0.0278	3.4267	0.0833	3.0340	0.1944	3.1252	0.0833	3.2341	0.0833	2.9591	0.0833	2.6565	0.1111		0.0952
2.9579	0.0278	3.5034	0.0833	2.8356	0.2778	3.2066	0.0833	3.2703	0.1111	2.7793	0.0833	2.8849	0.0833		0.1071
2.9596	0.0000	3.5114	0.0833	3.0121	0.1667	3.2527	0.0833	3.2560	0.0833	2.8162	0.1111	2.8657	0.0833		0.0873
fc7_rbf_accuracy:0.1190

prob
Giang		Hai  		Long 		Minh 		Thuan		Thuy 		Tuyen		Final accuracy
loss	acc 	loss	acc 	loss	acc 	loss	acc 	loss	acc 	loss	acc 	loss	acc 	
3.1432	0.0833	3.8810	0.0833	3.7375	0.0833	3.0239	0.0556	3.7377	0.1111	3.4589	0.0833	3.0028	0.2778		0.1111
3.9363	0.0278	5.8214	0.0833	4.3506	0.1111	3.3260	0.0833	4.0622	0.1667	3.2903	0.0833	3.3635	0.2500		0.1151
3.8779	0.0000	5.9567	0.0833	4.8218	0.1667	3.4532	0.0556	4.4156	0.1667	3.4651	0.0833	3.4364	0.2222		0.1111
4.3219	0.0278	6.0466	0.0833	5.1818	0.1667	3.5875	0.0556	4.6749	0.1667	4.0409	0.0833	3.8863	0.1667		0.1071
4.2851	0.0278	6.2824	0.0833	4.9293	0.1667	3.7589	0.0278	4.7732	0.1667	4.4805	0.0833	3.8234	0.2500		0.1151
4.4462	0.0278	6.4758	0.0833	5.0064	0.1667	3.8799	0.0556	4.9224	0.1667	4.5087	0.0833	3.9049	0.2500		0.1190
prob_accuracy:0.1190

