    45      0      0      0      0      0      0      0      0      0      0      0
     0     37      3      0      0      0      0      0      0      5      0      0
     0      1     43      1      0      0      0      0      0      0      0      0
     0      1      1     42      0      0      0      0      0      0      1      0
     0      0      0      0     36      0      0      0      0      0      0      9
     0      0      0      1      0     43      1      0      0      0      0      0
     0      0      0      0      0      0     45      0      0      0      0      0
     0      1      0      0      0      0      0     41      2      1      0      0
     0      0      0      0      0      0      0      0     45      0      0      0
     0      0      0      0      0      0      0      0      0     45      0      0
     2      0      0      1      0      0      0      0      0      0     42      0
     0      0      0      0      0      0      0      0      0      0      0     45
