    45      0      0      0      0      0      0      0      0      0      0      0
     0     38      3      0      0      0      0      0      0      4      0      0
     0      2     43      0      0      0      0      0      0      0      0      0
     0      1      1     40      0      0      0      0      0      0      3      0
     0      0      0      0     37      0      0      0      0      0      0      8
     1      1      0      0      0     42      1      0      0      0      0      0
     0      0      0      0      0      0     45      0      0      0      0      0
     0      1      0      0      0      0      0     42      2      0      0      0
     0      0      0      0      0      0      0      0     45      0      0      0
     0      0      0      0      0      0      0      0      0     45      0      0
     1      0      0      2      0      0      0      0      0      0     42      0
     0      0      0      0      0      0      0      0      0      0      0     45
