    44      0      0      1      0      0      0      0      0      0      0      0
     0     14      4      0      0      0      0      1      0     26      0      0
     0      1     43      1      0      0      0      0      0      0      0      0
     0      1      1     43      0      0      0      0      0      0      0      0
     0      0      0      0     18      0      0      0      0      0      0     27
     0      0      0      1      0     42      2      0      0      0      0      0
     0      0      0      0      0      0     45      0      0      0      0      0
     0      1      0      0      0      0      0     38      2      4      0      0
     0      0      0      0      0      0      0      0     45      0      0      0
     0      0      0      0      0      0      0      0      0     45      0      0
     0      0      0     41      0      0      0      0      0      0      4      0
     0      0      0      0      0      0      0      0      0      0      0     45
