    18      0      0      0      0      0      0      0      0      0      0      0
     0      3      0      0      0      0      0      0      1     14      0      0
     0      0     18      0      0      0      0      0      0      0      0      0
     0      0      0     13      1      0      0      0      0      0      2      2
     0      0      0      3     10      0      0      0      0      0      0      5
     0      0      0      0      0     15      3      0      0      0      0      0
     0      0      0      0      0      0     18      0      0      0      0      0
     0      2      0      0      0      0      0      8      0      8      0      0
     0      0      0      0      0      0      0      0     17      1      0      0
     0      0      0      0      0      0      0      0      1     17      0      0
     0      0      0      0      1      0      0      0      0      0     14      3
     0      0      0      0      6      0      0      0      0      0      0     12
