    18      0      0      0      0      0      0      0      0      0      0      0
     0      0      0      0      0      0      0      0      1     17      0      0
     0      0     12      0      0      0      5      0      1      0      0      0
     0      0      0     12      3      0      1      0      0      0      2      0
     0      0      0      0     15      0      0      0      0      0      3      0
     0      0      0      0      0     12      3      0      3      0      0      0
     0      0      0      0      0      0     18      0      0      0      0      0
     0      0      0      0      0      0      0      2      0     16      0      0
     0      0      0      0      0      0      0      0     12      6      0      0
     0      0      0      0      0      0      0      0      0     18      0      0
     0      0      0     12      1      0      0      0      0      0      3      2
     0      0      0      0     15      0      0      0      0      0      3      0
