    18      0      0      0      0      0      0      0      0      0      0      0
     0     18      0      0      0      0      0      0      0      0      0      0
     0      0     18      0      0      0      0      0      0      0      0      0
     0      0      0     16      1      1      0      0      0      0      0      0
     0      0      0      0     18      0      0      0      0      0      0      0
     0      0      0      0      0     16      2      0      0      0      0      0
     0      0      0      0      0      0     18      0      0      0      0      0
     0      0      0      0      0      0      0     15      2      1      0      0
     0      0      0      0      0      0      0      0     18      0      0      0
     0      3      0      0      0      0      0      0      0     15      0      0
     0      0      0      8      0      0      0      0      0      0     10      0
     0      0      0      0     15      0      0      0      0      0      0      3
