    15      0      0      0      0      0      0      0      0      0      0      0
     0      0      0      0      0      0      0      0      0     15      0      0
     0      0     15      0      0      0      0      0      0      0      0      0
     0      0      0     15      0      0      0      0      0      0      0      0
     0      0      0      0     15      0      0      0      0      0      0      0
     0      0      0      0      0     10      5      0      0      0      0      0
     0      0      0      0      0      0     15      0      0      0      0      0
     0      0      0      0      0      0      0      1      2     12      0      0
     0      0      0      0      0      0      0      0     13      2      0      0
     0      0      0      0      0      0      0      0      0     15      0      0
     0      0      0      6      0      0      0      0      0      0      9      0
     0      0      0      0     15      0      0      0      0      0      0      0
