    11      0      0      0      1      3      0      0      0      0      0      0
     0      1      0      0      0      0      0      0      0     14      0      0
     0      0     15      0      0      0      0      0      0      0      0      0
     0      0      0     15      0      0      0      0      0      0      0      0
     0      0      0      2     10      3      0      0      0      0      0      0
     0      0      0      0      0     15      0      0      0      0      0      0
     0      0      0      0      0      2     13      0      0      0      0      0
     0      0      0      0      0      0      0      0      3     12      0      0
     0      0      0      0      0      0      0      0      3     12      0      0
     0      0      0      0      0      0      0      0      0     15      0      0
     0      0      0     14      1      0      0      0      0      0      0      0
     0      0      0      3      6      2      0      0      0      0      0      4
