    17      0      0      0      0      0      0      0      0      0      0      1
     0      0      0      0      0      0      0      3      0     15      0      0
     0      0     18      0      0      0      0      0      0      0      0      0
     0      0      0     15      3      0      0      0      0      0      0      0
     0      0      0      0     10      0      3      0      0      0      0      5
     2      0      0      0      1      1     13      0      1      0      0      0
     0      0      0      0      0      0     18      0      0      0      0      0
     0      0      0      0      0      0      0     13      0      5      0      0
     0      0      0      0      0      0      0      0     17      1      0      0
     0      0      0      0      0      0      0      0      0     18      0      0
     0      0      0     13      3      0      2      0      0      0      0      0
     0      0      0      1      4      0      2      0      0      0      0     11
