output/result/K2_K3_2019-02-16_12.03

fc6_linear
Giang		Hai  		Long 		Minh 		Thuan		Thuy 		Tuyen		Final accuracy
loss	acc 	loss	acc 	loss	acc 	loss	acc 	loss	acc 	loss	acc 	loss	acc 	
3.4878	0.3889	3.5825	0.1944	3.4105	0.4167	2.6531	0.3889	4.2835	0.1944	3.9800	0.2222	3.0447	0.1944		0.2857
2.1033	0.3333	2.4186	0.4167	2.6913	0.4167	2.6483	0.4167	3.5006	0.2500	2.8609	0.3056	2.6344	0.3056		0.3492
1.8246	0.4167	2.3146	0.3333	2.1921	0.3611	2.0951	0.3611	2.3121	0.2778	2.4601	0.4167	2.3251	0.2222		0.3413
1.4601	0.5833	1.9909	0.2778	2.1311	0.4722	1.8164	0.3333	2.6747	0.2222	1.9034	0.4167	2.1166	0.2778		0.3690
1.6001	0.6111	1.9903	0.3056	2.1563	0.4444	1.7347	0.4167	3.0157	0.2500	1.4781	0.4722	2.1454	0.2500		0.3929
1.5976	0.6389	1.8433	0.3611	2.0509	0.4444	1.8562	0.4444	2.8106	0.1944	1.6436	0.4444	2.1274	0.1667		0.3849
fc6_linear_accuracy:0.4325

fc6_rbf
Giang		Hai  		Long 		Minh 		Thuan		Thuy 		Tuyen		Final accuracy
loss	acc 	loss	acc 	loss	acc 	loss	acc 	loss	acc 	loss	acc 	loss	acc 	
4.0121	0.1389	2.8260	0.1667	2.6894	0.2778	2.3039	0.2778	3.0772	0.1667	3.8727	0.1667	2.4777	0.2222		0.2024
1.7635	0.3611	2.1092	0.3333	2.2300	0.4722	1.9090	0.3889	2.4137	0.2500	2.4229	0.2222	2.2964	0.3333		0.3373
1.8322	0.3333	2.1103	0.2222	1.8737	0.3889	1.6853	0.3889	2.2304	0.2778	2.2790	0.2778	1.9397	0.3056		0.3135
1.3463	0.5556	1.9190	0.3056	1.9970	0.4167	1.6762	0.5000	2.2268	0.2500	1.7456	0.4167	1.9532	0.3333		0.3968
1.2087	0.5833	1.8094	0.3611	1.9907	0.3889	1.2125	0.5000	2.3505	0.2500	1.4923	0.5000	1.7579	0.4444		0.4325
1.2878	0.5556	1.7569	0.3611	2.0051	0.4167	1.3697	0.5556	2.2941	0.2500	1.5943	0.4167	1.9193	0.3889		0.4206
fc6_rbf_accuracy:0.4563

fc7_linear
Giang		Hai  		Long 		Minh 		Thuan		Thuy 		Tuyen		Final accuracy
loss	acc 	loss	acc 	loss	acc 	loss	acc 	loss	acc 	loss	acc 	loss	acc 	
2.7311	0.3333	3.2676	0.1667	3.6188	0.3333	2.3538	0.3056	4.7419	0.1667	3.5239	0.2500	3.2486	0.1944		0.2500
2.1246	0.3889	2.1269	0.3333	2.7170	0.3611	2.2627	0.3611	2.8362	0.3611	2.3298	0.3056	2.5075	0.3889		0.3571
1.7047	0.4444	2.2073	0.3333	2.2886	0.3056	2.1709	0.3611	2.7982	0.1944	2.2056	0.4167	2.5636	0.1667		0.3175
1.5333	0.5278	1.8583	0.4444	2.1476	0.3889	1.5511	0.4722	2.6225	0.2500	1.6586	0.3611	1.9386	0.2778		0.3889
1.6484	0.5000	1.8432	0.4722	2.3509	0.4722	1.6186	0.4444	3.0160	0.2778	1.5256	0.4444	2.2737	0.3056		0.4167
1.6139	0.5556	1.8948	0.4444	2.3531	0.4167	1.6498	0.5000	2.8209	0.1944	1.7191	0.4722	2.1466	0.3333		0.4167
fc7_linear_accuracy:0.4603

fc7_rbf
Giang		Hai  		Long 		Minh 		Thuan		Thuy 		Tuyen		Final accuracy
loss	acc 	loss	acc 	loss	acc 	loss	acc 	loss	acc 	loss	acc 	loss	acc 	
2.2615	0.3333	2.7671	0.1944	2.6931	0.2500	2.2407	0.2500	3.0948	0.1667	2.9424	0.1667	2.6737	0.1667		0.2183
1.7189	0.4167	2.0186	0.3333	2.0217	0.3611	1.5933	0.5000	2.3178	0.2500	2.1945	0.2500	1.9100	0.4167		0.3611
1.5403	0.4722	1.9294	0.3333	2.1140	0.3611	1.4390	0.5556	2.0896	0.2500	1.8616	0.4444	1.8649	0.3889		0.4008
1.2569	0.5833	1.8132	0.3889	1.9850	0.4167	1.5988	0.5278	2.4028	0.2500	1.6235	0.5278	1.6815	0.4722		0.4524
1.2764	0.5556	1.7104	0.4167	1.9258	0.4444	1.2210	0.5278	2.2305	0.2778	1.5401	0.5000	1.7451	0.3889		0.4444
1.2771	0.6111	1.7047	0.4444	2.1129	0.4167	1.3261	0.5556	2.3523	0.2500	1.6787	0.4444	1.8713	0.3611		0.4405
fc7_rbf_accuracy:0.4762

prob
Giang		Hai  		Long 		Minh 		Thuan		Thuy 		Tuyen		Final accuracy
loss	acc 	loss	acc 	loss	acc 	loss	acc 	loss	acc 	loss	acc 	loss	acc 	
1.7978	0.2500	1.8678	0.2222	1.8688	0.2778	1.8950	0.1389	2.1553	0.1944	1.8736	0.3333	1.9620	0.2500		0.2381
1.3419	0.5556	1.6238	0.4167	1.7153	0.4167	1.5377	0.3056	2.0057	0.3611	1.7273	0.3889	1.8579	0.2778		0.3889
1.1627	0.5556	1.6406	0.5000	2.0036	0.4722	1.3109	0.4722	2.0982	0.3611	1.5337	0.5556	1.6379	0.4722		0.4841
1.0544	0.6111	1.5734	0.4722	1.8709	0.5833	1.2086	0.5833	2.2479	0.3611	1.8985	0.4444	1.8171	0.3611		0.4881
1.2647	0.4722	1.8553	0.4722	2.2937	0.4444	1.2596	0.5278	2.3566	0.4167	1.3442	0.5833	1.5309	0.3889		0.4722
1.2297	0.5833	1.5401	0.5278	2.0687	0.5000	1.3584	0.5278	2.2406	0.4167	1.4793	0.5278	1.6502	0.2778		0.4802
prob_accuracy:0.5397

