output/result_backup/table_08Jan2019_original_aug_1_pad/K3_K5_07-01-2019_22.38.06

fc6_linear
Binh 		Giang		Hung 		Tan  		Thuan		Final accuracy
loss	acc 	loss	acc 	loss	acc 	loss	acc 	loss	acc 	
0.8931	0.8429	1.2676	0.6286	0.8132	0.7867	0.9739	0.7818	0.9409	0.7833		0.7646
0.6894	0.8500	0.6354	0.7619	0.8892	0.7667	0.7567	0.7909	0.5367	0.8417		0.8022
0.6254	0.8429	0.5050	0.8571	0.7629	0.7667	0.6637	0.8000	0.4664	0.8417		0.8217
0.6358	0.8429	0.4681	0.8571	0.5609	0.7933	0.6652	0.7727	0.3506	0.8750		0.8282
0.6042	0.8357	0.4478	0.8667	0.7730	0.7733	0.7367	0.7727	0.3287	0.8833		0.8264
0.5876	0.8429	0.4414	0.8667	0.7679	0.7733	0.7258	0.7636	0.3177	0.8917		0.8276
0.5956	0.8357	0.4311	0.8762	0.7639	0.7733	0.7032	0.7818	0.3207	0.8917		0.8317
fc6_linear_accuracy:0.8422

fc6_rbf
Binh 		Giang		Hung 		Tan  		Thuan		Final accuracy
loss	acc 	loss	acc 	loss	acc 	loss	acc 	loss	acc 	
0.9653	0.8286	0.7416	0.6857	0.3125	0.9067	0.8728	0.7545	0.7397	0.8167		0.7984
0.7487	0.8429	0.4922	0.8286	0.5034	0.8267	0.6007	0.8091	0.4524	0.8500		0.8314
0.6612	0.8500	0.4320	0.8762	0.5052	0.8200	0.5418	0.8091	0.3643	0.8583		0.8427
0.6387	0.8429	0.4420	0.8667	0.4194	0.8600	0.5898	0.7727	0.2927	0.8917		0.8468
0.6093	0.8429	0.4275	0.8952	0.6025	0.7800	0.6364	0.7818	0.2956	0.9000		0.8400
0.5963	0.8429	0.4267	0.8952	0.6282	0.7667	0.6088	0.7909	0.2816	0.8917		0.8375
0.5828	0.8429	0.4206	0.9143	0.6265	0.7733	0.6337	0.7636	0.2977	0.8750		0.8338
fc6_rbf_accuracy:0.8760

fc7_linear
Binh 		Giang		Hung 		Tan  		Thuan		Final accuracy
loss	acc 	loss	acc 	loss	acc 	loss	acc 	loss	acc 	
0.8909	0.8357	1.2805	0.6571	1.0315	0.8000	0.9582	0.7273	0.9680	0.8000		0.7640
0.6780	0.8500	0.7102	0.7333	0.9151	0.7933	0.7303	0.7909	0.6190	0.8083		0.7952
0.6591	0.8357	0.5999	0.7905	0.8142	0.7933	0.6850	0.7818	0.5145	0.8333		0.8069
0.6673	0.8214	0.5831	0.7810	0.6541	0.8000	0.7496	0.7364	0.4225	0.8333		0.7944
0.6137	0.8357	0.5484	0.7905	0.8485	0.8000	0.7998	0.7364	0.4414	0.8417		0.8008
0.6217	0.8286	0.5523	0.7905	0.8439	0.8000	0.8078	0.7455	0.4221	0.8500		0.8029
0.6178	0.8357	0.5331	0.8095	0.8383	0.8000	0.8112	0.7364	0.4213	0.8417		0.8047
fc7_linear_accuracy:0.8201

fc7_rbf
Binh 		Giang		Hung 		Tan  		Thuan		Final accuracy
loss	acc 	loss	acc 	loss	acc 	loss	acc 	loss	acc 	
1.0274	0.8286	0.7824	0.6857	0.4748	0.8533	0.8714	0.7273	0.6764	0.8000		0.7790
0.7389	0.8429	0.5391	0.7905	0.7857	0.7800	0.6183	0.7818	0.4336	0.8250		0.8040
0.6595	0.8429	0.5205	0.8000	0.7535	0.7733	0.5572	0.7909	0.3973	0.8250		0.8064
0.6334	0.8429	0.5338	0.7714	0.6121	0.7933	0.6227	0.7636	0.3491	0.8500		0.8043
0.5855	0.8357	0.5067	0.7810	0.8330	0.7933	0.6922	0.7545	0.3646	0.8500		0.8029
0.6036	0.8143	0.5244	0.7714	0.8549	0.7867	0.6798	0.7455	0.3324	0.8500		0.7936
0.5750	0.8357	0.5098	0.7810	0.8392	0.7867	0.6780	0.7545	0.3424	0.8500		0.8016
fc7_rbf_accuracy:0.8274

prob
Binh 		Giang		Hung 		Tan  		Thuan		Final accuracy
loss	acc 	loss	acc 	loss	acc 	loss	acc 	loss	acc 	
0.7575	0.7143	1.0077	0.6667	0.7985	0.6733	0.7790	0.8000	0.5058	0.8167		0.7342
0.7514	0.7929	1.2168	0.5905	1.0145	0.7267	0.7461	0.6545	0.4686	0.8750		0.7279
1.0203	0.7643	0.9582	0.6762	0.7968	0.8000	0.4545	0.8545	0.5069	0.8667		0.7923
0.9063	0.7714	0.8690	0.7238	0.6894	0.7533	0.5810	0.8545	0.4992	0.8750		0.7956
0.9515	0.7429	0.8254	0.7333	2.2077	0.7400	1.1379	0.6545	0.8901	0.7917		0.7325
0.8995	0.7500	0.8828	0.7238	1.9362	0.7533	0.9953	0.7455	0.4085	0.8917		0.7729
0.9436	0.7571	1.0678	0.6952	1.9311	0.7667	0.9210	0.7727	0.5000	0.8833		0.7750
prob_accuracy:0.8145

