    18      0      0      0      0      0      0      0      0      0      0      0
     0      0      0      0      0      0      0      0      1     17      0      0
     0      0     18      0      0      0      0      0      0      0      0      0
     0      0      0     18      0      0      0      0      0      0      0      0
     0      0      0      0     18      0      0      0      0      0      0      0
     0      0      0      0      0     18      0      0      0      0      0      0
     0      0      0      1      0      0     17      0      0      0      0      0
     0      0      0      0      0      0      0      9      0      9      0      0
     0      0      0      0      0      0      0      0      9      9      0      0
     0      0      0      0      0      0      0      0      0     18      0      0
     0      0      0      4      1      0      0      0      0      0     13      0
     0      0      0      0     17      0      0      0      0      0      0      1
