    18      0      0      0      0      0      0      0      0      0      0      0
     0      3      0      0      0      0      0      0      4     11      0      0
     0      0     18      0      0      0      0      0      0      0      0      0
     0      0      0     15      0      0      0      0      0      0      0      3
     0      0      0      0      0      0      0      0      0      0      0     18
     0      0      0      0      0     13      5      0      0      0      0      0
     0      0      0      0      0      0     18      0      0      0      0      0
     0      0      0      0      0      0      0     18      0      0      0      0
     0      0      0      0      0      0      0      0     18      0      0      0
     0      0      0      0      0      0      0      0      0     18      0      0
     0      0      0     15      0      0      0      0      0      0      0      3
     0      0      0      0      0      0      0      0      0      0      0     18
