output/result_backup/table_2019_02_12_original_pre_3_12gestures_fc6_1024_fc7_1024_from_pretrained/K3_K4_2019-02-10_20.13

fc6_linear
Giang		Hai  		Long 		Minh 		Thuan		Thuy 		Tuyen		Final accuracy
loss	acc 	loss	acc 	loss	acc 	loss	acc 	loss	acc 	loss	acc 	loss	acc 	
5.2214	0.3333	3.8812	0.1667	5.9641	0.1389	6.3074	0.0833	5.7815	0.2222	5.3546	0.1944	5.4408	0.0833		0.1746
7.1726	0.2500	5.3308	0.1111	3.9467	0.2500	3.6790	0.2778	7.3506	0.0833	4.6825	0.1667	4.2345	0.2778		0.2024
4.9604	0.2500	4.0267	0.2222	4.4334	0.3333	3.5295	0.2222	5.9258	0.0833	3.9912	0.2500	4.2382	0.1667		0.2183
4.5126	0.3056	5.7477	0.0833	4.5617	0.3056	2.9547	0.1667	5.7381	0.0833	3.6788	0.3333	4.4147	0.1944		0.2103
4.3383	0.3056	3.6029	0.1667	3.4529	0.3611	3.4335	0.1111	5.0055	0.0833	3.4293	0.2778	3.9296	0.2778		0.2262
4.2197	0.3056	3.3390	0.1667	3.3613	0.3333	2.7773	0.2222	4.3478	0.1667	3.3869	0.3056	3.9375	0.2778		0.2540
fc6_linear_accuracy:0.2897

fc6_rbf
Giang		Hai  		Long 		Minh 		Thuan		Thuy 		Tuyen		Final accuracy
loss	acc 	loss	acc 	loss	acc 	loss	acc 	loss	acc 	loss	acc 	loss	acc 	
3.2740	0.1667	3.1302	0.1944	3.6216	0.1944	4.0993	0.1389	4.3947	0.2222	4.2381	0.1944	4.5204	0.0000		0.1587
3.8657	0.1944	3.1038	0.1389	2.7712	0.2500	3.5852	0.1111	3.8624	0.0833	2.9691	0.3056	3.4049	0.2222		0.1865
3.2002	0.1944	3.0913	0.1667	3.2193	0.3333	3.3379	0.2222	4.1737	0.0833	2.9978	0.2500	3.3082	0.2222		0.2103
3.7149	0.2500	4.3031	0.0833	3.3462	0.2500	3.3892	0.0833	4.1265	0.0833	3.1185	0.2222	3.8737	0.2500		0.1746
3.4871	0.2500	3.4196	0.1111	3.2621	0.3333	3.1531	0.1667	4.1311	0.0833	3.4046	0.3056	3.5069	0.2500		0.2143
3.5203	0.2778	3.2082	0.1667	2.9397	0.3056	3.2911	0.0833	4.1290	0.0833	3.8350	0.2222	3.3719	0.1667		0.1865
fc6_rbf_accuracy:0.2579

fc7_linear
Giang		Hai  		Long 		Minh 		Thuan		Thuy 		Tuyen		Final accuracy
loss	acc 	loss	acc 	loss	acc 	loss	acc 	loss	acc 	loss	acc 	loss	acc 	
4.3812	0.3056	5.6062	0.2500	4.9991	0.2500	3.8889	0.3611	6.0794	0.0833	4.8250	0.2222	5.1863	0.2778		0.2500
4.6316	0.1944	4.0570	0.2500	4.0700	0.2222	3.6265	0.2500	5.7637	0.0833	4.0512	0.2222	4.2882	0.2778		0.2143
4.0658	0.3056	3.6153	0.2500	4.3756	0.3333	3.4601	0.2222	5.1376	0.0833	3.4083	0.1667	3.3375	0.3056		0.2381
3.5954	0.3056	3.4329	0.3056	4.0443	0.3333	3.1330	0.2222	4.4558	0.1667	2.9550	0.2500	3.0669	0.4167		0.2857
3.6414	0.3056	3.7172	0.2778	3.3335	0.3333	2.9406	0.2500	3.7865	0.1667	2.6514	0.3056	2.8328	0.2500		0.2698
3.4885	0.3056	3.5620	0.2778	3.3376	0.3333	2.9335	0.2222	3.5819	0.1667	2.7531	0.2778	2.8605	0.2778		0.2659
fc7_linear_accuracy:0.3135

fc7_rbf
Giang		Hai  		Long 		Minh 		Thuan		Thuy 		Tuyen		Final accuracy
loss	acc 	loss	acc 	loss	acc 	loss	acc 	loss	acc 	loss	acc 	loss	acc 	
2.7498	0.3333	3.3950	0.3333	3.1533	0.3056	3.1066	0.2778	3.4570	0.1667	2.4343	0.3889	3.0598	0.4167		0.3175
3.3109	0.3333	3.4235	0.3333	2.8609	0.3611	3.1366	0.1944	3.6755	0.1389	2.7141	0.2778	3.0024	0.4167		0.2937
3.7694	0.2778	3.4890	0.2778	3.4184	0.3611	2.8542	0.2500	3.7387	0.1667	2.7647	0.1667	3.0842	0.3333		0.2619
3.7582	0.3056	3.7098	0.3056	3.6661	0.3056	2.7672	0.1944	3.2624	0.1667	2.8925	0.1944	3.1043	0.2778		0.2500
3.5812	0.3056	3.8383	0.2778	3.6145	0.3611	2.8472	0.2222	3.1964	0.1389	2.9096	0.2222	2.8683	0.2778		0.2579
3.6152	0.3056	3.6679	0.2500	3.4834	0.3611	2.7807	0.2500	3.0779	0.1389	2.9463	0.2222	3.0215	0.2500		0.2540
fc7_rbf_accuracy:0.3254

prob
Giang		Hai  		Long 		Minh 		Thuan		Thuy 		Tuyen		Final accuracy
loss	acc 	loss	acc 	loss	acc 	loss	acc 	loss	acc 	loss	acc 	loss	acc 	
2.2658	0.2500	2.4262	0.2500	2.1267	0.3056	2.3623	0.1667	2.7924	0.0556	2.0631	0.2500	2.2144	0.2500		0.2183
2.9774	0.1667	2.7952	0.1944	2.2729	0.2778	2.3864	0.1111	3.2644	0.1389	2.3503	0.3056	2.9273	0.1944		0.1984
3.5144	0.2222	3.4199	0.1944	2.8606	0.2222	2.5957	0.2222	3.2329	0.1667	2.4216	0.3611	2.9556	0.2222		0.2302
4.0494	0.2222	4.3998	0.1944	2.7534	0.2222	2.8269	0.1667	3.5453	0.1111	3.0085	0.2500	2.8734	0.2500		0.2024
3.7927	0.2778	3.9529	0.2222	3.3639	0.2500	2.8299	0.1944	3.6277	0.1667	3.0963	0.2778	3.2916	0.3056		0.2421
4.0336	0.2778	3.7935	0.2222	3.0428	0.2778	2.9917	0.1667	3.6985	0.1667	3.1399	0.2778	3.4033	0.2500		0.2341
prob_accuracy:0.2698

