    18      0      0      0      0      0      0      0      0      0      0      0
     0      2      0      0      0      0      0      0      0     16      0      0
     0      0     18      0      0      0      0      0      0      0      0      0
     0      0      0     17      1      0      0      0      0      0      0      0
     0      0      0      0     18      0      0      0      0      0      0      0
     0      0      0      0      0     10      8      0      0      0      0      0
     0      0      0      0      0      0     18      0      0      0      0      0
     0      0      0      0      0      0      0      5      2     11      0      0
     0      0      0      0      0      0      0      0      5     13      0      0
     0      0      0      0      0      0      0      0      0     18      0      0
     0      0      0     13      0      0      0      0      0      0      2      3
     0      0      0      0     16      0      0      0      0      0      0      2
