    18      0      0      0      0      0      0      0      0      0      0      0
     0     13      0      0      0      0      0      0      0      5      0      0
     0      0     17      0      0      0      1      0      0      0      0      0
     0      0      0     14      1      0      0      0      0      0      3      0
     0      0      0      0     18      0      0      0      0      0      0      0
     0      0      0      0      0      8     10      0      0      0      0      0
     0      0      0      0      0      0     18      0      0      0      0      0
     0      0      0      0      0      0      2      6      0     10      0      0
     0      0      0      0      0      0      0      0      4     14      0      0
     0      0      0      0      0      0      0      0      0     18      0      0
     0      0      0      1      0      0      0      0      0      0     16      1
     0      0      0      0      1      0      0      0      0      0      0     17
