     0      0      0      9      3      0      0      0      6      0      0      0
     0      9      0      3      0      0      0      0      0      6      0      0
     0      0      7     11      0      0      0      0      0      0      0      0
     0      0      0     18      0      0      0      0      0      0      0      0
     0      0      0     13      5      0      0      0      0      0      0      0
     0      0      1     13      4      0      0      0      0      0      0      0
     0      0      0     18      0      0      0      0      0      0      0      0
     0      0      0     11      0      0      0      5      2      0      0      0
     0      0      0      0      0      0      0      0     18      0      0      0
     0      1      0      3      0      0      0      0      0     14      0      0
     0      0      0     18      0      0      0      0      0      0      0      0
     0      0      0     15      3      0      0      0      0      0      0      0
