    90      0      0      0      0      0      0      0      0      0      0      0
     0     82      0      0      0      0      0      0      1      7      0      0
     0      0     90      0      0      0      0      0      0      0      0      0
     0      0      0     81      0      0      0      0      0      0      9      0
     0      0      0      0     80      0      0      0      0      0      0     10
     0      0      0      0      0     89      1      0      0      0      0      0
     0      0      0      0      0      0     90      0      0      0      0      0
     0      1      0      0      0      0      0     89      0      0      0      0
     0      0      0      0      0      0      0      0     89      1      0      0
     0      2      0      0      0      0      0      0      1     87      0      0
     0      0      0      1      0      0      0      0      0      0     87      2
     0      0      0      0      7      0      0      0      0      0      0     83
