    90      0      0      0      0      0      0      0      0      0      0      0
     0     84      0      0      0      0      0      0      1      5      0      0
     0      0     90      0      0      0      0      0      0      0      0      0
     0      0      0     77      0      0      0      0      0      0     13      0
     0      0      0      0     72      0      0      0      0      0      0     18
     0      0      0      0      0     89      1      0      0      0      0      0
     0      0      0      0      0      0     90      0      0      0      0      0
     0      2      0      0      0      0      0     88      0      0      0      0
     0      1      0      0      0      0      0      0     87      2      0      0
     0      1      0      0      0      0      0      0      2     87      0      0
     0      0      0      1      0      0      0      0      0      0     88      1
     0      0      0      0     15      0      0      0      0      0      0     75
