    18      0      0      0      0      0      0      0      0      0      0      0
     0     17      0      0      0      0      0      0      0      1      0      0
     0      0     18      0      0      0      0      0      0      0      0      0
     1      0      0     15      0      0      0      0      0      0      0      2
     0      0      0      1      0      0      0      0      0      0      1     16
     1      0      0      0      0     10      5      0      0      0      0      2
     0      0      1      0      0      0     17      0      0      0      0      0
     0      0      0      0      0      0      0     18      0      0      0      0
     0      0      0      0      0      0      0      0     18      0      0      0
     0      0      0      0      0      0      0      0      0     18      0      0
     1      0      0      4      0      0      0      0      0      0     11      2
     0      0      0      0      0      0      0      0      0      0      3     15
