    17      0      0      1      0      0      0      0      0      0      0      0
     0      1      0      1      0      0      0      1      0     15      0      0
     0      0     11      6      1      0      0      0      0      0      0      0
     0      0      0     11      5      0      1      0      0      0      0      1
     1      0      0      6     11      0      0      0      0      0      0      0
     0      0      0      1      0      7     10      0      0      0      0      0
     0      0      0      0      0      0     18      0      0      0      0      0
     0      0      0      0      0      0      0      3      0     15      0      0
     0      1      0      0      0      0      0      0      0     17      0      0
     0      0      0      0      0      0      0      0      0     18      0      0
     0      0      0     14      4      0      0      0      0      0      0      0
     1      0      0      5      8      0      0      0      0      0      0      4
