    17      0      0      0      1      0      0      0      0      0      0      0
     0     16      0      0      0      0      0      0      0      2      0      0
     0      0     18      0      0      0      0      0      0      0      0      0
     0      0      0     10      8      0      0      0      0      0      0      0
     0      0      0      0     18      0      0      0      0      0      0      0
     0      0      0      0      0     18      0      0      0      0      0      0
     0      0      0      0      0      1     17      0      0      0      0      0
     0     13      0      0      0      0      0      4      1      0      0      0
     0      7      0      0      0      0      0      0     11      0      0      0
     0     11      0      0      0      0      0      0      0      7      0      0
     0      0      0      6      7      0      0      0      0      0      5      0
     0      0      0      1     17      0      0      0      0      0      0      0
