    43      0      0      1      0      1      0      0      0      0      0      0
     0     30      4      0      0      0      0      0      0     11      0      0
     0      1     43      1      0      0      0      0      0      0      0      0
     1      1      1     42      0      0      0      0      0      0      0      0
     0      0      0      0     41      0      0      0      0      0      0      4
     0      0      0      1      0     44      0      0      0      0      0      0
     0      0      0      0      0      0     45      0      0      0      0      0
     0      5      0      0      0      0      0     36      2      2      0      0
     0      0      0      0      0      0      0      0     44      1      0      0
     0      1      0      0      0      0      0      0      0     44      0      0
     0      0      0      8      0      0      0      0      0      0     37      0
     0      0      0      0      3      0      0      0      0      0      0     42
