    90      0      0      0      0      0      0      0      0      0      0      0
     0     72      0      0      0      0      0      0      5     13      0      0
     0      0     90      0      0      0      0      0      0      0      0      0
     0      0      0     67      0      0      0      0      0      0     23      0
     0      0      0      0     84      0      0      0      0      0      0      6
     0      0      0      0      0     84      6      0      0      0      0      0
     0      0      0      0      0      0     90      0      0      0      0      0
     0      2      0      0      0      0      0     87      0      1      0      0
     0      3      0      0      0      0      0      0     84      3      0      0
     0      5      0      0      0      0      0      1      6     78      0      0
     0      0      0     13      0      0      0      0      0      0     75      2
     0      0      0      0     16      0      0      0      0      0      0     74
