    90      0      0      0      0      0      0      0      0      0      0      0
     5     81      0      2      0      0      0      0      0      2      0      0
     0      0     90      0      0      0      0      0      0      0      0      0
     0      0      0     38      0      0      0      0      0      0     51      1
     0      0      0      0      5      0      0      0      0      0      0     85
     0      0      0      0      0     90      0      0      0      0      0      0
     0      0      0      0      0     24     65      0      0      0      0      1
     0     21      0      4      0      2      0     59      0      0      0      4
     0     14      0      0      0      0      0      0     71      5      0      0
     0     42      0      0      0      0      0      0      0     48      0      0
     0      0      0      1      0      0      0      0      0      0     81      8
     0      0      0      0      0      1      0      0      0      0      0     89
