output/result_backup/table_26Jan2019_fc6_1024_fc7_1024/K1_K1_2019-01-26_09.35

fc6_linear
Binh 		Giang		Hung 		Tan  		Thuan		Final accuracy
loss	acc 	loss	acc 	loss	acc 	loss	acc 	loss	acc 	
1.0907	0.6929	2.4571	0.7238	0.2720	0.9032	0.5217	0.8286	0.2716	0.9167		0.8130
0.8300	0.6929	1.4616	0.7810	0.1226	0.9613	0.6399	0.8286	0.0620	0.9917		0.8511
0.8062	0.6786	1.3485	0.7810	0.1041	0.9806	0.5720	0.8286	0.0526	1.0000		0.8537
0.8799	0.6571	1.2847	0.7905	0.1066	0.9871	0.5405	0.8381	0.0505	1.0000		0.8546
0.8424	0.6643	1.3054	0.7905	0.1078	0.9871	0.4975	0.8286	0.0541	1.0000		0.8541
0.8220	0.6643	1.2672	0.7810	0.1059	0.9871	0.5083	0.8286	0.0528	1.0000		0.8522
0.8301	0.6643	1.2727	0.7810	0.1107	0.9871	0.5062	0.8286	0.0520	1.0000		0.8522
fc6_linear_accuracy:0.8617

fc6_rbf
Binh 		Giang		Hung 		Tan  		Thuan		Final accuracy
loss	acc 	loss	acc 	loss	acc 	loss	acc 	loss	acc 	
1.2444	0.6286	2.2318	0.7810	0.2809	0.8710	0.3210	0.8667	0.3684	0.8833		0.8061
1.2576	0.6429	1.5813	0.8000	0.1601	0.9290	0.4174	0.8381	0.0750	0.9833		0.8387
1.0478	0.6571	1.3590	0.7905	0.1495	0.9484	0.4654	0.8381	0.1428	0.9583		0.8385
1.0775	0.6500	1.3071	0.7905	0.1351	0.9677	0.4189	0.8476	0.0645	1.0000		0.8512
1.3418	0.6143	1.3650	0.7714	0.1338	0.9677	0.4552	0.8381	0.0618	1.0000		0.8383
1.0413	0.6571	1.2880	0.7905	0.1341	0.9677	0.4648	0.8381	0.0641	1.0000		0.8507
1.0474	0.6571	1.2905	0.7905	0.1326	0.9677	0.4597	0.8381	0.0647	1.0000		0.8507
fc6_rbf_accuracy:0.8583

fc7_linear
Binh 		Giang		Hung 		Tan  		Thuan		Final accuracy
loss	acc 	loss	acc 	loss	acc 	loss	acc 	loss	acc 	
1.1480	0.6286	2.7400	0.7048	0.2058	0.9161	0.6820	0.8381	0.2843	0.9083		0.7992
1.2717	0.6214	1.4236	0.7905	0.1248	0.9548	0.5212	0.8381	0.0806	0.9917		0.8393
1.2234	0.6071	1.2516	0.7905	0.1150	0.9677	0.5117	0.8286	0.0661	1.0000		0.8388
1.2075	0.6000	1.2500	0.7905	0.1135	0.9806	0.4732	0.8381	0.0627	1.0000		0.8418
1.1576	0.6286	1.2283	0.7905	0.1181	0.9742	0.4684	0.8381	0.0622	1.0000		0.8463
1.1425	0.6357	1.1908	0.7905	0.1189	0.9677	0.4711	0.8381	0.0659	1.0000		0.8464
1.1436	0.6357	1.1955	0.7905	0.1170	0.9742	0.4678	0.8381	0.0637	1.0000		0.8477
fc7_linear_accuracy:0.8490

fc7_rbf
Binh 		Giang		Hung 		Tan  		Thuan		Final accuracy
loss	acc 	loss	acc 	loss	acc 	loss	acc 	loss	acc 	
1.2786	0.6357	2.2907	0.6857	0.2310	0.8774	0.4921	0.8095	0.2874	0.9417		0.7900
1.4618	0.6000	1.5798	0.8000	0.1582	0.9419	0.3757	0.8571	0.0797	0.9750		0.8348
1.2896	0.6071	1.3023	0.8000	0.1941	0.9226	0.4246	0.8381	0.0591	0.9917		0.8319
1.2921	0.6000	1.2352	0.8000	0.1373	0.9613	0.4109	0.8381	0.0591	0.9917		0.8382
1.2335	0.6143	1.2241	0.8000	0.1409	0.9613	0.4526	0.8381	0.0577	0.9917		0.8411
1.2037	0.6143	1.2246	0.8000	0.1409	0.9613	0.4885	0.8381	0.0584	1.0000		0.8427
1.2036	0.6143	1.2164	0.8000	0.1606	0.9419	0.4794	0.8381	0.0583	1.0000		0.8389
fc7_rbf_accuracy:0.8508

prob
Binh 		Giang		Hung 		Tan  		Thuan		Final accuracy
loss	acc 	loss	acc 	loss	acc 	loss	acc 	loss	acc 	
1.3360	0.4500	0.9720	0.5429	0.6583	0.8000	1.0684	0.6857	0.9487	0.7667		0.6490
1.6010	0.5357	1.1886	0.8095	0.2127	0.9032	0.3556	0.8476	0.1330	0.9583		0.8109
1.6680	0.5786	1.3113	0.8095	0.1313	0.9355	0.5311	0.8381	0.0424	0.9917		0.8307
2.1805	0.5286	1.4740	0.8000	0.0772	0.9613	0.5800	0.8286	0.0288	1.0000		0.8237
2.0157	0.5571	1.3358	0.8095	0.0985	0.9419	0.9620	0.8095	0.0229	1.0000		0.8236
1.9922	0.5714	1.5010	0.8095	0.1001	0.9484	0.7347	0.8286	0.0289	1.0000		0.8316
1.9944	0.5643	1.4671	0.8095	0.1069	0.9484	0.6860	0.8286	0.0310	0.9917		0.8285
prob_accuracy:0.8394

