output/result_backup/table_26Jan2019_fc6_1024_fc7_1024/K3_K3_2019-01-26_16.17

fc6_linear
Binh 		Giang		Hung 		Tan  		Thuan		Final accuracy
loss	acc 	loss	acc 	loss	acc 	loss	acc 	loss	acc 	
0.0707	0.9778	0.2387	0.8667	0.1975	0.9032	0.1003	0.9700	0.0332	0.9917		0.9419
0.0606	0.9778	0.1948	0.9143	0.1945	0.9290	0.0689	0.9900	0.0305	0.9917		0.9606
0.0579	0.9778	0.1815	0.9333	0.2012	0.9161	0.0667	0.9900	0.0322	0.9917		0.9618
0.0574	0.9778	0.1560	0.9429	0.2158	0.9032	0.0637	1.0000	0.0305	0.9917		0.9631
0.0593	0.9778	0.1556	0.9524	0.2095	0.9097	0.0623	1.0000	0.0331	0.9917		0.9663
0.0587	0.9778	0.1560	0.9524	0.2112	0.9097	0.0626	1.0000	0.0348	0.9917		0.9663
0.0561	0.9852	0.1562	0.9524	0.2133	0.9032	0.0633	1.0000	0.0326	0.9917		0.9665
fc6_linear_accuracy:0.9717

fc6_rbf
Binh 		Giang		Hung 		Tan  		Thuan		Final accuracy
loss	acc 	loss	acc 	loss	acc 	loss	acc 	loss	acc 	
0.0693	0.9704	0.1373	0.9619	0.3992	0.8452	0.2579	0.8900	0.0716	0.9833		0.9302
0.0612	0.9852	0.1328	0.9619	0.2839	0.8710	0.1125	0.9600	0.6932	0.8167		0.9189
0.0589	0.9852	0.1270	0.9619	0.2927	0.8645	0.0902	0.9700	0.0439	0.9917		0.9547
0.0574	0.9852	0.1841	0.9429	0.2946	0.8581	0.0821	0.9800	0.0425	0.9917		0.9516
0.0573	0.9852	0.1167	0.9619	0.2788	0.8645	0.0813	0.9800	0.0419	0.9917		0.9567
0.0580	0.9852	0.1161	0.9619	0.2792	0.8645	0.0816	0.9800	0.0413	0.9917		0.9567
0.0568	0.9852	0.1157	0.9619	0.2805	0.8645	0.0821	0.9800	0.0413	0.9917		0.9567
fc6_rbf_accuracy:0.9579

fc7_linear
Binh 		Giang		Hung 		Tan  		Thuan		Final accuracy
loss	acc 	loss	acc 	loss	acc 	loss	acc 	loss	acc 	
0.0839	0.9778	0.1736	0.9143	0.2003	0.9097	0.1426	0.9300	0.0443	0.9917		0.9447
0.0580	0.9778	0.1392	0.9619	0.2401	0.9161	0.1055	0.9700	0.0423	0.9917		0.9635
0.0581	0.9778	0.1252	0.9619	0.2338	0.9161	0.0838	0.9800	0.0411	0.9917		0.9655
0.0566	0.9778	0.1203	0.9619	0.2537	0.9032	0.0844	0.9800	0.0403	0.9917		0.9629
0.0567	0.9778	0.1145	0.9619	0.2395	0.9161	0.0854	0.9800	0.0415	0.9917		0.9655
0.0555	0.9778	0.1176	0.9619	0.2398	0.9097	0.0846	0.9800	0.0420	0.9917		0.9642
0.0554	0.9778	0.1145	0.9619	0.2447	0.9097	0.0867	0.9800	0.0408	0.9917		0.9642
fc7_linear_accuracy:0.9655

fc7_rbf
Binh 		Giang		Hung 		Tan  		Thuan		Final accuracy
loss	acc 	loss	acc 	loss	acc 	loss	acc 	loss	acc 	
0.0764	0.9630	0.1363	0.9619	0.3577	0.8645	0.3052	0.9000	0.0769	0.9750		0.9329
0.0582	0.9778	0.1222	0.9619	0.2831	0.8774	0.1435	0.9300	0.0608	0.9833		0.9461
0.0583	0.9778	0.3136	0.8857	0.2758	0.8903	0.1123	0.9500	0.0670	0.9833		0.9374
0.0545	0.9852	0.1200	0.9619	0.2846	0.8903	0.0989	0.9700	0.0725	0.9750		0.9565
0.0543	0.9852	0.1165	0.9619	0.2530	0.8968	0.0937	0.9800	0.0479	0.9917		0.9631
0.0683	0.9778	0.1165	0.9619	0.2547	0.8968	0.0945	0.9800	0.0472	0.9917		0.9616
0.0525	0.9852	0.1168	0.9619	0.2557	0.8968	0.0951	0.9800	0.0473	0.9917		0.9631
fc7_rbf_accuracy:0.9631

prob
Binh 		Giang		Hung 		Tan  		Thuan		Final accuracy
loss	acc 	loss	acc 	loss	acc 	loss	acc 	loss	acc 	
0.1621	0.9778	0.2902	0.9429	0.3435	0.8774	0.2953	0.9200	0.2864	0.9667		0.9369
0.0357	0.9926	0.1122	0.9619	0.3257	0.8774	0.1415	0.9200	0.0424	0.9917		0.9487
0.0300	0.9926	0.1134	0.9619	0.3756	0.8774	0.1670	0.9100	0.0419	0.9750		0.9434
0.0216	1.0000	0.0789	0.9619	0.5000	0.8645	0.1649	0.9100	0.0214	0.9917		0.9456
0.0281	0.9852	0.0674	0.9619	0.3046	0.9097	0.1425	0.9200	0.0392	0.9917		0.9537
0.0241	0.9852	0.0763	0.9619	0.3132	0.9097	0.1461	0.9200	0.0479	0.9750		0.9504
0.0203	0.9926	0.0836	0.9619	0.3351	0.8968	0.1606	0.9200	0.0439	0.9750		0.9493
prob_accuracy:0.9566

