    18      0      0      0      0      0      0      0      0      0      0      0
     0      1      0      0      0      0      0      0      4     13      0      0
     0      0     18      0      0      0      0      0      0      0      0      0
     0      0      0     18      0      0      0      0      0      0      0      0
     0      0      0      0     18      0      0      0      0      0      0      0
     0      0      0      0      0     17      1      0      0      0      0      0
     0      0      0      0      0      1     17      0      0      0      0      0
     0      0      0      0      0      0      0     10      8      0      0      0
     0      0      0      0      0      0      0      0     17      1      0      0
     0      0      0      0      0      0      0      0      2     16      0      0
     0      0      0     14      1      0      0      0      0      0      3      0
     0      0      0      0     18      0      0      0      0      0      0      0
