    90      0      0      0      0      0      0      0      0      0      0      0
     0     77      0      0      0      0      0      1      2     10      0      0
     0      0     90      0      0      0      0      0      0      0      0      0
     0      0      0     78      0      0      0      0      0      0     12      0
     0      0      0      0     80      0      0      0      0      0      0     10
     0      0      0      0      0     86      4      0      0      0      0      0
     0      0      0      0      0      0     90      0      0      0      0      0
     0      1      0      0      0      0      0     83      0      6      0      0
     0      5      0      0      0      0      0      3     77      5      0      0
     0      4      0      0      0      0      0      0      3     83      0      0
     0      0      0     19      0      0      0      0      0      0     67      4
     0      0      0      0      4      0      0      0      0      0      0     86
