    90      0      0      0      0      0      0      0      0      0      0      0
     0     14      0      0      3      0      0      0     12     59      1      1
     0      0     88      0      0      1      1      0      0      0      0      0
     0      0      0     49     15      1      0      0      0      0      3     22
     0      0      0      0     60      5      1      0      0      0      0     24
     0      0      0      0      0     85      5      0      0      0      0      0
     0      0      0      0      0      7     83      0      0      0      0      0
     0      5      0      0      2      1      0      3     35     44      0      0
     0      2      0      0      0      0      0      0     52     36      0      0
     0      0      0      0      0      0      0      0      0     90      0      0
     0      0      0     38     11      0      0      0      0      0     26     15
     0      0      0      0     27      2      0      0      0      0      0     61
