    18      0      0      0      0      0      0      0      0      0      0      0
     0      0      0      0      0      0      0      0      3     15      0      0
     0      0     18      0      0      0      0      0      0      0      0      0
     0      0      0     16      2      0      0      0      0      0      0      0
     0      0      0      0     18      0      0      0      0      0      0      0
     0      0      0      0      0     17      1      0      0      0      0      0
     0      0      0      0      0      0     18      0      0      0      0      0
     0      0      0      0      0      0      0     10      3      5      0      0
     0      0      0      0      0      0      0      0     14      4      0      0
     0      0      0      0      0      0      0      0      0     18      0      0
     0      0      0     15      1      0      0      0      0      0      2      0
     0      0      0      0     16      0      0      0      0      0      0      2
