/home/dangmanhtruong95/Cuong/c3d_luanvan/output/result/K4_K5_2019-01-30_06.17

fc6_linear
Giang		Hai  		Long 		Minh 		Thuan		Thuy 		Tuyen		Final accuracy
loss	acc 	loss	acc 	loss	acc 	loss	acc 	loss	acc 	loss	acc 	loss	acc 	
7.1992	0.0833	4.7940	0.1111	3.2947	0.1111	3.5512	0.3333	4.1216	0.1111	4.1701	0.1389	3.4013	0.2500		0.1627
3.6090	0.0833	3.6986	0.1389	3.0332	0.1667	2.3147	0.2778	4.8161	0.1667	3.2029	0.2778	3.3553	0.0833		0.1706
3.5648	0.0833	3.5254	0.1667	2.8851	0.2222	2.6797	0.3333	3.5016	0.1944	2.8056	0.1667	2.4751	0.2778		0.2063
3.1205	0.0833	3.5065	0.1944	2.7202	0.1944	2.5473	0.3333	3.3683	0.2222	2.7390	0.3056	2.3641	0.3056		0.2341
3.6004	0.0833	4.3453	0.2222	2.7498	0.1667	2.3837	0.3333	3.2121	0.1944	2.4860	0.3056	1.9978	0.3889		0.2421
3.3632	0.0833	5.7470	0.0556	2.7366	0.1667	3.0051	0.3333	3.1039	0.1944	2.5560	0.2500	2.0846	0.3056		0.1984
fc6_linear_accuracy:0.2421

fc6_rbf
Giang		Hai  		Long 		Minh 		Thuan		Thuy 		Tuyen		Final accuracy
loss	acc 	loss	acc 	loss	acc 	loss	acc 	loss	acc 	loss	acc 	loss	acc 	
4.6760	0.0833	3.0457	0.1111	2.8906	0.0833	3.1767	0.2222	2.9658	0.1944	3.1471	0.1389	2.7981	0.1111		0.1349
3.1953	0.0833	3.0354	0.1667	2.7640	0.2500	2.5974	0.1944	3.2548	0.1667	3.2290	0.1667	4.4335	0.0833		0.1587
3.9088	0.0833	3.2562	0.1667	2.5834	0.2500	2.1608	0.3889	3.1357	0.2222	3.3286	0.1667	2.4996	0.3889		0.2381
3.1921	0.1667	3.3071	0.1944	2.6341	0.1944	2.3117	0.3611	3.4052	0.2222	3.7705	0.0833	2.6924	0.3889		0.2302
4.0623	0.1389	3.5401	0.1111	2.4529	0.3056	2.3839	0.3333	3.1154	0.2222	2.6320	0.2500	2.1396	0.3056		0.2381
3.4678	0.2500	4.4118	0.0833	2.4932	0.2222	3.7685	0.0833	2.9820	0.2222	2.7601	0.1667	2.6588	0.2222		0.1786
fc6_rbf_accuracy:0.2381

fc7_linear
Giang		Hai  		Long 		Minh 		Thuan		Thuy 		Tuyen		Final accuracy
loss	acc 	loss	acc 	loss	acc 	loss	acc 	loss	acc 	loss	acc 	loss	acc 	
4.6906	0.0278	4.2360	0.1389	3.4599	0.1667	2.8231	0.2500	4.3285	0.1944	4.0259	0.1667	3.3656	0.1389		0.1548
3.3702	0.1111	3.1560	0.3056	2.9476	0.1667	2.1487	0.2778	3.4638	0.1667	2.6949	0.3889	2.5314	0.1944		0.2302
2.7767	0.2222	2.8550	0.2500	2.5368	0.1944	2.4071	0.3056	3.2265	0.1667	2.4485	0.3611	2.2544	0.2500		0.2500
2.8056	0.1667	2.7491	0.3056	2.5109	0.2500	2.1619	0.3056	2.9454	0.1944	2.3806	0.3333	2.0783	0.3889		0.2778
2.7152	0.1667	2.7413	0.3333	2.5463	0.2222	2.1331	0.3056	2.8689	0.1667	2.2309	0.3611	2.1147	0.2500		0.2579
2.8615	0.0833	2.7836	0.3056	2.5937	0.1944	2.1759	0.3333	2.8838	0.1667	2.3332	0.3333	2.0110	0.3056		0.2460
fc7_linear_accuracy:0.2778

fc7_rbf
Giang		Hai  		Long 		Minh 		Thuan		Thuy 		Tuyen		Final accuracy
loss	acc 	loss	acc 	loss	acc 	loss	acc 	loss	acc 	loss	acc 	loss	acc 	
3.5616	0.0278	3.3455	0.1389	3.0373	0.1667	2.2663	0.2500	3.4983	0.1944	2.9728	0.1667	2.8308	0.1944		0.1627
3.2405	0.0833	2.9315	0.3056	2.7534	0.1667	1.9598	0.2778	3.0369	0.1667	2.8615	0.3333	2.3752	0.2778		0.2302
2.8252	0.1667	2.9130	0.2222	2.4890	0.1944	2.1860	0.4167	3.0720	0.1944	2.5482	0.3333	2.2195	0.3333		0.2659
2.8724	0.0833	3.1003	0.1667	2.4485	0.2500	2.0657	0.3889	2.9616	0.1944	2.5570	0.3333	2.0696	0.4444		0.2659
2.6825	0.1389	2.8572	0.2500	2.5351	0.2500	2.0862	0.4167	2.8911	0.1944	2.3279	0.3611	1.9660	0.3889		0.2857
2.8126	0.1111	2.9752	0.2500	2.7094	0.1667	2.1266	0.4167	3.0820	0.1667	2.4192	0.3333	2.0212	0.3056		0.2500
fc7_rbf_accuracy:0.2857

prob
Giang		Hai  		Long 		Minh 		Thuan		Thuy 		Tuyen		Final accuracy
loss	acc 	loss	acc 	loss	acc 	loss	acc 	loss	acc 	loss	acc 	loss	acc 	
2.3220	0.0833	2.2298	0.1389	1.8981	0.4167	2.0337	0.1944	2.6180	0.1944	2.3679	0.2222	2.2128	0.3056		0.2222
2.3760	0.1667	2.0814	0.3056	1.7570	0.3889	1.7724	0.3333	2.7847	0.2500	2.1729	0.3611	2.1107	0.3056		0.3016
2.9417	0.0833	2.1522	0.4444	1.7558	0.3611	1.9816	0.3333	2.8800	0.2500	2.2975	0.3889	2.0938	0.2778		0.3056
2.8145	0.1667	2.1284	0.4167	1.8185	0.3611	1.9469	0.3333	3.0624	0.2500	2.4896	0.3889	2.2572	0.3611		0.3254
2.8607	0.1667	2.1959	0.4167	1.8406	0.4167	2.1383	0.2778	3.1167	0.2500	2.4741	0.4444	2.2608	0.2778		0.3214
2.8655	0.1667	2.1858	0.4167	1.8474	0.3333	2.0370	0.2778	3.0500	0.2500	2.4981	0.3889	2.1698	0.3056		0.3056
prob_accuracy:0.3254

