    17      0      0      0      1      0      0      0      0      0      0      0
     0      6      0      0      0      0      2      1      0      9      0      0
     0      0     13      1      0      0      4      0      0      0      0      0
     0      0      0      5     10      0      3      0      0      0      0      0
     0      0      0      0     12      0      3      0      0      0      0      3
     0      0      0      0      1      3     14      0      0      0      0      0
     0      0      0      0      0      0     18      0      0      0      0      0
     0      5      0      0      0      0      1      2      0     10      0      0
     0      6      0      0      0      0      0      1      0     11      0      0
     0      3      0      0      0      0      0      0      0     15      0      0
     0      0      0      4     11      0      3      0      0      0      0      0
     0      0      0      3      9      0      3      0      0      0      0      3
