     0      0     11      5      0      1      0      0      0      1      0      0
     0      0      0      0      0      0      0      0      0     18      0      0
     0      0     18      0      0      0      0      0      0      0      0      0
     0      0      0     14      0      0      0      0      0      0      4      0
     0      0      0      3     14      0      0      0      0      0      0      1
     0      0      3      3      0      4      8      0      0      0      0      0
     0      0      2      2      0      0     14      0      0      0      0      0
     0      1      0      1      0      0      0     13      0      3      0      0
     0      0      0      0      0      0      0      0     16      2      0      0
     0      0      0      0      0      0      0      0      0     18      0      0
     0      0      0      1      3      0      0      0      0      0     14      0
     0      0      0      1      9      0      0      0      0      0      3      5
