    44      1      0      0      0      0      0      0      0      0      0      0
     0     45      0      0      0      0      0      0      0      0      0      0
     0      0     44      0      0      1      0      0      0      0      0      0
     0      0      0     44      0      0      0      0      0      0      1      0
     0      0      1      0     43      0      0      0      0      0      0      1
     0      0      0      1      0     44      0      0      0      0      0      0
     0      0      0      0      0      7     38      0      0      0      0      0
     0      0      0      0      0      0      0     45      0      0      0      0
     0      0      0      0      0      0      0      0     45      0      0      0
     0      7      0      0      0      0      0      0      0     38      0      0
     0      0      0      0      0      0      0      0      0      0     45      0
     0      0      0      0      0      0      0      0      0      0      0     45
