output/result/table_2019_02_16_12gestures_6_subjects/K1_K1_2019-02-16_18.56

fc6_linear
Giang		Hai  		Long 		Minh 		Thuy 		Tuyen		Final accuracy
loss	acc 	loss	acc 	loss	acc 	loss	acc 	loss	acc 	loss	acc 	
1.6295	0.6111	1.7789	0.5833	1.1140	0.6389	1.6350	0.6111	2.1435	0.5278	1.4905	0.6111		0.5972
1.4705	0.5278	1.1871	0.5556	1.0897	0.6667	1.7178	0.5556	2.3235	0.5833	1.3984	0.6389		0.5880
1.1345	0.5833	1.3297	0.6111	0.9015	0.7500	1.4831	0.6111	1.8087	0.5556	1.0930	0.6944		0.6343
0.9726	0.6389	1.0677	0.6389	0.8552	0.6667	1.5459	0.5833	1.7465	0.6667	1.1513	0.6944		0.6481
0.8484	0.6944	1.0218	0.6389	0.9510	0.6667	1.6081	0.6111	1.9632	0.5556	1.2124	0.6667		0.6389
0.9534	0.6667	1.0701	0.6389	0.8550	0.6944	1.5697	0.5833	2.0237	0.5278	1.1777	0.6944		0.6343
0.9990	0.6111	1.1407	0.6389	0.8806	0.6667	1.5550	0.6111	1.9163	0.5833	1.3043	0.6389		0.6250
fc6_linear_accuracy:0.6759

fc6_rbf
Giang		Hai  		Long 		Minh 		Thuy 		Tuyen		Final accuracy
loss	acc 	loss	acc 	loss	acc 	loss	acc 	loss	acc 	loss	acc 	
1.3915	0.5556	1.2803	0.5278	1.1018	0.5833	1.3988	0.5833	1.8745	0.5278	1.2939	0.6389		0.5694
1.2760	0.5833	1.0779	0.5556	1.1288	0.5278	1.3836	0.5833	1.6505	0.5556	1.3092	0.5833		0.5648
1.0179	0.6389	1.1219	0.5833	0.9390	0.7222	1.3106	0.5556	1.5663	0.5000	1.3052	0.5833		0.5972
1.0066	0.7222	1.0355	0.5833	0.9127	0.5556	1.3897	0.5833	1.4786	0.6111	1.3192	0.5833		0.6065
0.8681	0.7500	0.9968	0.6667	0.9687	0.5278	1.4891	0.5833	1.5435	0.5833	1.2767	0.6111		0.6204
0.9527	0.6667	0.9970	0.6667	0.8877	0.5833	1.3950	0.5833	1.4688	0.5556	1.2892	0.6111		0.6111
0.9037	0.7222	1.0263	0.6667	0.9171	0.5556	1.4164	0.5833	1.4879	0.5833	1.2823	0.5556		0.6111
fc6_rbf_accuracy:0.6620

fc7_linear
Giang		Hai  		Long 		Minh 		Thuy 		Tuyen		Final accuracy
loss	acc 	loss	acc 	loss	acc 	loss	acc 	loss	acc 	loss	acc 	
1.8727	0.4444	1.7229	0.5000	1.1498	0.6111	1.6553	0.6111	2.1207	0.5833	1.8170	0.5556		0.5509
1.4519	0.5278	1.2403	0.5556	0.9820	0.6389	1.5827	0.6111	1.9752	0.5833	1.3098	0.6667		0.5972
1.1486	0.6389	1.2328	0.6389	0.8297	0.6667	1.3643	0.5556	1.3943	0.5833	1.0518	0.6944		0.6296
0.9662	0.6389	1.2687	0.6111	0.8041	0.6944	1.3678	0.5833	1.4026	0.5833	1.2285	0.5556		0.6111
0.7793	0.7500	1.0025	0.6389	1.0373	0.6111	1.4268	0.6111	1.5853	0.6389	1.2361	0.6389		0.6481
0.8953	0.7222	1.1477	0.6389	0.9064	0.6389	1.3515	0.5833	1.5438	0.5833	1.2758	0.5833		0.6250
0.8524	0.7222	1.1880	0.6389	0.8991	0.6389	1.3112	0.5833	1.5400	0.6111	1.2385	0.5833		0.6296
fc7_linear_accuracy:0.6713

fc7_rbf
Giang		Hai  		Long 		Minh 		Thuy 		Tuyen		Final accuracy
loss	acc 	loss	acc 	loss	acc 	loss	acc 	loss	acc 	loss	acc 	
1.5122	0.5278	1.1742	0.5278	1.1086	0.6111	1.4239	0.4722	1.8720	0.6389	1.3469	0.6389		0.5694
1.2822	0.5278	1.1690	0.5278	1.0516	0.6111	1.2966	0.5556	1.4775	0.5833	1.3391	0.6111		0.5694
1.1028	0.6111	1.0969	0.5278	0.9453	0.7222	1.2579	0.5278	1.3489	0.5833	1.3311	0.6111		0.5972
1.0356	0.6389	1.1036	0.5833	0.8289	0.6944	1.2960	0.6389	1.3062	0.5833	1.2542	0.5833		0.6204
0.9332	0.7500	1.0279	0.6111	0.9266	0.5278	1.2381	0.6667	1.3392	0.6111	1.4310	0.5833		0.6250
0.8350	0.7222	1.0918	0.6389	0.9089	0.5278	1.2646	0.5833	1.2988	0.5556	1.3463	0.6111		0.6065
0.9249	0.7222	1.0748	0.6667	0.8508	0.6111	1.2481	0.6667	1.2457	0.5833	1.2951	0.6111		0.6435
fc7_rbf_accuracy:0.6806

prob
Giang		Hai  		Long 		Minh 		Thuy 		Tuyen		Final accuracy
loss	acc 	loss	acc 	loss	acc 	loss	acc 	loss	acc 	loss	acc 	
1.6208	0.4444	1.5260	0.5278	1.7448	0.4167	1.5830	0.5278	1.7322	0.4444	1.7678	0.4167		0.4630
1.1082	0.5833	1.0177	0.6111	1.1464	0.4722	1.2729	0.4444	1.4036	0.5278	1.2639	0.5556		0.5324
1.2100	0.5556	0.8962	0.5833	0.9653	0.5556	1.0271	0.6389	1.6946	0.5000	1.1535	0.5833		0.5694
1.1006	0.5278	1.0624	0.5556	1.0985	0.5000	1.2247	0.6111	1.6295	0.5556	0.9544	0.4722		0.5370
0.8956	0.7222	1.1043	0.6944	1.1916	0.5278	1.1593	0.6667	1.4815	0.5556	0.9634	0.6389		0.6343
0.8645	0.6667	0.8991	0.6667	0.9509	0.5556	1.2412	0.6111	1.4825	0.6111	1.0780	0.6389		0.6250
0.8326	0.6944	0.9675	0.6667	0.9728	0.6111	1.2360	0.6667	1.6736	0.5833	1.0326	0.6667		0.6481
prob_accuracy:0.6620

