output/result/table_2019_02_16_12gestures_6_subjects/K1_K5_2019-02-17_02.12

fc6_linear
Giang		Hai  		Long 		Minh 		Thuy 		Tuyen		Final accuracy
loss	acc 	loss	acc 	loss	acc 	loss	acc 	loss	acc 	loss	acc 	
4.1064	0.1111	5.5257	0.1111	4.9190	0.1111	4.2254	0.2222	4.4042	0.1389	4.5811	0.1389		0.1389
4.8268	0.1389	4.5038	0.0833	4.8665	0.0556	4.1067	0.3056	4.3462	0.1389	4.4672	0.1667		0.1481
4.4494	0.1111	4.5394	0.1389	4.0375	0.1389	3.8879	0.3056	4.4826	0.1667	4.4012	0.1944		0.1759
4.4775	0.1667	4.2262	0.1389	4.3411	0.0278	3.8285	0.2500	4.4709	0.2500	4.4662	0.1389		0.1620
4.1693	0.1667	3.8741	0.1389	4.4805	0.1389	3.8577	0.3333	4.6799	0.1667	3.6729	0.1667		0.1852
4.3229	0.1667	4.0134	0.1667	4.2559	0.1667	3.7607	0.3056	4.3387	0.1667	3.8592	0.1667		0.1898
4.2993	0.1667	4.0101	0.1667	4.1655	0.1389	3.6990	0.2778	4.9998	0.0833	3.8641	0.1667		0.1667
fc6_linear_accuracy:0.2130

fc6_rbf
Giang		Hai  		Long 		Minh 		Thuy 		Tuyen		Final accuracy
loss	acc 	loss	acc 	loss	acc 	loss	acc 	loss	acc 	loss	acc 	
3.8334	0.1111	4.2828	0.1389	3.9052	0.1667	3.2254	0.1667	3.3415	0.1944	3.9858	0.1389		0.1528
3.5057	0.1944	3.3841	0.1111	3.6421	0.1111	2.9291	0.2500	3.5997	0.1389	3.1160	0.2222		0.1713
3.3160	0.1667	3.4764	0.1389	3.4191	0.2222	2.8553	0.3611	3.4446	0.1667	3.1430	0.2500		0.2176
3.2118	0.1944	3.5411	0.1111	3.1641	0.1667	2.6705	0.3333	3.1243	0.3333	3.0868	0.2500		0.2315
3.0625	0.1944	3.5370	0.1667	3.2939	0.1667	2.6782	0.3611	3.3258	0.2500	3.0351	0.2500		0.2315
3.2360	0.1667	3.6030	0.1667	3.5583	0.1944	2.6353	0.3889	3.1675	0.1944	3.2461	0.2500		0.2269
3.4120	0.1667	3.6115	0.1667	3.2551	0.2222	2.6651	0.4167	3.5596	0.1667	3.2488	0.2222		0.2269
fc6_rbf_accuracy:0.2639

fc7_linear
Giang		Hai  		Long 		Minh 		Thuy 		Tuyen		Final accuracy
loss	acc 	loss	acc 	loss	acc 	loss	acc 	loss	acc 	loss	acc 	
4.1962	0.1389	5.0713	0.1389	5.2260	0.1111	3.7204	0.2500	4.3033	0.1944	4.0911	0.1944		0.1713
4.5165	0.1667	3.9580	0.0833	4.6740	0.0000	3.4488	0.3889	4.0964	0.1389	3.9190	0.2500		0.1713
4.0680	0.1944	3.7647	0.1111	4.4372	0.0833	3.3757	0.2778	3.7523	0.2222	3.5275	0.1667		0.1759
3.9200	0.1944	4.2037	0.1667	3.8028	0.0833	3.5481	0.2778	3.7824	0.2778	3.7628	0.2222		0.2037
3.8428	0.1667	3.8099	0.2222	4.3002	0.0833	3.3540	0.2222	3.9234	0.2222	3.3861	0.2222		0.1898
3.8218	0.1944	3.9148	0.1667	3.9890	0.0833	3.1089	0.2500	3.4744	0.3333	3.6407	0.2500		0.2130
3.8686	0.1667	3.9758	0.1667	3.7982	0.0278	3.6504	0.2500	3.7643	0.2500	3.6015	0.2500		0.1852
fc7_linear_accuracy:0.2500

fc7_rbf
Giang		Hai  		Long 		Minh 		Thuy 		Tuyen		Final accuracy
loss	acc 	loss	acc 	loss	acc 	loss	acc 	loss	acc 	loss	acc 	
4.0365	0.0833	4.3080	0.1667	4.0366	0.1667	2.9756	0.2222	3.4665	0.1944	3.4231	0.2500		0.1806
3.4660	0.1944	3.3482	0.1389	3.3746	0.1667	2.8921	0.2778	3.4810	0.1389	3.4289	0.3056		0.2037
3.2996	0.1667	3.4761	0.1389	3.4344	0.1389	2.8450	0.2222	2.9754	0.2222	2.9860	0.3056		0.1991
3.0092	0.2778	3.2144	0.1389	3.0263	0.1667	2.6039	0.2222	2.9193	0.2222	3.0505	0.3056		0.2222
3.4964	0.1944	3.4162	0.1667	2.9543	0.1944	2.6200	0.1944	3.3118	0.3056	2.8809	0.3056		0.2269
3.2838	0.1944	3.1007	0.1667	3.2305	0.1944	2.4562	0.3333	2.9345	0.3889	3.0333	0.3333		0.2685
3.1196	0.2222	3.6857	0.1667	3.0031	0.2500	2.7212	0.2778	2.9807	0.3056	2.8971	0.3056		0.2546
fc7_rbf_accuracy:0.2917

prob
Giang		Hai  		Long 		Minh 		Thuy 		Tuyen		Final accuracy
loss	acc 	loss	acc 	loss	acc 	loss	acc 	loss	acc 	loss	acc 	
2.2932	0.1944	2.5210	0.0556	2.3610	0.1111	1.9954	0.2500	2.0792	0.2500	2.2191	0.1944		0.1759
2.7452	0.1944	2.8081	0.1389	2.5789	0.0833	1.8328	0.1944	2.5751	0.3333	2.6219	0.3333		0.2130
3.4233	0.1667	3.6933	0.1667	3.0745	0.1667	1.9372	0.3056	3.1711	0.3611	3.2053	0.3611		0.2546
3.8433	0.1667	3.2301	0.1944	3.0956	0.1667	2.7418	0.2500	3.3153	0.3889	3.5553	0.2222		0.2315
3.7442	0.1944	3.1351	0.1667	3.2173	0.1389	2.4054	0.2500	2.8764	0.4444	3.5666	0.3056		0.2500
4.0129	0.1667	3.1637	0.1667	3.2863	0.1944	2.6149	0.1667	3.3768	0.4167	3.5114	0.2500		0.2269
4.2448	0.1944	3.2035	0.1667	3.3542	0.1944	2.7632	0.1667	3.3483	0.4444	3.6076	0.2222		0.2315
prob_accuracy:0.2824

