output/result/table_2019_02_16_12gestures_6_subjects/K1_K3_2019-02-16_22.35

fc6_linear
Giang		Hai  		Long 		Minh 		Thuy 		Tuyen		Final accuracy
loss	acc 	loss	acc 	loss	acc 	loss	acc 	loss	acc 	loss	acc 	
4.9114	0.1667	4.6193	0.0833	5.5619	0.0833	6.1156	0.0833	4.8578	0.1667	5.5397	0.0833		0.1111
4.6554	0.1667	4.5817	0.1111	4.8770	0.0833	5.2175	0.0833	4.6985	0.2222	5.0035	0.1111		0.1296
4.1245	0.2222	4.5257	0.0278	4.2753	0.1111	5.0189	0.0833	3.8484	0.2500	4.4414	0.1389		0.1389
4.4577	0.1389	3.9799	0.1389	4.3088	0.1944	4.4834	0.0833	4.2717	0.1111	4.1433	0.0833		0.1250
4.3280	0.1667	4.1745	0.0556	4.6861	0.1111	4.2311	0.0833	4.0426	0.0833	3.8608	0.0833		0.0972
3.9629	0.1389	3.9445	0.0556	3.8928	0.1944	4.7575	0.0833	4.0027	0.0833	3.6475	0.1389		0.1157
4.1814	0.1389	3.9670	0.0556	4.1925	0.1667	4.2800	0.0833	4.0824	0.0833	3.7268	0.0833		0.1019
fc6_linear_accuracy:0.1713

fc6_rbf
Giang		Hai  		Long 		Minh 		Thuy 		Tuyen		Final accuracy
loss	acc 	loss	acc 	loss	acc 	loss	acc 	loss	acc 	loss	acc 	
3.9458	0.1667	3.8326	0.0833	4.0411	0.1667	4.6436	0.0833	3.7712	0.1944	4.0788	0.0833		0.1296
3.2899	0.1667	3.6366	0.0833	3.8927	0.1667	3.5132	0.1667	3.4596	0.1667	4.0262	0.0833		0.1389
2.8931	0.2222	3.4069	0.0833	3.5028	0.1389	3.9545	0.0833	3.0684	0.2222	3.6568	0.1667		0.1528
2.9850	0.0833	3.3746	0.1389	3.3445	0.1667	3.2379	0.1667	3.4288	0.0833	3.2527	0.0833		0.1204
3.0612	0.2500	3.3256	0.0833	3.4877	0.1944	3.4686	0.1667	3.4699	0.1389	3.3920	0.1111		0.1574
3.1200	0.1667	3.2725	0.1111	3.3980	0.2500	3.5313	0.0833	3.2459	0.1667	3.0360	0.1389		0.1528
3.2612	0.1389	3.2706	0.0833	3.6190	0.1389	3.5492	0.0833	3.1338	0.1667	3.1535	0.1389		0.1250
fc6_rbf_accuracy:0.1991

fc7_linear
Giang		Hai  		Long 		Minh 		Thuy 		Tuyen		Final accuracy
loss	acc 	loss	acc 	loss	acc 	loss	acc 	loss	acc 	loss	acc 	
3.7193	0.1944	4.7715	0.0833	4.8699	0.0833	5.1499	0.0833	4.2789	0.2222	4.8293	0.0833		0.1250
3.5349	0.1111	4.2335	0.1111	4.4033	0.0833	4.0941	0.0833	3.6561	0.2778	4.6202	0.1389		0.1343
3.1071	0.3056	4.3830	0.0556	4.1566	0.0833	4.4747	0.0833	3.0709	0.3056	3.7449	0.1111		0.1574
3.0437	0.1944	3.6298	0.1111	4.4078	0.1389	3.7835	0.0833	3.0121	0.3056	3.6965	0.1111		0.1574
3.1273	0.1944	3.8679	0.0278	3.7705	0.0833	3.4748	0.0833	3.0984	0.2500	3.4296	0.2500		0.1481
3.1638	0.1944	3.7004	0.0556	3.4968	0.0833	3.4314	0.0833	3.0021	0.2500	3.2635	0.2222		0.1481
3.1696	0.1944	3.6149	0.0278	3.6766	0.1111	3.4989	0.0833	3.0947	0.2500	3.2725	0.2222		0.1481
fc7_linear_accuracy:0.1991

fc7_rbf
Giang		Hai  		Long 		Minh 		Thuy 		Tuyen		Final accuracy
loss	acc 	loss	acc 	loss	acc 	loss	acc 	loss	acc 	loss	acc 	
3.3349	0.1667	3.8955	0.0833	4.0723	0.1667	4.2118	0.0833	3.8118	0.2500	3.8586	0.1667		0.1528
3.2764	0.2222	3.4201	0.1111	3.9023	0.1111	3.8660	0.0833	3.1432	0.3333	3.8721	0.1111		0.1620
2.9583	0.1944	3.3377	0.0833	3.4999	0.0833	3.9103	0.0833	2.6636	0.3056	3.1511	0.1389		0.1481
2.7664	0.1944	3.0714	0.0833	3.5758	0.1667	3.8059	0.0833	2.9552	0.2222	3.5571	0.0833		0.1389
2.8024	0.1944	3.2362	0.0833	3.5327	0.1667	3.4136	0.0833	2.7769	0.2222	3.1387	0.2500		0.1667
2.8987	0.1667	3.3061	0.0556	3.0828	0.2222	3.4296	0.1111	2.7246	0.2500	3.0268	0.1667		0.1620
2.9630	0.1667	3.1220	0.0833	3.1823	0.0833	3.2801	0.0833	2.9786	0.1667	3.1062	0.1389		0.1204
fc7_rbf_accuracy:0.2083

prob
Giang		Hai  		Long 		Minh 		Thuy 		Tuyen		Final accuracy
loss	acc 	loss	acc 	loss	acc 	loss	acc 	loss	acc 	loss	acc 	
2.2343	0.1389	2.3092	0.2222	2.2729	0.2222	2.3756	0.0833	1.9987	0.2778	2.1581	0.1944		0.1898
1.9093	0.3333	2.2337	0.1389	2.3179	0.2222	2.4648	0.1667	2.0320	0.2500	1.9490	0.2222		0.2222
2.0242	0.2500	2.5287	0.1667	2.4439	0.2222	2.6367	0.1667	2.6690	0.1389	2.7046	0.1111		0.1759
1.8062	0.3333	2.4956	0.1944	2.5780	0.2222	2.6862	0.1111	2.5308	0.2778	2.5348	0.1111		0.2083
2.1076	0.2778	2.6210	0.1944	2.6663	0.2778	2.5815	0.1389	2.7104	0.2500	2.3770	0.1111		0.2083
1.8477	0.3333	2.8478	0.1389	2.5289	0.2500	2.7909	0.1389	2.6462	0.2778	2.4336	0.2222		0.2269
1.8776	0.3333	2.8275	0.1389	2.5562	0.2222	2.7496	0.1944	2.8252	0.2500	2.4207	0.1667		0.2176
prob_accuracy:0.2546

