output/result/table_2019_02_16_12gestures_6_subjects/K2_K4_2019-02-17_09.29

fc6_linear
Giang		Hai  		Long 		Minh 		Thuy 		Tuyen		Final accuracy
loss	acc 	loss	acc 	loss	acc 	loss	acc 	loss	acc 	loss	acc 	
5.0646	0.1111	5.3515	0.0833	6.2594	0.1667	6.7940	0.2500	5.7162	0.1111	5.3907	0.1667		0.1481
4.3272	0.1667	4.3990	0.1389	4.0882	0.1667	4.6192	0.2222	4.5650	0.1667	4.3217	0.1111		0.1620
3.9011	0.2222	4.4470	0.1667	4.4613	0.1389	5.1293	0.1667	4.6319	0.2222	4.3290	0.1389		0.1759
3.9388	0.1944	4.3103	0.1389	4.0546	0.2500	4.5338	0.2500	4.1601	0.3056	3.8913	0.1667		0.2176
3.7727	0.2778	4.0219	0.1111	4.1701	0.2500	4.2583	0.2500	4.0118	0.2500	3.5561	0.1944		0.2222
3.6928	0.2778	4.1442	0.1111	4.2139	0.2500	4.0230	0.2500	4.3909	0.1944	3.7561	0.2778		0.2269
3.6406	0.2778	4.1201	0.1667	4.1433	0.2500	3.9597	0.2222	4.1913	0.2778	3.8349	0.2500		0.2407
fc6_linear_accuracy:0.2546

fc6_rbf
Giang		Hai  		Long 		Minh 		Thuy 		Tuyen		Final accuracy
loss	acc 	loss	acc 	loss	acc 	loss	acc 	loss	acc 	loss	acc 	
3.8170	0.1667	3.7116	0.1667	4.4514	0.1667	4.1029	0.1667	4.6908	0.1667	3.6419	0.1667		0.1667
3.2448	0.1667	3.6070	0.1667	3.3589	0.1944	3.6375	0.1667	3.6757	0.0833	3.5715	0.1667		0.1574
3.1088	0.1111	3.4321	0.1667	3.4533	0.1667	3.0571	0.1944	3.4982	0.1667	3.6879	0.0833		0.1481
3.0850	0.1667	3.4384	0.1667	3.3294	0.2222	3.3612	0.2222	3.5032	0.1944	3.6104	0.1667		0.1898
3.7149	0.1389	3.4926	0.1667	3.6633	0.1667	3.3581	0.2500	3.5292	0.1111	3.3465	0.1667		0.1667
3.3354	0.1667	3.6011	0.1667	3.8740	0.1667	3.0836	0.1944	3.5823	0.1389	3.5181	0.1667		0.1667
3.2440	0.1667	3.6409	0.1667	4.0187	0.1667	3.4236	0.1667	3.5823	0.1667	3.4500	0.1667		0.1667
fc6_rbf_accuracy:0.1944

fc7_linear
Giang		Hai  		Long 		Minh 		Thuy 		Tuyen		Final accuracy
loss	acc 	loss	acc 	loss	acc 	loss	acc 	loss	acc 	loss	acc 	
4.3042	0.0833	4.7341	0.1111	5.5116	0.1667	5.4241	0.1389	5.3514	0.1667	5.7936	0.1667		0.1389
3.5971	0.0833	4.4715	0.1667	4.1631	0.2500	4.1272	0.1667	3.8777	0.0833	4.6647	0.1667		0.1528
3.7547	0.2222	3.7393	0.1667	4.1451	0.1944	3.8371	0.1667	3.8159	0.2500	3.9231	0.1944		0.1991
3.5631	0.1944	3.7519	0.1667	3.7085	0.1389	3.8981	0.1667	3.3074	0.2778	3.9019	0.2500		0.1991
3.6998	0.1944	3.5746	0.1389	3.7855	0.1667	3.2078	0.2222	3.0774	0.2222	3.4035	0.1944		0.1898
3.4303	0.1944	3.4987	0.1389	4.0301	0.1667	3.3002	0.2222	3.3996	0.2222	3.7196	0.2222		0.1944
3.4622	0.2222	3.5202	0.1667	4.3437	0.1667	3.3742	0.2222	3.3407	0.2778	3.6788	0.2222		0.2130
fc7_linear_accuracy:0.2315

fc7_rbf
Giang		Hai  		Long 		Minh 		Thuy 		Tuyen		Final accuracy
loss	acc 	loss	acc 	loss	acc 	loss	acc 	loss	acc 	loss	acc 	
3.7679	0.0833	3.6575	0.1667	3.7533	0.1667	4.1805	0.1667	4.1996	0.1667	4.3437	0.1667		0.1528
3.1428	0.1389	3.4156	0.1667	3.5634	0.1667	3.3981	0.1667	3.3128	0.1667	3.7869	0.1667		0.1620
3.2857	0.1667	3.2600	0.1667	3.4686	0.1667	3.0713	0.2500	3.1781	0.1667	3.3692	0.1667		0.1806
2.9403	0.1944	3.3553	0.1667	3.4542	0.1667	3.1109	0.2500	3.1779	0.1667	3.6501	0.1667		0.1852
3.4981	0.1944	3.0584	0.1667	3.6790	0.1667	2.8647	0.2500	2.9916	0.1944	3.3031	0.1667		0.1898
3.4985	0.1667	3.0345	0.1667	3.7433	0.1389	3.3187	0.2500	3.1763	0.1667	3.4372	0.1667		0.1759
3.5637	0.1667	3.2625	0.1667	3.0590	0.1667	3.2843	0.2222	3.1979	0.1944	3.5254	0.1667		0.1806
fc7_rbf_accuracy:0.1898

prob
Giang		Hai  		Long 		Minh 		Thuy 		Tuyen		Final accuracy
loss	acc 	loss	acc 	loss	acc 	loss	acc 	loss	acc 	loss	acc 	
2.5394	0.0833	2.3545	0.1389	2.6015	0.0833	2.2220	0.1944	2.4068	0.1667	2.5665	0.1667		0.1389
2.4107	0.0833	3.0326	0.1111	3.3498	0.0833	2.3053	0.0833	2.5642	0.1944	2.5542	0.1389		0.1157
2.5497	0.0833	3.7504	0.1944	4.2360	0.0833	2.7922	0.1389	3.4592	0.1667	3.5416	0.0833		0.1250
3.1163	0.0833	3.5087	0.1944	3.8200	0.1667	3.4636	0.1667	3.1996	0.2222	3.2397	0.0833		0.1528
3.1203	0.1389	3.4452	0.1667	4.4163	0.1667	2.9774	0.2222	3.3949	0.2222	3.1002	0.1389		0.1759
2.9252	0.1389	3.0449	0.2222	4.5014	0.1944	2.8913	0.1667	3.1607	0.2500	3.2477	0.1389		0.1852
3.0462	0.1389	3.4085	0.2222	4.4857	0.1667	2.9865	0.1667	3.2419	0.3056	3.2890	0.1389		0.1898
prob_accuracy:0.2083

