output/result/table_2019_02_16_12gestures_6_subjects/K4_K1_2019-02-17_22.09

fc6_linear
Giang		Hai  		Long 		Minh 		Thuy 		Tuyen		Final accuracy
loss	acc 	loss	acc 	loss	acc 	loss	acc 	loss	acc 	loss	acc 	
3.7111	0.1667	3.6449	0.1389	3.1111	0.2500	2.9628	0.2778	3.6682	0.1667	4.0588	0.1111		0.1852
3.5130	0.0833	2.9531	0.2500	2.7227	0.2222	3.1778	0.2222	3.3154	0.2500	3.8645	0.1667		0.1991
3.6810	0.1111	3.2379	0.0833	2.9415	0.1667	3.0802	0.2222	2.8837	0.2500	3.5187	0.1389		0.1620
3.8679	0.1111	3.3802	0.1111	3.3017	0.1944	3.5848	0.1667	2.9645	0.1944	3.7788	0.0833		0.1435
3.8025	0.1111	3.5676	0.1111	3.1212	0.1667	3.1464	0.1944	3.0743	0.1944	3.2782	0.1389		0.1528
3.9659	0.1111	3.5299	0.0833	3.3422	0.1944	3.3119	0.1944	3.0664	0.3056	3.1564	0.1667		0.1759
3.9077	0.1111	3.6835	0.0833	3.2176	0.2222	3.2932	0.1944	2.9563	0.2778	3.2119	0.1667		0.1759
fc6_linear_accuracy:0.2361

fc6_rbf
Giang		Hai  		Long 		Minh 		Thuy 		Tuyen		Final accuracy
loss	acc 	loss	acc 	loss	acc 	loss	acc 	loss	acc 	loss	acc 	
3.1354	0.3056	2.8215	0.2778	2.6180	0.3333	2.9456	0.1944	3.1637	0.1944	2.6029	0.2778		0.2639
3.3324	0.2778	2.5395	0.2500	2.5060	0.3333	3.2794	0.2222	2.6522	0.2222	2.7710	0.2778		0.2639
3.0672	0.2500	2.4401	0.2500	2.6636	0.1944	2.6677	0.3611	2.6792	0.3056	2.5687	0.3056		0.2778
3.1847	0.1667	2.5479	0.2778	2.3148	0.3056	2.7870	0.2778	2.6804	0.2500	2.4555	0.2222		0.2500
3.4009	0.1667	2.7142	0.2500	2.4953	0.1944	2.7632	0.2500	2.6573	0.2778	2.7473	0.1667		0.2176
3.3860	0.1667	2.7019	0.3056	2.6023	0.2222	2.7210	0.2778	2.5837	0.3333	2.5837	0.1944		0.2500
3.5592	0.1667	2.5741	0.2778	2.7856	0.1944	2.6964	0.2778	2.6164	0.2778	2.7010	0.2222		0.2361
fc6_rbf_accuracy:0.3241

fc7_linear
Giang		Hai  		Long 		Minh 		Thuy 		Tuyen		Final accuracy
loss	acc 	loss	acc 	loss	acc 	loss	acc 	loss	acc 	loss	acc 	
4.0529	0.1111	3.6304	0.1667	3.4874	0.2500	3.4682	0.1667	3.6872	0.1667	3.2438	0.2222		0.1806
3.8848	0.1111	2.8645	0.1944	2.7016	0.2222	3.4160	0.1944	2.9848	0.2778	3.0368	0.1667		0.1944
3.7879	0.0833	3.3668	0.1667	2.7002	0.1944	3.5357	0.1944	2.8434	0.2778	3.3009	0.1389		0.1759
3.6604	0.1111	3.0217	0.1944	3.1050	0.2222	3.5145	0.1944	2.9657	0.2778	3.0855	0.1944		0.1991
3.6212	0.1111	3.4425	0.1389	3.2232	0.1111	3.3373	0.1667	2.8269	0.2778	3.3756	0.1389		0.1574
3.5528	0.1111	3.3361	0.2222	3.2888	0.1389	3.2210	0.1667	2.6826	0.3333	3.1719	0.1389		0.1852
3.5849	0.1111	3.3522	0.1944	3.2715	0.1111	3.1724	0.1944	2.7184	0.3611	3.2126	0.1389		0.1852
fc7_linear_accuracy:0.2269

fc7_rbf
Giang		Hai  		Long 		Minh 		Thuy 		Tuyen		Final accuracy
loss	acc 	loss	acc 	loss	acc 	loss	acc 	loss	acc 	loss	acc 	
3.3860	0.1389	3.0513	0.1111	2.7639	0.2500	2.6227	0.3056	2.4770	0.3056	2.5666	0.3056		0.2361
3.2353	0.3333	2.4796	0.2500	2.4728	0.3056	2.7180	0.3333	2.6252	0.2778	2.5774	0.2778		0.2963
3.0143	0.2500	2.6565	0.2778	2.4615	0.2222	2.8436	0.4167	2.5930	0.2222	2.5784	0.2500		0.2731
3.2367	0.1944	2.6514	0.2500	2.5214	0.2778	2.6066	0.2500	2.6960	0.2500	2.7253	0.1667		0.2315
3.2707	0.2222	2.8550	0.2778	2.5550	0.2500	2.7760	0.3611	2.5650	0.2778	2.6677	0.3056		0.2824
3.1346	0.2222	2.6949	0.2778	2.5820	0.2222	2.8565	0.2778	2.6400	0.2778	2.9708	0.1944		0.2454
3.4363	0.1667	2.6822	0.2500	2.4417	0.3056	2.7733	0.3333	2.7428	0.3056	2.7922	0.1944		0.2593
fc7_rbf_accuracy:0.3241

prob
Giang		Hai  		Long 		Minh 		Thuy 		Tuyen		Final accuracy
loss	acc 	loss	acc 	loss	acc 	loss	acc 	loss	acc 	loss	acc 	
2.3255	0.0833	2.4502	0.1944	2.0113	0.2222	2.4828	0.2222	2.3871	0.1667	2.5754	0.1667		0.1759
3.9096	0.0833	3.8571	0.2500	2.4545	0.2500	3.7096	0.2222	3.2286	0.2222	3.6717	0.2500		0.2130
3.9652	0.1667	3.3653	0.2500	2.6047	0.2222	4.1343	0.2222	3.6904	0.2222	3.9091	0.1667		0.2083
5.1050	0.1667	4.4857	0.2778	2.7268	0.1944	4.2392	0.2500	3.7085	0.3056	3.5373	0.2500		0.2407
5.0100	0.1667	4.8988	0.2778	3.1593	0.1667	3.9054	0.2500	4.3694	0.1944	4.1263	0.1667		0.2037
5.2117	0.1667	4.3246	0.2778	2.9561	0.1667	4.1178	0.2500	4.2233	0.2500	4.3231	0.1944		0.2176
5.2651	0.1667	4.4207	0.3056	3.0368	0.1944	4.0369	0.2500	4.3605	0.2222	4.5576	0.1944		0.2222
prob_accuracy:0.2546

