output/result/table_2019_02_16_12gestures_6_subjects/K5_K5_2019-02-17_19.28

fc6_linear
Giang		Hai  		Long 		Minh 		Thuy 		Tuyen		Final accuracy
loss	acc 	loss	acc 	loss	acc 	loss	acc 	loss	acc 	loss	acc 	
0.4490	0.8056	0.5664	0.8333	0.6625	0.8611	0.9713	0.7500	0.5760	0.8056	0.5117	0.8056		0.8102
0.4722	0.8333	0.6310	0.8889	0.4764	0.8611	0.8966	0.8333	0.8035	0.7778	0.4809	0.8333		0.8380
0.4317	0.8889	0.6506	0.8611	0.5132	0.8333	0.8511	0.8056	0.8866	0.7778	0.3537	0.8889		0.8426
0.5766	0.8333	0.7102	0.8611	0.6015	0.8333	0.8737	0.8333	0.8407	0.7778	0.3617	0.9167		0.8426
0.4555	0.8611	0.6061	0.8611	0.5254	0.8056	0.8415	0.8333	0.9015	0.7778	0.3694	0.9167		0.8426
0.4481	0.8333	0.5659	0.8611	0.4925	0.8333	0.8306	0.8333	0.8910	0.7778	0.3487	0.9167		0.8426
0.4393	0.8333	0.5613	0.8611	0.5242	0.8333	0.8392	0.8333	0.9212	0.7778	0.3512	0.9167		0.8426
fc6_linear_accuracy:0.8657

fc6_rbf
Giang		Hai  		Long 		Minh 		Thuy 		Tuyen		Final accuracy
loss	acc 	loss	acc 	loss	acc 	loss	acc 	loss	acc 	loss	acc 	
0.6707	0.7222	0.7732	0.6944	0.6894	0.8056	0.6664	0.7500	0.6596	0.8056	0.6142	0.8333		0.7685
0.5554	0.8056	0.5214	0.8611	0.5185	0.8889	0.4666	0.8611	0.6896	0.8056	0.4849	0.8056		0.8380
0.4540	0.8611	0.5381	0.8611	0.4965	0.8056	0.5243	0.8333	0.7144	0.7778	0.3560	0.8611		0.8333
1.7350	0.5833	0.5382	0.8333	0.5285	0.7778	0.6238	0.8333	0.7257	0.7778	0.3524	0.8889		0.7824
0.4156	0.8611	0.5367	0.8333	0.4573	0.8333	0.6897	0.8333	0.7564	0.7778	0.3989	0.8056		0.8241
0.3810	0.9167	0.5416	0.8611	0.4933	0.7500	0.6567	0.8333	0.7458	0.8056	0.3461	0.8611		0.8380
0.3889	0.8889	0.5200	0.8333	0.4511	0.8333	0.6732	0.8333	0.7122	0.8056	0.3376	0.8611		0.8426
fc6_rbf_accuracy:0.8704

fc7_linear
Giang		Hai  		Long 		Minh 		Thuy 		Tuyen		Final accuracy
loss	acc 	loss	acc 	loss	acc 	loss	acc 	loss	acc 	loss	acc 	
0.5069	0.7500	0.6325	0.8889	0.6267	0.8611	0.8934	0.7500	0.5349	0.8056	0.4682	0.8611		0.8194
0.5547	0.8333	0.5866	0.8611	0.5000	0.8611	0.8631	0.8333	0.6855	0.7778	0.4559	0.8056		0.8287
0.5241	0.8333	0.6216	0.8333	0.4980	0.8889	0.9614	0.7500	0.7905	0.7778	0.3295	0.9167		0.8333
0.4408	0.8611	0.5857	0.8611	0.5178	0.8333	0.9209	0.8056	0.8515	0.7778	0.3269	0.9167		0.8426
0.4637	0.8056	0.5131	0.8611	0.4786	0.8611	0.9117	0.7778	0.8501	0.7778	0.3660	0.9167		0.8333
0.4816	0.8333	0.4620	0.8611	0.4803	0.8611	0.9031	0.7778	0.8776	0.7778	0.3453	0.9167		0.8380
0.4568	0.8611	0.5041	0.8611	0.4699	0.8611	0.9103	0.7778	0.9080	0.7778	0.3438	0.9167		0.8426
fc7_linear_accuracy:0.8657

fc7_rbf
Giang		Hai  		Long 		Minh 		Thuy 		Tuyen		Final accuracy
loss	acc 	loss	acc 	loss	acc 	loss	acc 	loss	acc 	loss	acc 	
0.7382	0.6389	0.8002	0.7500	0.6961	0.7500	0.6996	0.8056	0.7159	0.7778	0.6204	0.8333		0.7593
0.5273	0.8333	0.5656	0.8611	0.5383	0.8611	0.5167	0.8333	0.6659	0.7778	0.5331	0.7778		0.8241
0.4428	0.8611	0.4865	0.8889	0.5385	0.7500	0.5357	0.8333	0.7740	0.7500	0.3899	0.8611		0.8241
0.3414	0.9167	0.4858	0.8333	0.5125	0.7500	0.5798	0.8333	0.7451	0.7778	0.3355	0.8889		0.8333
0.3697	0.8611	0.4563	0.8333	0.4421	0.8056	0.7079	0.8333	0.7438	0.7778	0.3897	0.8611		0.8287
0.3561	0.8889	0.5109	0.8333	0.4371	0.7778	0.7227	0.8056	0.7465	0.7778	0.3588	0.8611		0.8241
0.3428	0.8611	0.4817	0.8333	0.4376	0.8056	0.7433	0.8333	0.7706	0.7778	0.3507	0.8611		0.8287
fc7_rbf_accuracy:0.8611

prob
Giang		Hai  		Long 		Minh 		Thuy 		Tuyen		Final accuracy
loss	acc 	loss	acc 	loss	acc 	loss	acc 	loss	acc 	loss	acc 	
0.6891	0.6667	0.8097	0.6944	0.7640	0.5278	0.5660	0.7500	0.7617	0.6389	0.8147	0.6389		0.6528
0.4932	0.8056	0.4975	0.6944	0.5290	0.7500	0.8121	0.7500	0.6420	0.7500	0.6838	0.7222		0.7454
0.4131	0.7500	0.3374	0.8056	0.4536	0.8056	0.5013	0.8056	0.7726	0.7222	0.6074	0.7778		0.7778
0.5011	0.8333	0.4159	0.8611	0.3670	0.8333	1.0060	0.7500	0.9373	0.7500	0.4104	0.8889		0.8194
0.3448	0.8333	0.4679	0.7778	0.5850	0.7778	1.0315	0.7778	0.7956	0.7778	0.6726	0.8056		0.7917
0.2682	0.9167	0.3749	0.8889	0.4241	0.7778	0.8367	0.8333	0.8126	0.8056	0.4306	0.8333		0.8426
0.2755	0.9167	0.3665	0.8889	0.5227	0.7778	0.9410	0.8333	0.8072	0.7778	0.4525	0.8333		0.8380
prob_accuracy:0.8611

