output/result/table_2019_02_16_12gestures_6_subjects/K5_K2_2019-02-17_11.15

fc6_linear
Giang		Hai  		Long 		Minh 		Thuy 		Tuyen		Final accuracy
loss	acc 	loss	acc 	loss	acc 	loss	acc 	loss	acc 	loss	acc 	
4.1252	0.0556	4.8192	0.0833	3.4758	0.2222	3.4229	0.1111	3.1034	0.3611	3.9782	0.0833		0.1528
4.2436	0.0833	3.8778	0.1389	3.5314	0.1667	3.3135	0.1389	3.5599	0.3056	3.5000	0.1111		0.1574
4.1362	0.0833	3.3177	0.1389	2.9101	0.1667	2.7373	0.2222	3.7064	0.2222	4.1684	0.0833		0.1528
3.5848	0.1111	3.4105	0.1667	2.9539	0.1667	2.7372	0.1111	3.4509	0.2500	2.7262	0.1667		0.1620
3.8007	0.0833	3.1566	0.1389	3.0967	0.1667	2.7559	0.1667	3.1164	0.2778	3.3546	0.0833		0.1528
3.5348	0.1111	3.1949	0.1389	3.0806	0.1667	2.7672	0.1667	3.1365	0.2778	3.0343	0.1389		0.1667
3.5476	0.1111	3.1340	0.1111	3.0148	0.1944	2.7262	0.1667	3.1908	0.2500	2.9238	0.2222		0.1759
fc6_linear_accuracy:0.2176

fc6_rbf
Giang		Hai  		Long 		Minh 		Thuy 		Tuyen		Final accuracy
loss	acc 	loss	acc 	loss	acc 	loss	acc 	loss	acc 	loss	acc 	
2.8059	0.1389	2.8994	0.1944	2.7555	0.1389	2.6949	0.2500	2.3339	0.3056	3.5399	0.0833		0.1852
3.5634	0.1667	2.6888	0.1667	2.8379	0.1667	3.1097	0.2222	3.0842	0.2222	2.9461	0.1667		0.1852
3.1974	0.1111	2.6659	0.2222	2.6741	0.1667	2.7307	0.2222	2.8801	0.3056	3.1780	0.1667		0.1991
3.5619	0.0833	2.9156	0.2500	3.7779	0.1667	2.6372	0.1667	2.8768	0.2778	2.8426	0.1667		0.1852
3.5402	0.1111	3.0754	0.1667	2.8945	0.1667	2.7064	0.2500	2.9981	0.3056	3.2886	0.1111		0.1852
3.1432	0.1389	2.9276	0.1944	2.9093	0.1944	2.7714	0.2778	2.9798	0.3056	2.8752	0.2222		0.2222
3.1435	0.1667	2.9547	0.1944	2.7283	0.1944	3.3702	0.1944	2.9676	0.3056	2.7764	0.2222		0.2130
fc6_rbf_accuracy:0.2361

fc7_linear
Giang		Hai  		Long 		Minh 		Thuy 		Tuyen		Final accuracy
loss	acc 	loss	acc 	loss	acc 	loss	acc 	loss	acc 	loss	acc 	
3.8004	0.0278	3.8355	0.1111	3.6952	0.1667	3.3173	0.1667	3.3124	0.3056	3.0381	0.0833		0.1435
4.1256	0.0833	3.4873	0.1944	3.7379	0.1389	2.7481	0.2222	3.4820	0.2500	3.3653	0.0833		0.1620
3.5571	0.0833	2.9268	0.1944	2.8317	0.1944	2.6744	0.2222	3.1793	0.3056	2.7002	0.1944		0.1991
3.1986	0.1111	2.6850	0.2222	2.7083	0.1944	2.5721	0.0833	2.9793	0.2500	2.5972	0.1389		0.1667
3.1363	0.1111	2.8903	0.1944	2.8322	0.2222	2.6029	0.1111	2.9277	0.1389	2.6598	0.1944		0.1620
2.9407	0.1111	2.8865	0.1667	2.7620	0.2222	2.5510	0.1111	2.9032	0.1389	2.6204	0.1389		0.1481
3.0161	0.1111	2.8795	0.1667	2.7425	0.2500	2.5467	0.0833	2.9359	0.1667	2.6609	0.1667		0.1574
fc7_linear_accuracy:0.2176

fc7_rbf
Giang		Hai  		Long 		Minh 		Thuy 		Tuyen		Final accuracy
loss	acc 	loss	acc 	loss	acc 	loss	acc 	loss	acc 	loss	acc 	
3.0486	0.0833	3.1953	0.1944	2.9565	0.2500	2.6650	0.2500	2.7515	0.2778	2.9452	0.0833		0.1898
3.0911	0.1667	2.8568	0.2222	2.9069	0.1667	2.4596	0.2500	2.9219	0.2778	3.0611	0.1667		0.2083
2.9494	0.1389	2.5831	0.1667	2.6113	0.2222	2.5342	0.1389	2.8371	0.2778	2.6237	0.1667		0.1852
3.0904	0.1667	2.6971	0.1944	2.6862	0.1389	2.7683	0.0833	2.8236	0.2500	2.6234	0.1667		0.1667
3.0702	0.1667	2.6149	0.2778	2.6423	0.1667	2.6465	0.0833	2.8626	0.2500	2.6454	0.1667		0.1852
2.9343	0.1944	2.6128	0.1944	2.6371	0.1667	2.6432	0.1389	3.0268	0.2500	2.8257	0.1389		0.1806
3.0120	0.1667	2.5766	0.1944	2.6693	0.1667	2.6145	0.1389	2.8976	0.2500	2.8715	0.1667		0.1806
fc7_rbf_accuracy:0.2361

prob
Giang		Hai  		Long 		Minh 		Thuy 		Tuyen		Final accuracy
loss	acc 	loss	acc 	loss	acc 	loss	acc 	loss	acc 	loss	acc 	
3.2578	0.0833	2.6604	0.1667	2.5684	0.2222	2.7068	0.2222	2.7728	0.2500	2.4173	0.0278		0.1620
3.3120	0.0278	3.0955	0.1944	2.7444	0.1389	3.1358	0.2778	3.6171	0.2500	2.8256	0.1944		0.1806
3.5907	0.0833	3.6501	0.1667	2.8534	0.2222	2.7201	0.2222	4.0179	0.2500	3.2070	0.1667		0.1852
4.9378	0.0556	3.5166	0.1944	3.4296	0.1111	2.9684	0.2222	4.4824	0.2222	3.5033	0.1389		0.1574
3.9539	0.0833	3.9707	0.1667	3.1059	0.1667	2.7790	0.1944	4.5270	0.1667	3.6850	0.1667		0.1574
4.1881	0.0833	3.8431	0.1667	3.1295	0.1111	2.6947	0.1944	4.8185	0.1667	3.6472	0.1667		0.1481
4.1568	0.0833	3.9828	0.1667	3.2400	0.1389	2.8662	0.2500	4.9933	0.2222	3.7368	0.1667		0.1713
prob_accuracy:0.2037

