    90      0      0      0      0      0      0      0      0      0      0      0
     0     73      0      0      0      0      0      0      8      9      0      0
     0      0     90      0      0      0      0      0      0      0      0      0
     0      0      0     73      0      0      0      0      0      0     17      0
     0      0      0      0     69      0      0      0      0      0      0     21
     0      0      0      1      0     88      1      0      0      0      0      0
     0      0      0      0      0      0     90      0      0      0      0      0
     0      1      0      0      0      0      0     87      0      2      0      0
     0      4      0      0      0      0      0      1     79      6      0      0
     0     10      0      0      0      0      0      3      3     74      0      0
     0      0      0     19      0      0      0      0      0      0     71      0
     0      0      0      0     15      0      0      0      0      0      0     75
