    90      0      0      0      0      0      0      0      0      0      0      0
     5     47      0      0      0      0      0      2     19     17      0      0
     0      0     90      0      0      0      0      0      0      0      0      0
     0      0      0     70      0      0      0      0      0      0     19      1
     0      0      0      0     24      0      0      0      0      0      0     66
     0      0      0      0      0     89      1      0      0      0      0      0
     0      0      0      0      0      6     84      0      0      0      0      0
     0      7      0      0      0      0      0     54     24      5      0      0
     0      3      0      0      0      0      0      0     79      8      0      0
     0      3      0      0      0      0      0      1     11     75      0      0
     0      0      0     22      0      0      0      0      0      0     61      7
     0      0      0      0      6      0      0      0      0      0      0     84
