    90      0      0      0      0      0      0      0      0      0      0      0
     0     64      0      0      0      0      0      7      3     16      0      0
     0      0     90      0      0      0      0      0      0      0      0      0
     0      0      0     73      0      0      0      0      0      0     17      0
     1      0      0      0     75      0      0      0      0      0      0     14
     0      0      0      0      0     86      4      0      0      0      0      0
     0      0      0      0      0      0     90      0      0      0      0      0
     0      0      0      0      0      0      0     83      1      6      0      0
     0     12      0      0      0      0      0      4     69      5      0      0
     0     11      0      0      0      0      0      0      3     76      0      0
     0      0      0     24      0      0      0      0      0      0     61      5
     0      0      0      0     14      0      0      0      0      0      0     76
