    90      0      0      0      0      0      0      0      0      0      0      0
     2      4      0      1      1      0      0      0      6     76      0      0
     0      0     86      0      0      0      1      1      2      0      0      0
     0      0      0     62     10      1      3      0      0      1      0     13
     0      0      0      0     61      8      4      0      0      0      0     17
     0      0      0      0      0     86      4      0      0      0      0      0
     0      0      0      0      0      0     90      0      0      0      0      0
     0      0      0      0      0      1      0      0     36     53      0      0
     0      0      0      0      0      0      0      0     50     40      0      0
     0      0      0      0      0      0      0      0      0     90      0      0
     0      0      0     62      8      1      1      0      0      0      7     11
     0      0      0      0     30      6      0      0      0      0      0     54
