    18      0      0      0      0      0      0      0      0      0      0      0
     0     10      0      0      0      0      0      0      0      8      0      0
     0      0     18      0      0      0      0      0      0      0      0      0
     0      0      0     10      8      0      0      0      0      0      0      0
     0      0      0      0     18      0      0      0      0      0      0      0
     0      0      0      0      0     18      0      0      0      0      0      0
     0      0      0      0      1      7     10      0      0      0      0      0
     0      4      0      0      0      0      0     11      0      3      0      0
     0      0      0      0      0      0      0      1     11      6      0      0
     0      0      0      0      0      0      0      0      0     18      0      0
     0      0      0      8     10      0      0      0      0      0      0      0
     0      0      0      0     18      0      0      0      0      0      0      0
