     0      5      0      0     11      0      0      0      0      0      0      2
     0     18      0      0      0      0      0      0      0      0      0      0
     0      0     18      0      0      0      0      0      0      0      0      0
     0      1      0     11      6      0      0      0      0      0      0      0
     0      0      0      0     17      0      0      0      0      0      0      1
     0      0      0      0      7     10      0      0      0      0      0      1
     0      1      0      6      7      1      0      0      3      0      0      0
     0     17      0      0      0      0      0      0      1      0      0      0
     0     15      0      0      0      0      0      0      3      0      0      0
     0     18      0      0      0      0      0      0      0      0      0      0
     0      0      0     13      4      0      0      0      0      0      0      1
     0      1      0      0     14      0      0      0      0      0      0      3
