    18      0      0      0      0      0      0      0      0      0      0      0
     0      8      0      0      0      0      0      1      0      9      0      0
     0      0     18      0      0      0      0      0      0      0      0      0
     0      0      0     18      0      0      0      0      0      0      0      0
     0      0      0      2     16      0      0      0      0      0      0      0
     0      0      0      0      0     18      0      0      0      0      0      0
     0      0      0      1      0      7     10      0      0      0      0      0
     0      0      0      0      0      0      0     10      0      8      0      0
     0      2      0      0      0      0      0      0     16      0      0      0
     0      1      0      0      0      0      0      0      0     17      0      0
     0      0      0     16      0      0      0      0      0      0      2      0
     0      0      0      5     12      0      0      0      0      0      0      1
