     0      1      0      1     16      0      0      0      0      0      0      0
     0     17      0      1      0      0      0      0      0      0      0      0
     0      0     18      0      0      0      0      0      0      0      0      0
     0      0      0     16      2      0      0      0      0      0      0      0
     0      0      2      0     15      0      0      0      0      0      0      1
     0      0      1      0      6     10      0      0      0      0      0      1
     0      1      2      3      9      2      1      0      0      0      0      0
     0     18      0      0      0      0      0      0      0      0      0      0
     0     18      0      0      0      0      0      0      0      0      0      0
     0     16      2      0      0      0      0      0      0      0      0      0
     0      0      0     15      3      0      0      0      0      0      0      0
     0      1      3      0      8      0      0      0      0      0      0      6
