    18      0      0      0      0      0      0      0      0      0      0      0
     0      6      0      0      0      0      0      5      3      4      0      0
     0      0     18      0      0      0      0      0      0      0      0      0
     0      0      0     18      0      0      0      0      0      0      0      0
     0      0      0      0     18      0      0      0      0      0      0      0
     0      0      0      0      0     17      1      0      0      0      0      0
     0      0      0      0      0      0     18      0      0      0      0      0
     0      0      0      0      0      0      0     18      0      0      0      0
     0      0      0      0      0      0      0      0     16      2      0      0
     0      0      0      0      0      0      0      1      0     17      0      0
     0      0      0      7      2      0      0      0      0      0      9      0
     0      0      0      0     15      0      0      0      0      0      0      3
