    18      0      0      0      0      0      0      0      0      0      0      0
     0     13      0      1      0      0      0      0      4      0      0      0
     0      0     18      0      0      0      0      0      0      0      0      0
     0      0      0      9      9      0      0      0      0      0      0      0
     0      0      0      0     18      0      0      0      0      0      0      0
     0      0      0      0      0     17      1      0      0      0      0      0
     0      0      0      0      0      1     17      0      0      0      0      0
     0      1      0      0      0      0      0      4     13      0      0      0
     0      1      0      0      0      0      0      0     17      0      0      0
     0      3      0      0      0      0      0      0      6      9      0      0
     0      0      0     11      7      0      0      0      0      0      0      0
     0      0      0      0     18      0      0      0      0      0      0      0
