    45      0      0      0      0      0      0      0      0      0      0      0
     0     43      2      0      0      0      0      0      0      0      0      0
     0      1     43      0      0      0      1      0      0      0      0      0
     0      0      0     40      0      0      0      0      0      0      5      0
     0      0      0      0     37      1      0      0      0      0      0      7
     1      0      0      0      0     44      0      0      0      0      0      0
     0      0      0      0      0      0     45      0      0      0      0      0
     0      0      0      0      0      0      0     45      0      0      0      0
     0      0      1      0      0      0      0      0     44      0      0      0
     0      1      0      0      0      0      0      0      0     44      0      0
     0      0      0      0      0      0      0      1      0      0     44      0
     0      0      0      0      0      0      0      0      0      0      0     45
