    43      0      0      0      1      0      0      0      0      0      0      1
     0     27      1      0      0      1      0      0      1     15      0      0
     1      1     25      0      0     13      0      0      5      0      0      0
     0      1      0     43      0      1      0      0      0      0      0      0
     0      0      0      0     37      3      0      0      0      0      0      5
     2      0      0      0      4     39      0      0      0      0      0      0
     0      0      0      0      0     20     25      0      0      0      0      0
     0      0      0      0      0      0      0     45      0      0      0      0
     0      6      1      0      0      0      0      0     38      0      0      0
     0      4      0      0      0      0      0      0      0     41      0      0
     0      0      0     42      0      0      0      0      0      0      3      0
     0      0      0      0     15      0      0      0      0      0      0     30
