    15      0      0      0      0      0      0      0      0      0      0      0
     0     12      0      0      0      0      0      0      0      3      0      0
     0      0     15      0      0      0      0      0      0      0      0      0
     0      0      0      7      0      0      0      0      0      0      8      0
     0      0      0      0      9      1      0      0      0      0      1      4
     0      0      0      0      0     15      0      0      0      0      0      0
     0      0      0      0      0      0     15      0      0      0      0      0
     0      3      0      0      0      0      0     11      1      0      0      0
     0      0      0      0      0      0      0      0     11      4      0      0
     0      0      0      0      0      0      0      0      0     15      0      0
     0      0      0      0      0      0      0      0      0      0     15      0
     0      0      0      0      0      0      0      0      0      0      0     15
