    18      0      0      0      0      0      0      0      0      0      0      0
     0      3      0      0      0      0      0      0      0     14      1      0
     0      0     18      0      0      0      0      0      0      0      0      0
     0      0      0     18      0      0      0      0      0      0      0      0
     0      0      0      0     18      0      0      0      0      0      0      0
     0      0      0      0      0      8     10      0      0      0      0      0
     0      0      0      0      0      0     18      0      0      0      0      0
     0      0      0      0      0      0      0      8      0     10      0      0
     0      0      0      0      0      0      0      0      3     15      0      0
     0      0      0      0      0      0      0      0      0     18      0      0
     0      0      0      2      1      0      0      0      0      0     15      0
     0      0      0      0      3      0      0      0      0      0      0     15
