    18      0      0      0      0      0      0      0      0      0      0      0
     0      8      0      0      0      0      0      0      5      5      0      0
     0      0     17      0      0      0      0      0      1      0      0      0
     0      0      0     11      4      0      0      0      0      0      3      0
     0      0      0      0     17      0      0      0      0      0      0      1
     0      0      0      0      0     17      1      0      0      0      0      0
     0      0      0      0      0      0     18      0      0      0      0      0
     0      0      0      0      0      0      0      1      9      8      0      0
     0      1      0      0      0      0      0      0     14      3      0      0
     0      0      0      0      0      0      0      0      0     18      0      0
     0      0      0      3      2      0      0      0      0      0     13      0
     0      0      0      0     11      0      0      0      0      0      0      7
