    18      0      0      0      0      0      0      0      0      0      0      0
     1      4      0      0      0      0      0      0      0     13      0      0
     0      0     18      0      0      0      0      0      0      0      0      0
     0      0      0     15      1      0      0      0      0      0      0      2
     0      0      0      0     15      0      0      0      0      0      0      3
     0      0      0      0      0     18      0      0      0      0      0      0
     0      0      0      0      0     14      4      0      0      0      0      0
     0      0      0      0      0      0      0     18      0      0      0      0
     0      0      0      0      0      0      0      0     17      1      0      0
     0      0      0      0      0      0      0      0      0     18      0      0
     0      0      0     13      1      0      0      0      0      0      2      2
     0      0      0      0      8      0      0      0      0      0      0     10
