    18      0      0      0      0      0      0      0      0      0      0      0
     0     17      0      0      0      0      0      0      0      1      0      0
     0      0     18      0      0      0      0      0      0      0      0      0
     0      0      0     18      0      0      0      0      0      0      0      0
     0      0      0      1     13      0      0      0      0      0      0      4
     0      0      0      0      0     18      0      0      0      0      0      0
     0      0      0      0      0      0     18      0      0      0      0      0
     0      0      0      0      0      0      0     18      0      0      0      0
     0      0      0      0      0      0      0      0     18      0      0      0
     0      0      0      0      0      0      0      1      0     17      0      0
     0      0      0      1      0      0      0      0      0      0     17      0
     0      0      0      0      1      0      0      0      0      0      0     17
