    18      0      0      0      0      0      0      0      0      0      0      0
     0      7      0      0      0      0      0      0      0     11      0      0
     0      0     18      0      0      0      0      0      0      0      0      0
     0      0      0     15      3      0      0      0      0      0      0      0
     0      0      0      0     18      0      0      0      0      0      0      0
     0      0      0      0      0     18      0      0      0      0      0      0
     0      0      0      0      0      5     13      0      0      0      0      0
     0      0      0      0      0      0      0      2      3     13      0      0
     1      1      0      0      0      0      0      0     16      0      0      0
     0      0      0      0      0      0      0      0      1     17      0      0
     0      0      0     14      3      0      0      0      0      0      1      0
     0      0      0      0     18      0      0      0      0      0      0      0
