    18      0      0      0      0      0      0      0      0      0      0      0
     0      1      0      0      0      0      0      0      0     17      0      0
     0      0     18      0      0      0      0      0      0      0      0      0
     0      0      0     17      0      0      0      0      0      0      1      0
     0      0      0      0     18      0      0      0      0      0      0      0
     0      0      0      0      0     18      0      0      0      0      0      0
     0      0      0      0      0      0     18      0      0      0      0      0
     0      0      0      0      0      0      0     12      0      6      0      0
     0      0      0      0      0      0      0      0     13      5      0      0
     0      0      0      0      0      0      0      0      0     18      0      0
     0      0      0      5      2      0      0      0      0      0     11      0
     0      0      0      0     15      0      0      0      0      0      0      3
