    17      0      0      0      0      0      0      0      0      0      0      1
     0      3      0      1      0      0      1      0      0     12      1      0
     0      0     13      2      0      0      3      0      0      0      0      0
     0      0      0      6      2      0      3      0      0      0      0      7
     0      0      0      2     12      0      1      0      0      0      1      2
     0      0      0      0      0      9      8      0      0      0      0      1
     0      0      0      0      0      0     18      0      0      0      0      0
     0      2      0      0      0      0      0      4      0     12      0      0
     0      0      0      0      0      0      0      0      0     18      0      0
     0      1      0      0      0      0      0      0      0     17      0      0
     0      0      0      6      1      0      5      0      0      0      1      5
     0      0      0      3      3      0      0      0      0      0      0     12
