output/result/table_2019_02_16_12gestures_6_subjects/K5_K1_2019-02-18_07.11

fc6_linear
Giang		Hai  		Long 		Minh 		Thuy 		Tuyen		Final accuracy
loss	acc 	loss	acc 	loss	acc 	loss	acc 	loss	acc 	loss	acc 	
3.6619	0.1944	3.8369	0.3333	3.6585	0.2500	3.2581	0.1667	3.2731	0.2500	4.0414	0.1944		0.2315
3.5818	0.1667	3.2640	0.2222	4.1042	0.0833	3.3947	0.1944	3.8899	0.1389	3.3814	0.1389		0.1574
3.9008	0.1389	3.2153	0.1389	4.1220	0.0833	3.5313	0.1389	3.7420	0.1944	3.9896	0.0833		0.1296
3.5785	0.1389	3.1992	0.1667	4.2433	0.0833	3.6572	0.1389	3.8013	0.1389	3.7693	0.0833		0.1250
3.1929	0.1667	3.2886	0.1944	4.4723	0.0833	3.3179	0.1111	3.5383	0.1667	3.5493	0.1111		0.1389
3.2275	0.1667	3.2205	0.1944	4.4332	0.0833	3.4270	0.1667	3.4913	0.1389	3.4820	0.0833		0.1389
3.2791	0.1667	3.2827	0.1667	4.2933	0.1111	3.4090	0.1667	3.4548	0.1667	3.5403	0.0833		0.1435
fc6_linear_accuracy:0.2361

fc6_rbf
Giang		Hai  		Long 		Minh 		Thuy 		Tuyen		Final accuracy
loss	acc 	loss	acc 	loss	acc 	loss	acc 	loss	acc 	loss	acc 	
2.4856	0.2778	2.9134	0.3056	3.0218	0.3056	2.6584	0.2778	2.4147	0.3333	3.0765	0.3056		0.3009
2.8050	0.1944	2.7392	0.1944	3.8793	0.0833	2.9322	0.2500	2.6205	0.2500	2.6767	0.2500		0.2037
2.8759	0.2222	2.6098	0.2222	3.5408	0.1667	2.7860	0.3056	2.8942	0.2500	3.4972	0.1667		0.2222
3.0153	0.1944	3.0502	0.1944	3.6061	0.1667	3.3341	0.2500	3.0855	0.2778	3.5728	0.2222		0.2176
2.7937	0.2222	3.0500	0.1944	4.0546	0.1389	3.2002	0.1111	3.1059	0.3056	3.3443	0.2222		0.1991
2.8066	0.2500	3.1495	0.1944	3.8929	0.1944	3.2969	0.1667	3.1886	0.2778	3.4972	0.1944		0.2130
2.8012	0.2222	3.0394	0.1389	3.7524	0.2500	3.1342	0.1944	3.2213	0.3056	3.2937	0.2500		0.2269
fc6_rbf_accuracy:0.3056

fc7_linear
Giang		Hai  		Long 		Minh 		Thuy 		Tuyen		Final accuracy
loss	acc 	loss	acc 	loss	acc 	loss	acc 	loss	acc 	loss	acc 	
3.6958	0.1667	3.3767	0.2778	3.5241	0.1667	2.9622	0.2500	3.3229	0.1944	3.7694	0.1667		0.2037
3.2341	0.1667	3.0541	0.1667	3.4284	0.1389	3.5646	0.1944	3.7243	0.1389	3.4630	0.1111		0.1528
3.3497	0.1667	2.9596	0.1389	3.7727	0.1111	3.4744	0.2222	3.7182	0.1389	3.7361	0.0556		0.1389
3.3067	0.1389	2.8654	0.1944	3.8445	0.0833	3.3359	0.1944	3.6332	0.1944	3.6106	0.0833		0.1481
3.0060	0.1667	3.1491	0.2222	4.1005	0.0833	3.2608	0.0833	3.4136	0.1667	3.4062	0.1389		0.1435
3.1880	0.1667	2.9734	0.1667	4.0283	0.0833	3.2473	0.1667	3.3947	0.1667	3.6064	0.1111		0.1435
3.1307	0.1667	2.9024	0.1944	4.0637	0.0833	3.2210	0.1667	3.3693	0.1667	3.5538	0.0833		0.1435
fc7_linear_accuracy:0.2037

fc7_rbf
Giang		Hai  		Long 		Minh 		Thuy 		Tuyen		Final accuracy
loss	acc 	loss	acc 	loss	acc 	loss	acc 	loss	acc 	loss	acc 	
2.5842	0.3056	2.6967	0.3333	2.8919	0.3056	2.6880	0.2222	2.5939	0.2500	3.1239	0.2500		0.2778
2.7732	0.1944	2.7712	0.1667	3.1882	0.1944	2.9606	0.2222	2.9272	0.1667	2.9844	0.2778		0.2037
2.8221	0.1111	2.9265	0.1944	3.1803	0.2222	3.2476	0.2778	3.0793	0.2500	3.1635	0.1111		0.1944
3.1266	0.2222	2.9374	0.2222	3.6156	0.2222	3.3332	0.2778	3.0573	0.2500	3.4626	0.1111		0.2176
2.8474	0.2222	2.9687	0.2222	3.8276	0.1944	3.3376	0.2222	3.1025	0.3056	3.5650	0.1667		0.2222
3.0016	0.2222	2.9556	0.2222	3.8029	0.2222	3.2711	0.2222	3.1494	0.3056	3.5621	0.1389		0.2222
2.9284	0.2500	3.0005	0.1944	3.8411	0.2222	3.2040	0.1667	3.2511	0.3056	3.4620	0.1944		0.2222
fc7_rbf_accuracy:0.3009

prob
Giang		Hai  		Long 		Minh 		Thuy 		Tuyen		Final accuracy
loss	acc 	loss	acc 	loss	acc 	loss	acc 	loss	acc 	loss	acc 	
2.8835	0.1667	3.0723	0.1667	4.2693	0.0833	3.5712	0.0833	2.4262	0.1944	3.3576	0.1111		0.1343
4.0781	0.1389	4.3185	0.2222	5.7637	0.1667	4.1939	0.1111	3.6464	0.2778	5.7392	0.0556		0.1620
5.3951	0.1667	4.7564	0.2500	6.1344	0.1667	4.8550	0.1667	4.5739	0.2778	6.4731	0.0556		0.1806
5.1361	0.1944	4.6356	0.1944	6.6677	0.1944	5.5081	0.1667	5.4747	0.3056	5.4496	0.0556		0.1852
5.5593	0.1667	5.3449	0.1667	7.2730	0.1111	4.9932	0.0833	5.3897	0.2500	5.5221	0.1389		0.1528
4.9230	0.1667	4.8011	0.2222	6.7797	0.2222	4.9382	0.1111	5.2677	0.3056	6.4798	0.0556		0.1806
5.1453	0.1667	5.1836	0.1944	7.3954	0.1667	5.4381	0.1111	5.2317	0.3056	6.5777	0.0833		0.1713
prob_accuracy:0.2130

