     9      0      0      0      6      0      0      0      0      0      0      0
     0      0      0      0      0      0      0      0      0     15      0      0
     0      0     14      1      0      0      0      0      0      0      0      0
     0      0      0      8      1      0      1      0      0      0      5      0
     0      0      0      0     15      0      0      0      0      0      0      0
     0      0      0      0      0      5     10      0      0      0      0      0
     0      0      0      0      0      0     15      0      0      0      0      0
     0      0      0      0      0      0      0      2      0     13      0      0
     0      0      0      0      0      0      0      0     11      4      0      0
     0      0      0      0      0      0      0      0      0     15      0      0
     0      0      1      4      1      0      0      0      0      0      9      0
     0      0      0      0     15      0      0      0      0      0      0      0
