    15      0      0      0      0      0      0      0      0      0      0      0
     0      3      0      0      0      0      0      1      1     10      0      0
     0      0     15      0      0      0      0      0      0      0      0      0
     0      0      0     15      0      0      0      0      0      0      0      0
     0      0      0      4     10      1      0      0      0      0      0      0
     0      0      0      0      0     15      0      0      0      0      0      0
     0      0      0      2      0      4      9      0      0      0      0      0
     0      0      0      0      0      0      0     13      1      1      0      0
     0      3      0      0      0      0      0      1      8      3      0      0
     0      3      0      0      0      0      0      0      0     12      0      0
     0      0      0     14      0      0      0      0      0      0      1      0
     0      0      0      2      9      1      0      0      0      0      0      3
