    90      0      0      0      0      0      0      0      0      0      0      0
     0     82      0      0      0      0      0      0      2      6      0      0
     0      0     90      0      0      0      0      0      0      0      0      0
     0      0      0     78      0      0      0      0      0      0     12      0
     0      0      0      0     73      0      0      0      0      0      0     17
     0      0      0      0      0     89      1      0      0      0      0      0
     0      0      0      0      0      0     90      0      0      0      0      0
     0      0      0      0      0      0      0     90      0      0      0      0
     0      0      0      0      0      0      0      0     89      1      0      0
     0      5      0      0      0      0      0      0      1     84      0      0
     0      0      0      4      0      0      0      0      0      0     85      1
     0      0      0      0      8      0      0      0      0      0      0     82
