    90      0      0      0      0      0      0      0      0      0      0      0
     0     72      0      0      0      0      0      1      7     10      0      0
     0      0     90      0      0      0      0      0      0      0      0      0
     0      0      0     37      0      0      0      0      0      0     53      0
     0      0      0      0     87      0      0      0      0      0      0      3
     0      0      0      0      0     86      4      0      0      0      0      0
     0      0      0      0      0      0     90      0      0      0      0      0
     0      0      0      0      0      0      0     89      0      1      0      0
     0      1      0      0      0      0      0      0     84      5      0      0
     0      1      0      0      0      0      0      0      2     87      0      0
     0      0      0      0      0      0      0      0      0      0     90      0
     0      0      0      0     36      0      0      0      0      0      0     54
