    18      0      0      0      0      0      0      0      0      0      0      0
     0      8      0      1      0      0      0      0      7      2      0      0
     0      0     18      0      0      0      0      0      0      0      0      0
     0      0      0      9      9      0      0      0      0      0      0      0
     0      0      0      0     18      0      0      0      0      0      0      0
     0      0      0      0      0     18      0      0      0      0      0      0
     0      0      0      0      0     11      7      0      0      0      0      0
     0      5      0      0      0      0      0      2     11      0      0      0
     0      1      0      0      0      0      0      0     17      0      0      0
     0      5      0      0      0      0      0      0      6      7      0      0
     0      0      0     10      8      0      0      0      0      0      0      0
     0      0      0      0     18      0      0      0      0      0      0      0
