     0      4      0      7      4      3      0      0      0      0      0      0
     0     18      0      0      0      0      0      0      0      0      0      0
     0      0     16      2      0      0      0      0      0      0      0      0
     0      0      0     13      3      0      0      0      2      0      0      0
     0      0      1      1     13      0      0      0      0      0      0      3
     0      0      0      0      0     18      0      0      0      0      0      0
     0      0      0      3      0      6      1      0      8      0      0      0
     0     18      0      0      0      0      0      0      0      0      0      0
     0     11      0      0      0      0      0      0      7      0      0      0
     0     18      0      0      0      0      0      0      0      0      0      0
     0      0      0     12      2      0      0      0      2      0      1      1
     0      0      0      1     10      0      0      0      0      0      0      7
