output/result_set_table_08Jan2019_original_aug_1_pad/Kinect_1_test_on_Kinect_3_07-01-2019_18.34.43

fc6_linear
Binh 		Giang		Hung 		Tan  		Thuan		Final accuracy
loss	acc 	loss	acc 	loss	acc 	loss	acc 	loss	acc 	
2.3975	0.4286	2.6801	0.4667	1.8900	0.6387	2.5174	0.6273	3.4622	0.4083		0.5139
2.2575	0.4429	2.4408	0.4190	1.7473	0.7161	1.9017	0.6273	3.0001	0.4333		0.5277
2.1257	0.4500	2.1801	0.3905	1.4402	0.7871	1.8698	0.6000	2.5862	0.5000		0.5455
1.8291	0.5000	1.9729	0.3905	1.2200	0.8000	1.7240	0.5818	2.3766	0.5000		0.5545
1.6965	0.4929	1.9262	0.3905	1.1128	0.7806	1.7347	0.5545	2.4766	0.4833		0.5404
1.7103	0.5000	1.8969	0.3905	1.1198	0.8000	1.7427	0.5455	2.5032	0.4917		0.5455
1.7080	0.4929	1.8944	0.3905	1.1096	0.8000	1.7570	0.5455	2.4976	0.4917		0.5441
fc6_linear_accuracy:0.5545

fc6_rbf
Binh 		Giang		Hung 		Tan  		Thuan		Final accuracy
loss	acc 	loss	acc 	loss	acc 	loss	acc 	loss	acc 	
2.2103	0.4214	2.1476	0.4000	1.7331	0.6323	2.1340	0.6091	3.2674	0.3417		0.4809
2.0258	0.4143	2.1193	0.3714	1.9687	0.6387	2.0351	0.5909	3.1861	0.3417		0.4714
1.9410	0.4357	2.1580	0.3905	1.5913	0.6968	2.1854	0.6091	2.7053	0.3833		0.5031
1.7932	0.4357	2.0651	0.3429	1.4382	0.7484	2.1063	0.5636	2.5502	0.3917		0.4965
1.6418	0.4929	1.9625	0.3810	1.3749	0.7419	2.0685	0.5364	2.6288	0.3500		0.5004
1.6322	0.4857	1.9280	0.3905	1.3930	0.7290	2.0296	0.5455	2.6295	0.3500		0.5001
1.6633	0.4929	1.9739	0.3714	1.3806	0.7419	2.0177	0.5364	2.6464	0.3583		0.5002
fc6_rbf_accuracy:0.5031

fc7_linear
Binh 		Giang		Hung 		Tan  		Thuan		Final accuracy
loss	acc 	loss	acc 	loss	acc 	loss	acc 	loss	acc 	
2.7038	0.4143	2.8624	0.4381	1.7525	0.6129	2.7097	0.5909	3.5638	0.4583		0.5029
2.2481	0.4643	2.5153	0.4286	1.6480	0.6710	1.9031	0.6000	3.0643	0.4417		0.5211
2.0198	0.4571	2.1379	0.4286	1.3533	0.7548	1.8719	0.6091	2.3868	0.5000		0.5499
1.7775	0.4929	2.0210	0.4571	1.2292	0.7484	1.7531	0.5727	2.2687	0.4583		0.5459
1.6765	0.5071	2.0206	0.4381	1.2166	0.7484	1.6996	0.5455	2.2843	0.4750		0.5428
1.6120	0.5071	2.0067	0.4571	1.2165	0.7419	1.7165	0.5455	2.2869	0.4833		0.5470
1.6237	0.5071	2.0149	0.4381	1.2017	0.7548	1.6953	0.5364	2.2681	0.4750		0.5423
fc7_linear_accuracy:0.5499

fc7_rbf
Binh 		Giang		Hung 		Tan  		Thuan		Final accuracy
loss	acc 	loss	acc 	loss	acc 	loss	acc 	loss	acc 	
1.9944	0.3929	2.5163	0.3524	1.7579	0.5226	2.5013	0.6091	3.5082	0.3917		0.4537
1.9521	0.4571	2.3614	0.3905	1.8766	0.6065	2.3736	0.6000	3.2830	0.3417		0.4791
1.8183	0.4286	2.3158	0.3714	1.4899	0.6774	2.2411	0.6091	2.4828	0.4083		0.4990
1.7443	0.4571	2.1675	0.3905	1.2821	0.7226	2.0357	0.6091	2.2967	0.4000		0.5159
1.5573	0.5071	2.0472	0.3810	1.2890	0.7226	1.9442	0.5636	2.3050	0.4083		0.5165
1.5321	0.4929	2.0178	0.3810	1.2832	0.6968	1.9620	0.5636	2.3583	0.3917		0.5052
1.5346	0.5000	2.0524	0.3714	1.2475	0.7097	1.9676	0.5545	2.3304	0.3917		0.5055
fc7_rbf_accuracy:0.5165

prob
Binh 		Giang		Hung 		Tan  		Thuan		Final accuracy
loss	acc 	loss	acc 	loss	acc 	loss	acc 	loss	acc 	
1.3343	0.3786	0.5220	0.7714	1.0998	0.5548	0.8532	0.6636	1.6622	0.3583		0.5454
1.7977	0.4143	0.5218	0.8095	0.8583	0.7355	1.0189	0.5545	1.4926	0.5167		0.6061
2.1313	0.4357	0.5642	0.7048	0.8470	0.7355	0.9652	0.6273	1.6197	0.4667		0.5940
1.6069	0.5429	0.5188	0.6952	0.8133	0.8194	0.9657	0.7000	1.5119	0.5333		0.6582
1.5182	0.5286	0.4961	0.7429	0.7888	0.8000	1.1289	0.5818	1.9166	0.5000		0.6306
1.5932	0.4571	0.4900	0.7429	0.8386	0.8129	1.1288	0.5818	1.9638	0.4917		0.6173
1.6484	0.4714	0.4901	0.7524	0.9671	0.8000	1.1716	0.5818	1.9660	0.5000		0.6211
prob_accuracy:0.6582

