    18      0      0      0      0      0      0      0      0      0      0      0
     0     10      0      0      0      0      0      0      0      8      0      0
     0      0     16      0      0      0      0      0      0      0      0      2
     0      0      0     18      0      0      0      0      0      0      0      0
     0      0      0      0     15      0      0      0      0      0      0      3
     0      0      0      0      0      3     15      0      0      0      0      0
     0      0      0      0      0      0     18      0      0      0      0      0
     0      0      0      0      0      0      0      7      1     10      0      0
     0      0      0      0      0      0      0      0     16      2      0      0
     0      0      0      0      0      0      0      0      0     18      0      0
     0      0      0     12      2      0      2      0      0      0      1      1
     0      0      0      0     15      0      0      0      0      0      0      3
