    16      0      0      0      2      0      0      0      0      0      0      0
     0      0      0      0      0      0      0      2      0     16      0      0
     0      0      0      0     11      0      3      0      0      0      0      4
     0      0      0      7      4      0      6      0      0      0      0      1
     0      0      0      0     16      0      1      0      0      0      0      1
     0      0      0      0      0     11      7      0      0      0      0      0
     0      0      0      0      0      0     18      0      0      0      0      0
     0      1      0      0      0      0      0      1      0     16      0      0
     0      3      0      0      0      0      1      0      9      5      0      0
     0      0      0      0      0      0      0      0      0     18      0      0
     0      0      0      3      6      0      2      1      0      0      5      1
     0      0      0      0     18      0      0      0      0      0      0      0
