    45      0      0      0      0      0      0      0      0      0      0      0
     0     36      0      0      0      0      0      0      0      9      0      0
     0      0     45      0      0      0      0      0      0      0      0      0
     0      0      0     42      0      0      1      0      0      0      2      0
     0      0      0      0     41      0      0      0      0      0      0      4
     0      0      0      0      0     44      1      0      0      0      0      0
     0      0      0      0      0      0     45      0      0      0      0      0
     0      2      0      0      0      0      0     41      2      0      0      0
     0      0      0      0      0      0      0      0     44      1      0      0
     0      1      0      0      0      0      0      1      2     41      0      0
     0      0      0      4      0      0      0      0      0      0     41      0
     0      0      0      0      0      0      0      0      0      0      0     45
