    18      0      0      0      0      0      0      0      0      0      0      0
     1     10      0      0      0      0      0      4      0      3      0      0
     0      0     18      0      0      0      0      0      0      0      0      0
     0      0      0     18      0      0      0      0      0      0      0      0
     0      0      0      1     11      0      0      0      0      0      0      6
     0      0      0      0      0     18      0      0      0      0      0      0
     0      0      0      0      0      1     17      0      0      0      0      0
     0      0      0      0      0      0      0     16      2      0      0      0
     0      0      0      0      0      0      0      2     16      0      0      0
     0      0      0      0      0      0      0      1      1     16      0      0
     0      0      0      0      0      0      0      0      0      0     18      0
     0      0      0      0      2      0      0      0      0      0      2     14
