output/result_backup/table_30Jan2019_original_pre_3_12gestures_fc6_1024_fc7_1024/K2_K1_2019-01-31_11.37

fc6_linear
Giang		Hai  		Long 		Minh 		Thuan		Thuy 		Tuyen		Final accuracy
loss	acc 	loss	acc 	loss	acc 	loss	acc 	loss	acc 	loss	acc 	loss	acc 	
6.3245	0.0833	9.1934	0.0000	7.2594	0.2500	8.3769	0.1944	8.0917	0.0833	8.7803	0.0833	6.7518	0.1389		0.1190
4.9999	0.0833	8.5738	0.2222	7.2474	0.2500	6.9047	0.0833	5.0910	0.1111	6.7826	0.0833	8.5503	0.1389		0.1389
4.0294	0.1389	7.9943	0.1667	6.7926	0.1667	5.6108	0.1944	6.5495	0.1667	6.0161	0.0833	8.7898	0.1389		0.1508
4.2559	0.1944	7.1495	0.0833	5.3621	0.1667	6.8642	0.1667	6.6096	0.1111	6.0034	0.1111	7.4797	0.0833		0.1310
4.1896	0.0833	6.7803	0.0833	6.0957	0.0556	6.1665	0.1389	5.2811	0.0833	5.4377	0.1667	6.5377	0.0833		0.0992
3.9273	0.1389	6.2940	0.0833	6.2217	0.1111	5.6287	0.0833	5.2024	0.1111	6.0317	0.1389	7.2704	0.0833		0.1071
fc6_linear_accuracy:0.1905

fc6_rbf
Giang		Hai  		Long 		Minh 		Thuan		Thuy 		Tuyen		Final accuracy
loss	acc 	loss	acc 	loss	acc 	loss	acc 	loss	acc 	loss	acc 	loss	acc 	
4.5428	0.1667	5.3362	0.0833	5.1942	0.1667	4.7698	0.0833	5.3220	0.0833	5.2366	0.1111	4.7700	0.0833		0.1111
3.5431	0.1944	4.5376	0.0833	4.0977	0.1667	3.5699	0.1667	3.9170	0.0833	3.6448	0.1111	4.0404	0.1111		0.1310
3.3907	0.1111	3.4952	0.1667	4.0639	0.1667	3.7331	0.1667	3.8702	0.1111	4.4600	0.0833	4.2666	0.1389		0.1349
3.2142	0.1111	4.3605	0.0833	4.0288	0.1667	4.2165	0.1667	3.7589	0.1111	3.9246	0.1389	3.7261	0.1111		0.1270
3.0438	0.1111	3.9586	0.1389	3.7078	0.1667	4.3469	0.0833	3.6406	0.1389	3.7465	0.0833	3.5471	0.2222		0.1349
3.3599	0.1111	4.2867	0.0833	4.1335	0.1667	4.2904	0.1667	3.7255	0.0833	3.9850	0.0833	3.7268	0.1667		0.1230
fc6_rbf_accuracy:0.1706

fc7_linear
Giang		Hai  		Long 		Minh 		Thuan		Thuy 		Tuyen		Final accuracy
loss	acc 	loss	acc 	loss	acc 	loss	acc 	loss	acc 	loss	acc 	loss	acc 	
6.4973	0.1667	6.5998	0.0833	5.9709	0.2222	6.4658	0.1111	6.6100	0.0833	5.1464	0.1389	6.2992	0.0556		0.1230
4.6961	0.1944	6.0697	0.0833	6.0161	0.1667	6.4214	0.0833	5.9124	0.0833	5.4730	0.0833	7.8802	0.0833		0.1111
4.3436	0.1944	5.4739	0.0833	5.8505	0.1667	5.5302	0.1389	4.3136	0.0833	5.3413	0.1111	5.9411	0.0833		0.1230
4.1010	0.1667	5.1874	0.0833	4.8157	0.1389	5.1104	0.1111	3.8939	0.0833	4.7259	0.1111	4.8801	0.0833		0.1111
3.6712	0.2500	5.0337	0.0833	5.4459	0.1389	4.9255	0.0833	3.8936	0.1389	4.2824	0.2500	5.2064	0.1667		0.1587
3.6353	0.1667	5.0624	0.0833	4.9278	0.0833	4.7366	0.0833	3.8028	0.1667	4.6643	0.2222	4.5719	0.1111		0.1310
fc7_linear_accuracy:0.1825

fc7_rbf
Giang		Hai  		Long 		Minh 		Thuan		Thuy 		Tuyen		Final accuracy
loss	acc 	loss	acc 	loss	acc 	loss	acc 	loss	acc 	loss	acc 	loss	acc 	
5.0537	0.1667	5.3481	0.0833	5.0648	0.1667	4.9112	0.1667	4.7332	0.1111	4.3309	0.0833	5.1606	0.2222		0.1429
3.6269	0.2500	4.3456	0.0833	4.2582	0.1667	3.9951	0.0833	4.0035	0.0833	4.1157	0.0833	5.1205	0.0833		0.1190
3.4540	0.1667	4.4655	0.0833	3.9820	0.1667	3.4121	0.0833	3.5313	0.0833	4.0725	0.0833	4.0394	0.0833		0.1071
3.3449	0.0833	4.8182	0.0833	4.4541	0.0833	3.9476	0.0833	3.6374	0.0833	3.3839	0.1389	4.1026	0.0833		0.0913
3.4989	0.1667	4.8744	0.0833	4.5346	0.0833	4.6860	0.0833	4.0111	0.0833	3.2007	0.1944	3.5182	0.0833		0.1111
3.6214	0.0833	4.9647	0.0833	4.5848	0.0833	4.4125	0.0833	4.2913	0.0833	3.6800	0.0833	3.7351	0.0833		0.0833
fc7_rbf_accuracy:0.1706

prob
Giang		Hai  		Long 		Minh 		Thuan		Thuy 		Tuyen		Final accuracy
loss	acc 	loss	acc 	loss	acc 	loss	acc 	loss	acc 	loss	acc 	loss	acc 	
2.4496	0.0833	2.4871	0.0556	2.4617	0.1111	2.4671	0.0833	2.4736	0.0833	2.4486	0.1111	2.4695	0.0833		0.0873
2.5202	0.1389	2.5923	0.0833	2.9190	0.0833	2.7162	0.1389	2.6105	0.0833	2.2090	0.1667	2.3686	0.2500		0.1349
2.7123	0.1389	3.2194	0.0833	3.4663	0.0833	3.2711	0.0833	2.8194	0.0833	2.4276	0.0833	2.6558	0.0833		0.0913
2.7326	0.2222	4.1279	0.0833	3.8885	0.0833	3.4200	0.0833	2.8882	0.0833	2.9439	0.0833	3.1508	0.0833		0.1032
2.8714	0.1389	4.5227	0.0833	4.4289	0.0833	4.2306	0.0833	3.3686	0.0833	3.3011	0.1389	2.8975	0.0833		0.0992
3.0622	0.1667	4.6491	0.0833	4.6288	0.0833	4.2853	0.0833	3.5244	0.0833	3.2992	0.2222	2.8854	0.0833		0.1151
prob_accuracy:0.1587

