     1      3      0      0      0     14      0      0      0      0      0      0
     0     18      0      0      0      0      0      0      0      0      0      0
     0      0      6      0      0      0      5      7      0      0      0      0
     0      0      0      0      0      0      0      2      0      0      8      8
     0      0      0      0      0      0      0      0      0      0      0     18
     0      0      0      0      0     15      3      0      0      0      0      0
     0      0      0      0      0      0     18      0      0      0      0      0
     0      2      0      0      0      0      0     16      0      0      0      0
     0     16      0      0      0      0      0      0      0      2      0      0
     0     17      0      0      0      0      0      0      0      1      0      0
     0      0      0      0      0      0      0      0      0      0     12      6
     0      0      0      0      0      0      0      0      0      0      0     18
