     4      0      0      3      1      0      0      0      0      0      0     10
     0      0      0      2      0      0      1      0      0     15      0      0
     0      0     14      3      0      0      1      0      0      0      0      0
     0      0      0     10      5      0      3      0      0      0      0      0
     0      0      0      6     10      0      0      0      0      0      0      2
     0      0      0      0      0      0     17      0      0      0      0      1
     0      0      0      0      0      0     18      0      0      0      0      0
     0      0      0      0      0      0      1      7      0     10      0      0
     0      0      0      0      0      0      0      1      0     17      0      0
     0      0      0      0      0      0      0      2      0     16      0      0
     0      0      0     12      5      0      0      0      0      0      0      1
     0      0      0      5      6      0      0      0      0      0      0      7
