    18      0      0      0      0      0      0      0      0      0      0      0
     0      9      0      0      0      0      0      1      0      8      0      0
     0      0     18      0      0      0      0      0      0      0      0      0
     0      0      0      4      6      0      0      0      0      0      8      0
     0      0      0      0     17      0      0      0      0      0      0      1
     0      0      0      0      0     16      2      0      0      0      0      0
     0      0      0      0      0      0     18      0      0      0      0      0
     0      1      0      0      0      0      0     10      0      7      0      0
     0      6      0      0      0      0      0      0      3      9      0      0
     0      0      0      0      0      0      0      0      0     18      0      0
     0      0      0      0      1      0      0      0      0      0     17      0
     0      0      0      0      5      0      0      0      0      0      0     13
