    18      0      0      0      0      0      0      0      0      0      0      0
     0     11      0      0      1      0      0      0      6      0      0      0
     0      0     18      0      0      0      0      0      0      0      0      0
     0      0      0      8      9      1      0      0      0      0      0      0
     0      0      0      0     17      1      0      0      0      0      0      0
     0      0      0      0      0     18      0      0      0      0      0      0
     0      0      0      0      0      6     12      0      0      0      0      0
     0      4      0      0      0      0      0      9      4      1      0      0
     0      2      0      0      0      0      0      0     16      0      0      0
     0      4      0      0      0      0      0      0      3     11      0      0
     0      0      0      7     11      0      0      0      0      0      0      0
     0      0      0      2     16      0      0      0      0      0      0      0
