output/result_backup/table_2019_05_17_original_12gestures_6_subjects/K1_K3_2019-05-18_08.22

fc6_linear
Giang		Hai  		Long 		Minh 		Thuy 		Tuyen		Final accuracy
loss	acc 	loss	acc 	loss	acc 	loss	acc 	loss	acc 	loss	acc 	
5.3465	0.0833	4.0966	0.0000	4.3350	0.1944	4.3566	0.1667	4.2835	0.1389	3.5765	0.2778		0.1435
3.2572	0.1667	3.6172	0.1389	4.7554	0.1389	3.1228	0.0833	3.7580	0.1111	3.4119	0.1944		0.1389
3.4071	0.2222	3.5749	0.1944	4.7650	0.1944	4.0447	0.1944	3.5368	0.2500	4.0627	0.1944		0.2083
3.2454	0.1944	2.9222	0.1944	4.3991	0.1944	3.8786	0.1944	3.6646	0.3333	3.6409	0.1944		0.2176
3.3369	0.2500	2.9712	0.3056	4.6270	0.1111	3.7331	0.2222	3.4253	0.3611	4.0129	0.2500		0.2500
4.0395	0.1111	3.2603	0.1944	5.2770	0.0833	3.8020	0.1667	3.4107	0.3611	4.6329	0.3333		0.2083
fc6_linear_accuracy:0.2778

fc6_rbf
Giang		Hai  		Long 		Minh 		Thuy 		Tuyen		Final accuracy
loss	acc 	loss	acc 	loss	acc 	loss	acc 	loss	acc 	loss	acc 	
4.2773	0.0833	3.7700	0.0833	3.5111	0.1667	3.8927	0.1667	3.7561	0.1944	2.9299	0.2222		0.1528
3.1000	0.1389	2.6517	0.1944	3.8697	0.1111	3.1634	0.1667	3.4304	0.1389	2.6168	0.1667		0.1528
3.1570	0.0833	3.0001	0.1944	3.6742	0.1389	3.5577	0.1944	2.9813	0.2222	3.0764	0.1667		0.1667
3.3831	0.1944	3.0353	0.2222	4.3981	0.1111	3.3511	0.1667	3.8148	0.3056	3.1811	0.1389		0.1898
3.2246	0.1944	2.7730	0.3056	3.9786	0.0833	3.4851	0.1944	2.9806	0.3056	3.2404	0.1944		0.2130
3.7335	0.1389	3.2584	0.2500	4.1550	0.1667	3.5007	0.1944	3.0596	0.3889	4.1913	0.2500		0.2315
fc6_rbf_accuracy:0.2500

fc7_linear
Giang		Hai  		Long 		Minh 		Thuy 		Tuyen		Final accuracy
loss	acc 	loss	acc 	loss	acc 	loss	acc 	loss	acc 	loss	acc 	
3.5935	0.0833	3.9116	0.0556	4.4432	0.1944	3.2865	0.2500	3.5086	0.1667	3.6613	0.1389		0.1481
3.6508	0.1667	3.3092	0.0833	3.7489	0.1944	3.0477	0.1667	3.3473	0.2500	3.0406	0.1667		0.1713
3.5133	0.1944	3.5948	0.1667	4.0684	0.1667	3.8735	0.0556	3.0789	0.3056	3.6688	0.1667		0.1759
3.5521	0.1944	3.0414	0.2222	4.1106	0.1667	3.7122	0.1111	3.0732	0.3056	3.2616	0.2778		0.2130
3.4832	0.1667	3.1250	0.2222	4.1737	0.0833	3.6822	0.1389	3.0684	0.3056	3.5993	0.1667		0.1806
3.3468	0.1944	3.1950	0.1944	4.2868	0.0833	3.6005	0.1389	3.0754	0.3056	3.5258	0.1389		0.1759
fc7_linear_accuracy:0.2407

fc7_rbf
Giang		Hai  		Long 		Minh 		Thuy 		Tuyen		Final accuracy
loss	acc 	loss	acc 	loss	acc 	loss	acc 	loss	acc 	loss	acc 	
3.6707	0.0833	3.5442	0.0833	3.7909	0.2500	3.1924	0.1667	3.6389	0.1111	2.9860	0.1944		0.1481
3.5732	0.1389	2.7368	0.1667	3.2325	0.1111	2.8367	0.1389	3.1354	0.2500	2.5101	0.1944		0.1667
2.9169	0.1944	2.8679	0.1667	3.8044	0.1389	3.2578	0.0833	2.8998	0.2778	3.0960	0.1667		0.1713
3.4454	0.1667	2.9102	0.1667	3.9873	0.1111	3.3684	0.2222	2.8663	0.3056	3.0425	0.3056		0.2130
3.6306	0.1944	3.0301	0.3056	4.2419	0.0833	3.5749	0.0833	2.9720	0.3056	3.2422	0.1667		0.1898
3.6176	0.1944	3.0541	0.2778	4.0494	0.0833	3.6026	0.0833	2.9477	0.3056	3.1396	0.1667		0.1852
fc7_rbf_accuracy:0.2639

prob
Giang		Hai  		Long 		Minh 		Thuy 		Tuyen		Final accuracy
loss	acc 	loss	acc 	loss	acc 	loss	acc 	loss	acc 	loss	acc 	
2.2914	0.0833	2.2355	0.1667	2.2185	0.2222	2.2640	0.2222	2.0748	0.3056	2.1945	0.1667		0.1944
2.8604	0.2500	2.4049	0.2222	3.0401	0.1111	2.7227	0.1389	2.3642	0.2500	2.7729	0.1667		0.1898
3.2547	0.2500	2.6285	0.1667	4.2389	0.1667	3.0608	0.1389	2.8508	0.2778	3.1075	0.1667		0.1944
3.8078	0.2500	3.0984	0.1389	4.8469	0.1389	3.5751	0.1389	3.3086	0.3056	4.2521	0.1667		0.1898
3.4847	0.1111	2.8422	0.1389	5.5586	0.1111	3.7398	0.1389	3.5761	0.2500	3.7756	0.1667		0.1528
3.8757	0.0833	3.2754	0.1944	5.0618	0.1111	4.0094	0.1667	3.6583	0.2500	3.9075	0.1667		0.1620
prob_accuracy:0.2315

