    90      0      0      0      0      0      0      0      0      0      0      0
     0     63      0      0      0      0      0      5      5     17      0      0
     0      0     90      0      0      0      0      0      0      0      0      0
     0      0      0     64      0      0      0      0      0      0     26      0
     0      0      0      1     77      0      0      0      0      0      0     12
     0      0      0      0      0     85      5      0      0      0      0      0
     0      0      0      0      0      0     90      0      0      0      0      0
     0      1      0      0      0      0      0     81      1      7      0      0
     0      9      0      0      0      0      0      5     71      5      0      0
     0      5      0      0      0      0      0      0      1     84      0      0
     0      0      0     16      1      0      0      0      0      0     68      5
     0      0      0      1     17      0      0      0      0      0      0     72
