     0      0      0      5     13      0      0      0      0      0      0      0
     0     18      0      0      0      0      0      0      0      0      0      0
     0      0     18      0      0      0      0      0      0      0      0      0
     0      1      1     16      0      0      0      0      0      0      0      0
     0      2      1      1     13      0      0      0      0      0      0      1
     0      0      0      0      7     10      0      0      1      0      0      0
     0      2      2      2      8      3      0      0      1      0      0      0
     0     17      0      0      1      0      0      0      0      0      0      0
     0     17      0      0      0      0      0      0      1      0      0      0
     0     18      0      0      0      0      0      0      0      0      0      0
     0      0      1     11      5      0      0      0      0      0      0      1
     0      2      1      1      7      0      0      0      0      0      0      7
