    18      0      0      0      0      0      0      0      0      0      0      0
     0     13      0      0      0      0      0      0      0      5      0      0
     0      0     18      0      0      0      0      0      0      0      0      0
     0      0      0     12      0      0      0      0      0      0      6      0
     0      0      0      0      9      0      0      0      0      0      0      9
     0      0      0      0      0     18      0      0      0      0      0      0
     0      0      0      0      0      0     18      0      0      0      0      0
     0      0      0      0      0      0      0     13      0      5      0      0
     0      0      0      0      0      0      0      0     14      4      0      0
     0      0      0      0      0      0      0      0      0     18      0      0
     0      0      0      0      0      0      0      0      0      0     18      0
     0      0      0      0      0      0      0      0      0      0      0     18
