    18      0      0      0      0      0      0      0      0      0      0      0
     0      5      0      0      0      0      0      0      0     13      0      0
     0      0     18      0      0      0      0      0      0      0      0      0
     0      0      0      6      1      0      0      0      0      0     11      0
     0      0      0      0     18      0      0      0      0      0      0      0
     0      0      0      0      0     17      1      0      0      0      0      0
     0      0      0      0      0      0     18      0      0      0      0      0
     0      0      0      0      0      0      0     18      0      0      0      0
     0      0      0      0      0      0      0      0     14      4      0      0
     0      0      0      0      0      0      0      0      0     18      0      0
     0      0      0      0      0      0      0      0      0      0     18      0
     0      0      0      0      8      0      0      0      0      0      0     10
