    16      0      0      0      2      0      0      0      0      0      0      0
     0      6      0      0      0      0      0      4      0      8      0      0
     0      0     17      0      1      0      0      0      0      0      0      0
     0      0      0      9      8      0      0      0      0      0      1      0
     0      0      0      0     18      0      0      0      0      0      0      0
     0      0      0      0      0     18      0      0      0      0      0      0
     0      0      0      1      0      8      9      0      0      0      0      0
     0      0      0      0      0      0      0     12      0      6      0      0
     0      1      0      0      0      0      0      0     17      0      0      0
     0      1      0      0      0      0      0      0      0     17      0      0
     0      0      0      5     10      0      0      0      0      0      3      0
     0      0      0      0     18      0      0      0      0      0      0      0
