    18      0      0      0      0      0      0      0      0      0      0      0
     0      6      0      0      0      0      0      1      2      9      0      0
     0      0     18      0      0      0      0      0      0      0      0      0
     0      0      0     15      2      0      0      0      0      0      0      1
     0      0      0      0     10      0      0      0      0      0      0      8
     0      0      0      0      0     17      1      0      0      0      0      0
     0      0      0      0      0      0     18      0      0      0      0      0
     0      4      0      0      0      0      0     10      2      2      0      0
     0      0      0      0      0      0      0      0     17      1      0      0
     0      1      0      0      0      0      0      0      3     14      0      0
     0      0      0      7      1      0      0      0      0      0      7      3
     0      0      0      0      9      0      0      0      0      0      0      9
