    90      0      0      0      0      0      0      0      0      0      0      0
     0     88      0      0      0      0      0      0      0      2      0      0
     0      0     90      0      0      0      0      0      0      0      0      0
     0      0      0     76      0      0      0      0      0      0     14      0
     0      0      0      0     81      0      0      0      0      0      1      8
     0      0      0      0      0     85      5      0      0      0      0      0
     0      0      0      0      0      0     90      0      0      0      0      0
     0      0      0      0      0      0      0     90      0      0      0      0
     0      1      0      0      0      0      0      0     86      3      0      0
     0      3      0      0      0      0      0      0      3     84      0      0
     0      0      0     10      0      0      0      0      0      0     77      3
     0      0      0      0     15      0      0      0      0      0      0     75
