    90      0      0      0      0      0      0      0      0      0      0      0
     0     86      0      0      0      0      0      0      1      3      0      0
     0      0     90      0      0      0      0      0      0      0      0      0
     0      0      0     71      0      0      0      0      0      0     19      0
     0      0      0      0     78      0      0      0      0      0      0     12
     0      0      0      1      0     87      2      0      0      0      0      0
     0      0      0      0      0      0     90      0      0      0      0      0
     0      0      0      0      0      0      0     90      0      0      0      0
     0      3      0      0      0      0      0      0     82      5      0      0
     0      2      0      0      0      0      0      1      3     84      0      0
     0      0      0      5      1      0      0      0      0      0     82      2
     0      0      0      0     19      0      0      0      0      0      0     71
