    45      0      0      0      0      0      0      0      0      0      0      0
     0     43      0      0      0      0      0      1      0      1      0      0
     0      0     45      0      0      0      0      0      0      0      0      0
     1      0      0     31      0      0      0      0      0      0     13      0
     0      0      0      0     35      0      0      0      0      0      0     10
     0      0      0      0      0     44      1      0      0      0      0      0
     0      0      0      0      0      0     45      0      0      0      0      0
     0      4      0      0      0      0      0     41      0      0      0      0
     0      0      0      0      0      0      0      0     45      0      0      0
     0      5      0      0      0      0      0      0      0     40      0      0
     0      0      0      0      0      0      0      0      0      0     45      0
     0      0      0      0      0      0      0      0      0      0      0     45
