    18      0      0      0      0      0      0      0      0      0      0      0
     0      9      0      0      0      0      0      0      6      3      0      0
     0      0     18      0      0      0      0      0      0      0      0      0
     0      0      0     11      7      0      0      0      0      0      0      0
     0      0      0      0     18      0      0      0      0      0      0      0
     0      0      0      0      0     18      0      0      0      0      0      0
     0      0      0      0      0      0     18      0      0      0      0      0
     0      5      0      0      0      0      0      0     13      0      0      0
     0      4      0      0      0      0      0      0     14      0      0      0
     0      0      0      0      0      0      0      0      1     17      0      0
     0      0      0      7      6      0      0      0      0      0      5      0
     0      0      0      0     18      0      0      0      0      0      0      0
