    12      1      0      0      0      0      0      1      0      1      0      3
     0      4      0      0      0      0      0      1      0     13      0      0
     0      0      5      0      1      0      7      2      0      0      0      3
     0      0      0     10      5      0      1      0      0      0      0      2
     0      0      0      0     10      0      0      0      0      0      0      8
     0      0      0      0      0      0     17      1      0      0      0      0
     0      0      0      0      0      0     18      0      0      0      0      0
     0      0      0      0      0      0      0      7      0     11      0      0
     0      1      0      0      0      0      0      3      7      7      0      0
     0      0      0      0      0      0      0      0      0     18      0      0
     0      0      0      1      3      0      0      0      0      0      8      6
     0      0      0      0      3      0      0      0      0      0      0     15
