    90      0      0      0      0      0      0      0      0      0      0      0
     0     78      0      0      0      0      0      0      5      7      0      0
     0      0     90      0      0      0      0      0      0      0      0      0
     0      0      0     72      0      0      0      0      0      0     18      0
     0      0      0      0     85      0      0      0      0      0      0      5
     0      0      0      0      0     88      2      0      0      0      0      0
     0      0      0      0      0      0     90      0      0      0      0      0
     0      1      0      0      0      0      0     87      0      2      0      0
     0      7      0      0      0      0      0      2     79      2      0      0
     0      3      0      0      0      0      0      0      1     86      0      0
     0      0      0     12      0      0      0      0      0      0     74      4
     0      0      0      0     17      0      0      0      0      0      0     73
