    90      0      0      0      0      0      0      0      0      0      0      0
     0     73      0      0      0      0      0      4      5      8      0      0
     0      0     90      0      0      0      0      0      0      0      0      0
     0      0      0     64      0      0      0      0      0      0     26      0
     0      0      0      0     71      0      0      0      0      0      0     19
     0      0      0      0      0     87      3      0      0      0      0      0
     0      0      0      0      0      0     90      0      0      0      0      0
     0      1      0      0      0      0      0     87      0      2      0      0
     0     12      0      0      0      0      0      2     75      1      0      0
     0      6      0      0      0      0      0      0      2     82      0      0
     0      0      0     14      0      0      0      0      0      0     73      3
     0      0      0      0     17      0      0      0      0      0      0     73
