    90      0      0      0      0      0      0      0      0      0      0      0
     1     65      0      0      0      0      0      5     12      6      0      1
     0      0     90      0      0      0      0      0      0      0      0      0
     0      0      0     46      0      0      0      0      0      0     44      0
     0      0      0      0     72      0      0      0      0      0      0     18
     0      0      0      0      0     90      0      0      0      0      0      0
     0      0      0      0      0      8     82      0      0      0      0      0
     0      4      0      0      0      1      0     80      3      2      0      0
     0     11      0      0      0      0      0      0     78      1      0      0
     0      6      0      0      0      0      0      3      4     77      0      0
     0      0      0      2      0      0      0      0      0      0     83      5
     0      0      0      0     27      0      0      0      0      0      0     63
