    12      0      0      0      3      0      0      0      0      0      0      0
     0      2      0      0      0      0      0      1      0     12      0      0
     0      0     15      0      0      0      0      0      0      0      0      0
     0      0      0     15      0      0      0      0      0      0      0      0
     0      0      0      0     12      0      0      0      0      0      0      3
     0      0      0      1      1     13      0      0      0      0      0      0
     0      0      0      5      0      4      6      0      0      0      0      0
     0      0      0      0      0      0      0      7      0      8      0      0
     0      0      0      0      0      0      0      3      5      6      1      0
     0      0      0      0      0      0      0      0      0     15      0      0
     0      0      0     13      0      0      0      0      0      0      2      0
     0      0      0      0      7      0      0      0      0      0      0      8
