    32      1      4      0      0      7      0      0      0      1      0      0
     0     39      2      0      0      0      0      0      0      4      0      0
     0      0     41      3      0      1      0      0      0      0      0      0
     0      0      1     38      1      1      0      0      0      0      3      1
     1      0      1      0      3      2      0      0      0      0      0     38
     2      0      7      0      0     35      0      0      0      0      0      1
     0      0      9      0      0     32      4      0      0      0      0      0
     0      3      0      0      0      0      0     42      0      0      0      0
     0      0      0      0      0      0      0      7     35      1      0      2
     0      0      0      0      0      0      0      0      0     45      0      0
     0      0      0     14      0      0      0      0      0      0     31      0
     0      0      0      0      0      0      0      0      0      0      0     45
