    18      0      0      0      0      0      0      0      0      0      0      0
     0     14      0      0      0      0      0      0      1      3      0      0
     0      0     18      0      0      0      0      0      0      0      0      0
     0      0      0     13      0      0      0      0      0      0      5      0
     0      0      0      0     17      0      0      0      0      0      0      1
     0      0      0      0      0     18      0      0      0      0      0      0
     0      0      0      0      0      0     18      0      0      0      0      0
     0      0      0      0      0      0      0     18      0      0      0      0
     0      0      0      0      0      0      0      0     16      2      0      0
     0      1      0      0      0      0      0      0      0     17      0      0
     0      0      0      1      0      0      0      0      0      0     17      0
     0      0      0      0      5      0      0      0      0      0      0     13
