    18      0      0      0      0      0      0      0      0      0      0      0
     0     16      0      0      1      0      0      0      1      0      0      0
     0      0     18      0      0      0      0      0      0      0      0      0
     0      0      0     12      6      0      0      0      0      0      0      0
     0      0      0      0     17      0      0      0      0      0      0      1
     0      0      0      0      0     17      1      0      0      0      0      0
     0      0      0      0      0      0     18      0      0      0      0      0
     0      8      0      0      0      0      0      0     10      0      0      0
     0      1      0      0      0      0      0      0     16      1      0      0
     0      7      0      0      0      0      0      0      4      7      0      0
     0      0      0      7      7      0      0      0      0      0      4      0
     0      0      0      0     10      0      0      0      0      0      0      8
