     0      0      0     12      2      0      0      0      0      0      0      1
     0      4      0      0      0      0      0      0      0     11      0      0
     0      0     14      0      0      0      0      1      0      0      0      0
     0      0      1     14      0      0      0      0      0      0      0      0
     0      0      0      3     11      0      0      0      0      0      0      1
     0      0      0      0      2     10      0      0      0      0      0      3
     0      0      0      4      1      8      2      0      0      0      0      0
     0      0      0      0      0      1      0      0      5      9      0      0
     0      0      0      0      0      0      0      0      4     11      0      0
     0      0      0      0      0      0      0      0      0     15      0      0
     0      0      0     13      2      0      0      0      0      0      0      0
     0      0      0      0      8      1      0      0      0      0      0      6
