    18      0      0      0      0      0      0      0      0      0      0      0
     0      2      0      0      0      0      0      0      5     11      0      0
     0      0     18      0      0      0      0      0      0      0      0      0
     0      0      0      1      2      0      0      0      0      0     15      0
     0      0      0      0     18      0      0      0      0      0      0      0
     0      0      0      0      0     18      0      0      0      0      0      0
     0      0      0      0      0      0     18      0      0      0      0      0
     0      0      0      0      0      0      0     13      2      3      0      0
     0      0      0      0      0      0      0      0     17      1      0      0
     0      0      0      0      0      0      0      0      0     18      0      0
     0      0      0      0      1      0      0      0      0      0     16      1
     0      0      0      0      9      0      0      0      0      0      0      9
