     0      0      0     12      2      0      0      0      4      0      0      0
     0      0      0      6      0      0      0      0      6      6      0      0
     0      0      3     15      0      0      0      0      0      0      0      0
     0      0      0     18      0      0      0      0      0      0      0      0
     0      0      0     12      6      0      0      0      0      0      0      0
     0      0      1     17      0      0      0      0      0      0      0      0
     0      0      0     18      0      0      0      0      0      0      0      0
     0      0      0     16      0      0      0      0      2      0      0      0
     0      0      0      2      0      0      0      0     16      0      0      0
     0      0      0      7      0      0      0      0      6      5      0      0
     0      0      0     18      0      0      0      0      0      0      0      0
     0      0      0     13      5      0      0      0      0      0      0      0
