output/result/K2_K4_2019-01-31_13.24

fc6_linear
Giang		Hai  		Long 		Minh 		Thuan		Thuy 		Tuyen		Final accuracy
loss	acc 	loss	acc 	loss	acc 	loss	acc 	loss	acc 	loss	acc 	loss	acc 	
5.4529	0.0833	6.0935	0.0833	6.7824	0.1944	7.5613	0.0833	6.5548	0.1389	7.6944	0.1667	5.8586	0.1111		0.1230
7.2909	0.1111	6.9567	0.0556	6.1246	0.0556	6.7312	0.0833	5.5310	0.2222	6.3316	0.0833	7.9797	0.0833		0.0992
6.8083	0.1667	6.3686	0.2500	5.3119	0.0556	6.7623	0.0833	4.6707	0.1944	6.4591	0.1389	6.2626	0.2222		0.1587
5.8806	0.0556	5.6324	0.1111	5.7699	0.1111	6.1274	0.0833	5.2637	0.1667	6.8615	0.0833	5.3596	0.1111		0.1032
4.6192	0.0833	5.4872	0.0833	5.8807	0.2222	5.6209	0.0833	4.8786	0.1944	6.4718	0.0833	5.9432	0.2500		0.1429
5.1828	0.1944	5.3540	0.0833	5.6407	0.2222	6.3922	0.0833	4.6413	0.1667	6.0617	0.2222	6.1682	0.2500		0.1746
fc6_linear_accuracy:0.2063

fc6_rbf
Giang		Hai  		Long 		Minh 		Thuan		Thuy 		Tuyen		Final accuracy
loss	acc 	loss	acc 	loss	acc 	loss	acc 	loss	acc 	loss	acc 	loss	acc 	
4.3294	0.0833	4.5700	0.1389	6.0294	0.0833	5.1948	0.1667	4.9813	0.2222	5.0986	0.0833	4.4460	0.0833		0.1230
3.7908	0.1111	4.2390	0.0833	3.9460	0.1667	4.2702	0.1667	4.4516	0.2222	3.8230	0.1111	3.3336	0.1389		0.1429
3.4587	0.2500	3.3957	0.1667	3.9361	0.1667	4.6156	0.1667	4.1033	0.1389	3.7043	0.0833	3.3253	0.1389		0.1587
3.6449	0.2222	3.9682	0.1111	3.9901	0.1667	3.9515	0.0833	4.0881	0.1667	3.8180	0.0833	4.6386	0.1667		0.1429
3.7979	0.1111	4.0480	0.0833	4.1267	0.1667	3.6768	0.0833	3.9360	0.1667	3.9809	0.0833	4.2694	0.1667		0.1230
3.6321	0.2222	4.3193	0.0833	4.2058	0.1667	3.7362	0.0833	3.8360	0.1111	3.8010	0.0833	3.8420	0.0833		0.1190
fc6_rbf_accuracy:0.1786

fc7_linear
Giang		Hai  		Long 		Minh 		Thuan		Thuy 		Tuyen		Final accuracy
loss	acc 	loss	acc 	loss	acc 	loss	acc 	loss	acc 	loss	acc 	loss	acc 	
5.8441	0.0833	6.5365	0.1111	5.6736	0.1389	6.0368	0.1667	5.7377	0.1667	7.2233	0.0833	6.3001	0.1667		0.1310
5.3249	0.0833	5.9223	0.0833	6.5983	0.2222	5.8875	0.1944	5.8786	0.1944	5.7164	0.1667	6.4469	0.1667		0.1587
4.5791	0.1389	5.1462	0.0833	5.5455	0.0556	5.3514	0.1389	4.9498	0.2222	5.1330	0.1667	6.2740	0.1667		0.1389
5.0168	0.1111	5.2924	0.0833	5.3942	0.0556	5.4943	0.0833	5.1485	0.1667	4.8064	0.1667	6.6630	0.1667		0.1190
4.5091	0.0278	5.1971	0.0833	5.2598	0.1667	5.4316	0.0833	4.5805	0.1111	5.2425	0.1667	5.5700	0.1667		0.1151
4.4325	0.1389	5.3525	0.0833	5.1928	0.1667	5.2417	0.0833	4.4051	0.2222	5.1914	0.1667	5.3266	0.1944		0.1508
fc7_linear_accuracy:0.1786

fc7_rbf
Giang		Hai  		Long 		Minh 		Thuan		Thuy 		Tuyen		Final accuracy
loss	acc 	loss	acc 	loss	acc 	loss	acc 	loss	acc 	loss	acc 	loss	acc 	
4.7820	0.0833	5.2611	0.0833	4.9968	0.1667	4.5026	0.1667	5.2340	0.1667	5.5407	0.0833	4.1901	0.1389		0.1270
3.7454	0.1111	4.4672	0.0833	3.9670	0.2222	3.8618	0.1667	4.4449	0.1667	3.7542	0.1667	4.1435	0.1667		0.1548
3.7116	0.1667	4.3732	0.0833	4.1265	0.1667	4.0508	0.0833	3.9388	0.1667	3.8681	0.1667	3.9901	0.1111		0.1349
3.7364	0.1111	4.3578	0.0833	3.9268	0.1667	4.1747	0.0833	4.2264	0.1667	4.0896	0.1667	4.6385	0.1389		0.1310
3.9044	0.1111	4.5905	0.0833	4.4389	0.1667	4.9500	0.0833	3.9467	0.1667	4.4055	0.1667	4.5839	0.0833		0.1230
4.2477	0.1111	5.0540	0.0833	4.9443	0.1667	4.8090	0.0833	4.1884	0.1667	4.3895	0.1667	4.8145	0.1389		0.1310
fc7_rbf_accuracy:0.1627

prob
Giang		Hai  		Long 		Minh 		Thuan		Thuy 		Tuyen		Final accuracy
loss	acc 	loss	acc 	loss	acc 	loss	acc 	loss	acc 	loss	acc 	loss	acc 	
2.4731	0.0833	2.4534	0.1944	2.4831	0.0556	2.4355	0.1667	2.4699	0.1389	2.4723	0.1389	2.4941	0.1667		0.1349
2.5918	0.1389	2.5403	0.0833	2.8315	0.0833	2.9882	0.0833	2.8523	0.2222	2.5202	0.0833	3.0483	0.0833		0.1111
3.1781	0.1667	3.7043	0.0833	3.4714	0.0833	3.7224	0.0833	3.3183	0.2500	3.2539	0.0833	4.1059	0.0833		0.1190
3.4950	0.1389	4.5348	0.0833	4.3360	0.0833	3.9914	0.0833	3.5400	0.1944	4.0292	0.0833	4.4734	0.0833		0.1071
3.9366	0.1389	5.1072	0.0833	4.2994	0.1389	4.4987	0.0833	3.9324	0.2500	4.3873	0.0833	5.3788	0.0833		0.1230
3.9251	0.1389	5.4349	0.0833	4.8392	0.0833	4.8865	0.0833	4.2319	0.2500	4.4990	0.0833	5.5474	0.0833		0.1151
prob_accuracy:0.1746

