    17      0      0      1      0      0      0      0      0      0      0      0
     0      1      0      0      0      0      0      1      0     16      0      0
     0      0     18      0      0      0      0      0      0      0      0      0
     0      0      0     18      0      0      0      0      0      0      0      0
     0      0      0      0     18      0      0      0      0      0      0      0
     0      0      0      0      0      9      9      0      0      0      0      0
     0      0      0      0      0      0     18      0      0      0      0      0
     0      0      0      0      0      0      0      9      2      7      0      0
     0      0      0      0      0      0      0      1     14      3      0      0
     0      0      0      0      0      0      0      0      0     18      0      0
     0      0      0      2      0      0      0      0      0      0     16      0
     0      0      0      0     17      0      0      0      0      0      0      1
