     0      0      0      8      3      0      0      0      5      2      0      0
     0      0      0      1      0      0      0      0      0     17      0      0
     0      0      8     10      0      0      0      0      0      0      0      0
     0      0      0     18      0      0      0      0      0      0      0      0
     0      0      0     10      8      0      0      0      0      0      0      0
     0      0      4     13      0      0      0      0      1      0      0      0
     0      0      4     14      0      0      0      0      0      0      0      0
     0      0      0      2      0      0      0     11      0      5      0      0
     0      0      0      0      0      0      0      0     17      1      0      0
     0      0      0      0      0      0      0      0      0     18      0      0
     0      0      0     18      0      0      0      0      0      0      0      0
     0      0      0     11      7      0      0      0      0      0      0      0
