    18      0      0      0      0      0      0      0      0      0      0      0
     0     16      0      0      0      0      0      0      0      2      0      0
     0      0     17      0      0      0      1      0      0      0      0      0
     0      0      0     13      2      0      0      0      0      0      3      0
     0      0      0      0     16      0      0      0      0      0      0      2
     0      0      0      0      0     11      7      0      0      0      0      0
     0      0      0      0      0      0     18      0      0      0      0      0
     0      0      0      0      0      0      0     18      0      0      0      0
     0      1      0      0      0      0      0      0     17      0      0      0
     0      0      0      0      0      0      0      0      0     18      0      0
     0      0      0      0      2      0      1      1      0      0     14      0
     0      0      0      0     11      0      0      0      0      0      0      7
