    15      0      0      0      0      0      0      0      0      0      0      0
     0      0      0      0      0      0      0      0      0     15      0      0
     0      0     15      0      0      0      0      0      0      0      0      0
     0      0      2      4      2      1      0      0      0      0      6      0
     0      0      2      0     13      0      0      0      0      0      0      0
     0      0      0      0      0     15      0      0      0      0      0      0
     0      0      1      0      0     12      2      0      0      0      0      0
     0      0      0      0      0      0      0      0      2     13      0      0
     0      0      0      0      0      0      0      0     13      2      0      0
     0      0      0      0      0      0      0      0      0     15      0      0
     0      0      1      1      0      2      0      0      0      0     11      0
     0      0      2      0     12      0      0      0      0      0      0      1
