output/result_backup/table_2019_05_17_original_12gestures_6_subjects/K4_K1_2019-05-18_23.37

fc6_linear
Giang		Hai  		Long 		Minh 		Thuy 		Tuyen		Final accuracy
loss	acc 	loss	acc 	loss	acc 	loss	acc 	loss	acc 	loss	acc 	
4.1965	0.0833	5.0309	0.0833	4.2711	0.1389	3.2765	0.2500	4.1174	0.1389	6.1723	0.1111		0.1343
4.2571	0.0000	3.5891	0.2222	3.6579	0.1944	2.7371	0.0556	3.5154	0.1944	2.8815	0.2778		0.1574
3.9157	0.1111	3.4548	0.1111	3.6047	0.1944	3.9419	0.0833	2.9753	0.2778	2.8992	0.2222		0.1667
3.4637	0.1667	3.5278	0.0278	4.2873	0.1389	2.9537	0.0833	2.7860	0.1389	3.8178	0.1389		0.1157
2.9344	0.0833	3.5615	0.1667	3.6151	0.1667	3.5268	0.1389	2.6744	0.1667	3.0160	0.2778		0.1667
3.0042	0.1111	3.2647	0.1389	3.9009	0.1667	3.3299	0.0833	2.7728	0.1667	3.0275	0.3056		0.1620
fc6_linear_accuracy:0.2361

fc6_rbf
Giang		Hai  		Long 		Minh 		Thuy 		Tuyen		Final accuracy
loss	acc 	loss	acc 	loss	acc 	loss	acc 	loss	acc 	loss	acc 	
3.4230	0.1111	4.2158	0.0833	4.1992	0.0833	3.1282	0.1667	3.6424	0.1667	3.7312	0.0833		0.1157
3.2776	0.1389	2.9756	0.1389	3.4623	0.1667	2.9564	0.1389	2.8770	0.1667	2.8502	0.1667		0.1528
3.0698	0.1667	3.1628	0.1111	3.0510	0.1667	3.6230	0.0833	2.9440	0.1944	2.8582	0.1111		0.1389
3.1263	0.1944	3.2564	0.1111	3.5184	0.0833	3.1561	0.1667	2.7560	0.1667	3.1508	0.1389		0.1435
3.4054	0.0833	3.5798	0.0833	3.3248	0.1389	3.4454	0.0833	3.3980	0.2222	2.9010	0.2500		0.1435
3.0084	0.1389	3.1379	0.2222	3.4952	0.1111	3.2745	0.1667	2.9514	0.1667	3.3004	0.1667		0.1620
fc6_rbf_accuracy:0.2037

fc7_linear
Giang		Hai  		Long 		Minh 		Thuy 		Tuyen		Final accuracy
loss	acc 	loss	acc 	loss	acc 	loss	acc 	loss	acc 	loss	acc 	
3.6005	0.0833	5.2037	0.0000	3.8842	0.1389	2.9420	0.1389	4.1155	0.1389	3.0847	0.1111		0.1019
3.2328	0.1667	3.9206	0.0833	3.0692	0.2778	2.9392	0.2222	3.6714	0.1667	3.1945	0.1389		0.1759
3.3280	0.0833	3.5795	0.1944	2.9075	0.1944	2.7981	0.0556	2.9474	0.1667	2.9303	0.1667		0.1435
2.6546	0.0833	3.1896	0.2222	3.0244	0.1944	2.8810	0.1389	2.9681	0.2222	2.7844	0.2778		0.1898
2.8993	0.0833	3.5754	0.0833	3.6523	0.1667	3.4218	0.0833	2.8925	0.3056	2.9488	0.1667		0.1481
2.8608	0.0833	6.0113	0.0833	3.8632	0.1389	3.5789	0.0833	2.8898	0.1944	2.8025	0.2500		0.1389
fc7_linear_accuracy:0.2454

fc7_rbf
Giang		Hai  		Long 		Minh 		Thuy 		Tuyen		Final accuracy
loss	acc 	loss	acc 	loss	acc 	loss	acc 	loss	acc 	loss	acc 	
3.3049	0.0833	3.9564	0.0000	3.0574	0.1667	2.6598	0.1389	3.4278	0.1111	2.9525	0.1111		0.1019
3.2407	0.0833	3.1636	0.0556	2.5835	0.1944	2.7443	0.1667	2.9199	0.1944	2.8055	0.2222		0.1528
2.9602	0.1667	3.2262	0.1667	2.9122	0.1667	2.9904	0.1111	2.8729	0.1667	3.0442	0.1667		0.1574
2.7640	0.1667	2.9835	0.1667	3.0162	0.1667	3.0812	0.1389	2.8356	0.1667	2.9070	0.1389		0.1574
2.8430	0.1111	3.5406	0.1944	3.2336	0.2222	3.6262	0.0833	2.7505	0.2500	3.0208	0.2222		0.1806
2.7965	0.1111	3.8098	0.0833	3.3425	0.1944	3.6428	0.0833	2.7193	0.1944	3.1464	0.2778		0.1574
fc7_rbf_accuracy:0.2130

prob
Giang		Hai  		Long 		Minh 		Thuy 		Tuyen		Final accuracy
loss	acc 	loss	acc 	loss	acc 	loss	acc 	loss	acc 	loss	acc 	
3.1353	0.0833	2.9008	0.0833	2.6365	0.1667	2.7346	0.0833	2.4548	0.1667	2.6751	0.1667		0.1250
3.2433	0.0833	4.3442	0.0556	2.9935	0.0278	2.8380	0.0000	2.9147	0.0833	2.8387	0.2500		0.0833
3.1125	0.1111	3.9516	0.0833	3.2498	0.1111	3.7443	0.0833	2.9684	0.1111	3.1739	0.2500		0.1250
3.1559	0.1389	4.7975	0.1111	3.4758	0.0833	4.4581	0.0833	3.2505	0.1389	3.0186	0.2222		0.1296
3.5377	0.1667	4.9626	0.0556	4.3098	0.1111	4.4540	0.0833	3.2332	0.1111	3.4028	0.1944		0.1204
3.2672	0.1944	4.9803	0.1389	3.6984	0.1111	4.5384	0.0833	3.1073	0.1389	3.4868	0.2500		0.1528
prob_accuracy:0.1667

