    15      0      0      0      0      0      1      0      0      1      0      1
     0      0      0      0      0      0      0      0      0     18      0      0
     0      0      0      0      0      0     18      0      0      0      0      0
     0      0      0     13      1      0      2      0      0      0      0      2
     0      0      0      0      7      0      4      0      0      0      1      6
     0      0      0      0      0      6     12      0      0      0      0      0
     0      0      0      0      0      0     18      0      0      0      0      0
     0      0      0      0      0      0      0      7      0     11      0      0
     0      0      0      0      0      0      0      0      8     10      0      0
     0      0      0      0      0      0      0      0      0     18      0      0
     0      0      0     13      0      0      5      0      0      0      0      0
     0      0      0      0      1      0      2      0      0      0      3     12
