    45      0      0      0      0      0      0      0      0      0      0      0
     0     42      2      0      0      0      0      0      0      1      0      0
     1      1     43      0      0      0      0      0      0      0      0      0
     0      0      0     32      0      0      0      0      0      0     13      0
     0      0      0      0     45      0      0      0      0      0      0      0
     0      0      0      0      0     44      1      0      0      0      0      0
     0      0      0      0      0      0     45      0      0      0      0      0
     0      0      0      0      0      0      0     45      0      0      0      0
     0      0      0      0      0      0      0      0     45      0      0      0
     0      6      0      0      0      0      0      0      0     39      0      0
     0      0      0      1      0      0      0      0      0      0     44      0
     0      0      0      0     33      0      0      0      0      0      0     12
