    18      0      0      0      0      0      0      0      0      0      0      0
     0     14      0      0      0      0      0      0      0      4      0      0
     0      0     18      0      0      0      0      0      0      0      0      0
     0      0      0     14      3      1      0      0      0      0      0      0
     0      0      0      0     18      0      0      0      0      0      0      0
     0      0      0      0      0     18      0      0      0      0      0      0
     0      0      0      0      0     11      7      0      0      0      0      0
     0      0      0      0      0      0      0      1      3     14      0      0
     0      0      0      0      0      0      0      0     18      0      0      0
     0      0      0      0      0      0      0      0      1     17      0      0
     0      0      0     12      5      0      0      0      0      0      1      0
     0      0      0      0     18      0      0      0      0      0      0      0
