output/result_backup/table_30Jan2019_original_12gestures/K2_K1_2019-01-30_03.59

fc6_linear
Giang		Hai  		Long 		Minh 		Thuan		Thuy 		Tuyen		Final accuracy
loss	acc 	loss	acc 	loss	acc 	loss	acc 	loss	acc 	loss	acc 	loss	acc 	
3.4906	0.2500	3.9069	0.1944	4.7140	0.1667	5.7649	0.0833	5.8362	0.1111	9.4403	0.0833	5.4258	0.0833		0.1389
3.1584	0.2778	4.6838	0.1944	4.2046	0.1667	5.3978	0.1111	6.2168	0.1111	4.5651	0.2222	4.3363	0.1944		0.1825
3.2027	0.2222	4.0521	0.1667	4.2048	0.1111	5.5502	0.0556	5.3977	0.0833	4.6371	0.2500	4.3671	0.1389		0.1468
3.1025	0.2778	4.1071	0.1111	4.0631	0.1667	5.1891	0.1667	5.5371	0.0833	4.3801	0.1667	4.6106	0.0833		0.1508
2.9542	0.2222	3.9945	0.1389	4.3330	0.1667	5.4906	0.1667	4.9790	0.0278	4.3807	0.2778	4.4186	0.1944		0.1706
3.1112	0.2500	3.8924	0.1944	4.2603	0.1667	5.4948	0.1667	5.0480	0.0278	4.8856	0.1944	4.4324	0.1667		0.1667
fc6_linear_accuracy:0.1984

fc6_rbf
Giang		Hai  		Long 		Minh 		Thuan		Thuy 		Tuyen		Final accuracy
loss	acc 	loss	acc 	loss	acc 	loss	acc 	loss	acc 	loss	acc 	loss	acc 	
3.3403	0.1389	3.5739	0.1667	3.6347	0.1111	3.7741	0.2222	3.9926	0.1389	4.4633	0.0833	3.5314	0.1111		0.1389
3.3821	0.1944	3.8753	0.1667	3.8611	0.0833	4.3346	0.2222	4.2850	0.1111	3.7832	0.1111	3.6637	0.2500		0.1627
3.7231	0.1389	3.8583	0.1944	3.8335	0.1944	4.4820	0.1667	3.7224	0.0833	4.0126	0.1667	3.3615	0.2222		0.1667
3.3794	0.1389	3.8842	0.1944	3.8244	0.1667	4.8583	0.1667	4.0887	0.1111	4.0654	0.1667	3.9460	0.1944		0.1627
3.2156	0.1389	4.1196	0.1389	4.5138	0.1667	4.9225	0.1667	3.9049	0.0833	3.9226	0.1944	3.9478	0.1944		0.1548
3.8448	0.1389	4.2002	0.1389	4.3760	0.1667	4.8635	0.1667	4.7325	0.1111	4.0479	0.2500	3.8110	0.2222		0.1706
fc6_rbf_accuracy:0.2063

fc7_linear
Giang		Hai  		Long 		Minh 		Thuan		Thuy 		Tuyen		Final accuracy
loss	acc 	loss	acc 	loss	acc 	loss	acc 	loss	acc 	loss	acc 	loss	acc 	
3.3162	0.1944	3.5887	0.2222	4.4972	0.1667	5.3462	0.0556	4.6082	0.0278	4.4679	0.1111	4.2928	0.1389		0.1310
2.7840	0.2500	3.6989	0.1667	3.7766	0.1389	4.8134	0.1111	4.6298	0.0278	3.8164	0.1111	4.6998	0.1667		0.1389
2.9533	0.1944	3.4632	0.0833	3.7657	0.1667	4.7293	0.0833	4.1348	0.0278	3.4326	0.1111	4.5110	0.1667		0.1190
2.6328	0.2222	3.4012	0.1944	3.6222	0.1667	4.3781	0.1667	4.0985	0.0556	3.3880	0.1389	3.8150	0.1667		0.1587
2.7198	0.2778	3.2796	0.1667	3.7276	0.1389	4.3115	0.0833	3.9341	0.0556	3.5503	0.1389	4.1220	0.1944		0.1508
2.5755	0.2500	3.2556	0.1944	3.6287	0.1667	4.2380	0.0833	3.8857	0.0556	3.4023	0.1389	4.0469	0.1944		0.1548
fc7_linear_accuracy:0.1746

fc7_rbf
Giang		Hai  		Long 		Minh 		Thuan		Thuy 		Tuyen		Final accuracy
loss	acc 	loss	acc 	loss	acc 	loss	acc 	loss	acc 	loss	acc 	loss	acc 	
3.2066	0.2222	3.4695	0.2500	3.2616	0.1667	3.9022	0.1667	4.0716	0.0278	3.0665	0.1389	3.3876	0.1389		0.1587
2.9440	0.2222	3.4669	0.1111	3.4573	0.1944	4.4824	0.1667	4.4595	0.0278	3.1162	0.1389	3.8440	0.2222		0.1548
3.0826	0.1944	3.2535	0.1944	3.5712	0.1944	4.4748	0.1667	4.3793	0.0556	3.3979	0.0833	4.0425	0.1944		0.1548
2.8563	0.2222	3.7699	0.1389	3.6614	0.2222	4.8593	0.1667	4.3522	0.1111	3.2339	0.2222	3.9497	0.2222		0.1865
2.8359	0.2778	3.6956	0.1111	4.1646	0.1944	4.9255	0.1667	4.2291	0.0833	3.5782	0.1389	4.1964	0.1944		0.1667
2.9358	0.2222	3.6830	0.1667	3.8595	0.1944	4.9149	0.1667	4.3641	0.1111	3.5439	0.1389	4.0059	0.2222		0.1746
fc7_rbf_accuracy:0.2103

prob
Giang		Hai  		Long 		Minh 		Thuan		Thuy 		Tuyen		Final accuracy
loss	acc 	loss	acc 	loss	acc 	loss	acc 	loss	acc 	loss	acc 	loss	acc 	
2.5484	0.1111	2.4487	0.0833	2.3967	0.0833	3.2786	0.0833	3.0931	0.0556	2.7086	0.0833	3.0577	0.0556		0.0794
3.0252	0.2222	3.5216	0.0833	3.8002	0.0833	4.2158	0.0833	4.6915	0.0833	3.6506	0.0833	4.0449	0.0556		0.0992
3.0150	0.1944	3.4561	0.0833	3.8772	0.0833	5.1721	0.0833	3.7295	0.1389	3.5219	0.1111	4.1625	0.0833		0.1111
3.0992	0.1667	4.0546	0.1111	4.3708	0.0833	5.6996	0.0833	4.8172	0.1111	4.5348	0.0833	4.7196	0.0556		0.0992
3.2152	0.1944	3.8662	0.0833	4.3104	0.0833	5.7208	0.0833	4.8822	0.1111	4.3954	0.0833	4.7676	0.0833		0.1032
3.3583	0.2222	3.9526	0.0833	4.5796	0.0833	5.9331	0.0833	5.3555	0.1111	4.4315	0.0833	4.7280	0.0833		0.1071
prob_accuracy:0.1190

