     0     17      0      1      0      0      0      0      0      0      0      0
     0     18      0      0      0      0      0      0      0      0      0      0
     0      0     18      0      0      0      0      0      0      0      0      0
     0      0      0     15      3      0      0      0      0      0      0      0
     0      0      0      3     12      0      0      0      0      0      0      3
     0      2      7      0      0      0      9      0      0      0      0      0
     0      0      4      0      0      0     14      0      0      0      0      0
     0      5      0      0      0      0      0     13      0      0      0      0
     0      3      0      0      0      0      0      0     15      0      0      0
     0     18      0      0      0      0      0      0      0      0      0      0
     0      0      0     15      0      0      0      0      3      0      0      0
     0      0      0      3      8      0      0      0      1      0      0      6
