    18      0      0      0      0      0      0      0      0      0      0      0
     0      9      0      0      0      0      0      0      5      4      0      0
     0      0     18      0      0      0      0      0      0      0      0      0
     0      0      0     16      0      0      0      0      0      0      2      0
     0      0      0      0      6      0      0      0      0      0      0     12
     0      0      0      0      0     18      0      0      0      0      0      0
     0      0      0      0      0      0     18      0      0      0      0      0
     0      0      0      0      0      0      0     13      5      0      0      0
     0      0      0      0      0      0      0      0     16      2      0      0
     0      0      0      0      0      0      0      0      3     15      0      0
     0      0      0      3      0      0      0      0      0      0     13      2
     0      0      0      0      0      0      0      0      0      0      0     18
