output/result_backup/table_27Jan_fc6_1024_fc7_1024_conv2a_64/K3_K5_2019-01-27_11.04

fc6_linear
Binh 		Giang		Hung 		Tan  		Thuan		Final accuracy
loss	acc 	loss	acc 	loss	acc 	loss	acc 	loss	acc 	
2.2848	0.4519	5.0737	0.2571	3.3003	0.2467	4.4709	0.2300	6.4958	0.2500		0.2871
2.3255	0.3926	3.4055	0.3905	2.6858	0.3067	3.3978	0.2500	5.3943	0.3417		0.3363
2.0457	0.5852	1.8357	0.4857	3.5548	0.3667	1.9224	0.4400	4.3696	0.4500		0.4655
0.2235	0.9407	0.5425	0.8190	1.3506	0.5667	0.9239	0.6600	2.4917	0.5167		0.7006
0.1623	0.9556	0.1591	0.9714	0.7328	0.8333	0.7840	0.7100	0.2181	0.9417		0.8824
0.1547	0.9630	0.1738	0.9619	0.6963	0.8333	0.7591	0.7100	0.1955	0.9500		0.8836
0.1517	0.9630	0.1781	0.9619	0.6994	0.8333	0.7423	0.7400	0.1780	0.9500		0.8896
0.1610	0.9556	0.1810	0.9619	0.7032	0.8333	0.7507	0.7100	0.1783	0.9500		0.8822
0.1514	0.9556	0.1832	0.9524	0.7093	0.8333	0.7475	0.7100	0.1803	0.9500		0.8803
0.1527	0.9556	0.1854	0.9524	0.6963	0.8333	0.7385	0.7100	0.1910	0.9500		0.8803
fc6_linear_accuracy:0.8915

fc6_rbf
Binh 		Giang		Hung 		Tan  		Thuan		Final accuracy
loss	acc 	loss	acc 	loss	acc 	loss	acc 	loss	acc 	
1.9726	0.5704	3.9620	0.3905	2.2417	0.3400	2.7628	0.3600	5.9932	0.1667		0.3655
1.6635	0.6074	2.5337	0.4762	2.2630	0.3667	2.5242	0.3200	5.8105	0.2250		0.3991
1.6201	0.5407	1.2818	0.6286	2.0036	0.3667	1.7736	0.4300	4.3669	0.3833		0.4699
0.1304	0.9704	0.9498	0.7619	0.5809	0.8267	1.1371	0.6400	2.9390	0.6250		0.7648
0.1541	0.9630	0.2605	0.8952	0.6352	0.8333	0.7028	0.7300	0.1948	0.9417		0.8726
0.1432	0.9630	1.0421	0.8095	0.5287	0.8400	0.7245	0.7100	0.1656	0.9500		0.8545
0.1395	0.9556	1.3278	0.8000	0.2587	0.9200	0.8173	0.6900	0.1644	0.9500		0.8631
0.1412	0.9630	1.3350	0.8095	0.5174	0.8200	0.6886	0.7300	0.1694	0.9500		0.8545
0.1404	0.9630	0.2148	0.9238	0.4434	0.8400	0.7022	0.7200	0.1783	0.9417		0.8777
0.1391	0.9556	0.2024	0.9143	0.3956	0.8533	0.6805	0.7200	0.1776	0.9417		0.8770
fc6_rbf_accuracy:0.8988

fc7_linear
Binh 		Giang		Hung 		Tan  		Thuan		Final accuracy
loss	acc 	loss	acc 	loss	acc 	loss	acc 	loss	acc 	
3.0000	0.4074	5.0836	0.3524	5.3570	0.2067	3.8136	0.3500	6.9229	0.2000		0.3033
2.5480	0.4519	3.3334	0.3524	3.8913	0.2200	2.9833	0.2500	6.4348	0.2583		0.3065
2.0965	0.5481	2.8302	0.4476	3.3028	0.1933	2.0649	0.4300	4.8399	0.4000		0.4038
0.1759	0.9481	0.5421	0.8571	1.4629	0.6333	1.0814	0.6700	3.0051	0.5500		0.7317
0.1439	0.9556	0.1273	0.9714	0.7546	0.8333	0.7975	0.7200	0.1276	0.9583		0.8877
0.1513	0.9556	0.1387	0.9810	0.7252	0.8333	0.7902	0.7200	0.1197	0.9583		0.8896
0.1475	0.9556	0.1394	0.9810	0.7423	0.8333	0.8097	0.7100	0.1127	0.9667		0.8893
0.1515	0.9556	0.1433	0.9810	0.7365	0.8333	0.7810	0.7000	0.1149	0.9667		0.8873
0.1517	0.9556	0.1436	0.9810	0.7281	0.8333	0.7863	0.7000	0.1195	0.9667		0.8873
0.1501	0.9556	0.1450	0.9810	0.7193	0.8333	0.7675	0.7000	0.1205	0.9667		0.8873
fc7_linear_accuracy:0.8913

fc7_rbf
Binh 		Giang		Hung 		Tan  		Thuan		Final accuracy
loss	acc 	loss	acc 	loss	acc 	loss	acc 	loss	acc 	
2.0970	0.5778	4.0771	0.4286	3.0572	0.2800	2.9015	0.3900	6.0895	0.2417		0.3836
1.9055	0.5926	3.0132	0.3905	2.8738	0.2867	2.3277	0.4000	5.8850	0.3167		0.3973
1.3730	0.6074	1.5311	0.6381	2.3062	0.3267	1.7053	0.4000	4.0364	0.2667		0.4478
0.1483	0.9481	1.3030	0.7524	0.5004	0.8400	0.9574	0.6700	2.3157	0.6000		0.7621
0.1386	0.9556	0.1178	1.0000	0.6687	0.8200	0.7418	0.7200	0.2189	0.9167		0.8824
0.1347	0.9556	0.1283	0.9905	0.5816	0.8400	0.7415	0.7200	0.1295	0.9667		0.8945
0.1359	0.9556	0.1301	0.9905	0.5611	0.8400	0.7389	0.7200	0.1281	0.9583		0.8929
0.1400	0.9556	0.1314	0.9905	0.5856	0.8400	0.7314	0.7200	0.1284	0.9500		0.8912
0.1328	0.9556	0.1314	0.9810	0.5834	0.8400	0.7237	0.7200	0.1345	0.9500		0.8893
0.1329	0.9556	0.1334	0.9810	0.5725	0.8400	0.7153	0.7200	0.1316	0.9500		0.8893
fc7_rbf_accuracy:0.8964

prob
Binh 		Giang		Hung 		Tan  		Thuan		Final accuracy
loss	acc 	loss	acc 	loss	acc 	loss	acc 	loss	acc 	
1.6315	0.1852	1.6141	0.2381	1.5959	0.2667	1.6121	0.2500	1.6653	0.0833		0.2047
1.6553	0.1852	1.6037	0.2381	1.6125	0.2667	1.6010	0.2000	1.7081	0.0833		0.1947
1.5601	0.1852	1.5886	0.2381	1.5756	0.3733	1.5806	0.2500	1.6419	0.2500		0.2593
0.4444	0.9333	0.5868	0.7810	0.9220	0.7133	0.8037	0.6900	1.5909	0.1167		0.6469
0.1711	0.9407	0.1811	0.9714	1.2804	0.7867	0.5349	0.7700	0.2946	0.9833		0.8904
0.1393	0.9481	0.1514	0.9619	0.9103	0.8000	0.5464	0.7700	0.1969	0.9583		0.8877
0.1220	0.9630	0.1439	0.9619	0.8644	0.8067	0.6611	0.7300	0.1659	0.9750		0.8873
0.1350	0.9481	0.1323	0.9619	0.9095	0.8133	0.5473	0.7800	0.1503	0.9750		0.8957
0.1208	0.9630	0.1439	0.9619	0.9024	0.8133	0.6481	0.7200	0.1258	0.9833		0.8883
0.1089	0.9704	0.1415	0.9619	0.8854	0.8133	0.5456	0.7800	0.1334	0.9583		0.8968
prob_accuracy:0.9037

