     0     15      1      2      0      0      0      0      0      0      0      0
     0     18      0      0      0      0      0      0      0      0      0      0
     0      0     18      0      0      0      0      0      0      0      0      0
     0      0      0     18      0      0      0      0      0      0      0      0
     0      0      0      0     10      0      0      0      2      0      0      6
     0      7      9      0      2      0      0      0      0      0      0      0
     0      8      9      1      0      0      0      0      0      0      0      0
     0     18      0      0      0      0      0      0      0      0      0      0
     0      9      0      0      0      0      0      0      9      0      0      0
     0     18      0      0      0      0      0      0      0      0      0      0
     0      3      0     15      0      0      0      0      0      0      0      0
     0      2      0      0      7      0      0      0      4      0      0      5
