    90      0      0      0      0      0      0      0      0      0      0      0
     0     81      0      0      0      0      0      0      1      8      0      0
     0      0     90      0      0      0      0      0      0      0      0      0
     0      0      0     79      0      0      0      0      0      0     11      0
     0      0      0      0     72      0      0      0      0      0      0     18
     0      0      0      0      0     89      1      0      0      0      0      0
     0      0      0      0      0      0     90      0      0      0      0      0
     0      0      0      0      0      0      0     90      0      0      0      0
     0      0      0      0      0      0      0      0     90      0      0      0
     0      5      0      0      0      0      0      0      1     84      0      0
     0      0      0      3      0      0      0      0      0      0     86      1
     0      0      0      0      6      0      0      0      0      0      0     84
