     4      0      0      4      0      0      3      0      0      4      3      0
     0      0      0      0      0      0      0      0      0     18      0      0
     0      0     14      0      0      0      4      0      0      0      0      0
     0      0      0     13      1      0      0      0      0      0      1      3
     0      0      0      0      0      0      0      0      0      0      2     16
     0      0      0      0      0      0     18      0      0      0      0      0
     0      0      0      0      0      0     18      0      0      0      0      0
     0      0      0      0      0      0      0      4      0     14      0      0
     0      0      0      0      0      0      0      0      4     14      0      0
     0      0      0      0      0      0      0      0      0     18      0      0
     0      0      0      3      0      0      0      0      0      0     10      5
     0      0      0      0      0      0      0      0      0      0      0     18
