     0      9      0      0      0      0      0      0      9      0      0      0
     0     18      0      0      0      0      0      0      0      0      0      0
     0      2     16      0      0      0      0      0      0      0      0      0
     0      0      0     15      3      0      0      0      0      0      0      0
     0      0      0      3     13      0      0      0      2      0      0      0
     0      5      4      0      0      0      0      0      9      0      0      0
     0      3      2      3      1      0      0      0      9      0      0      0
     0     12      0      1      0      0      0      1      4      0      0      0
     0     10      0      0      0      0      0      0      8      0      0      0
     0     18      0      0      0      0      0      0      0      0      0      0
     0      0      0     15      3      0      0      0      0      0      0      0
     0      3      0      3      9      0      0      0      3      0      0      0
