    18      0      0      0      0      0      0      0      0      0      0      0
     1     17      0      0      0      0      0      0      0      0      0      0
     0      0     18      0      0      0      0      0      0      0      0      0
     1      0      0     15      0      0      0      0      0      0      0      2
     0      0      0      3      4      0      0      0      0      0      0     11
     0      0      0      0      0      6     12      0      0      0      0      0
     0      0      0      0      0      0     18      0      0      0      0      0
     0      0      0      0      0      0      0     18      0      0      0      0
     0      0      0      0      0      0      0      0     18      0      0      0
     0      0      0      0      0      0      0      0      0     18      0      0
     0      0      0     10      0      0      0      0      0      0      5      3
     0      0      0      0      0      0      0      0      0      0      0     18
