    90      0      0      0      0      0      0      0      0      0      0      0
     0     80      0      0      0      0      0      1      1      8      0      0
     0      0     90      0      0      0      0      0      0      0      0      0
     0      0      0     65      0      0      0      0      0      0     25      0
     0      0      0      0     87      0      0      0      0      0      0      3
     0      0      0      0      0     88      2      0      0      0      0      0
     0      0      0      0      0      0     90      0      0      0      0      0
     0      1      0      0      0      0      0     88      0      1      0      0
     0      8      0      0      0      0      0      2     79      1      0      0
     0      6      0      0      0      0      0      0      2     82      0      0
     0      0      0     12      0      0      0      0      0      0     75      3
     0      0      0      0      6      0      0      0      0      0      0     84
