    90      0      0      0      0      0      0      0      0      0      0      0
     0     76      0      0      0      0      0      2      3      9      0      0
     0      0     90      0      0      0      0      0      0      0      0      0
     0      0      0     62      0      0      0      0      0      0     28      0
     0      0      0      0     80      0      0      0      0      0      0     10
     0      0      0      0      0     88      2      0      0      0      0      0
     0      0      0      0      0      0     90      0      0      0      0      0
     0      1      0      0      0      0      0     86      0      3      0      0
     0     10      0      0      0      0      0      1     78      1      0      0
     0      8      0      0      0      0      0      2      1     79      0      0
     0      0      0     10      0      0      0      0      0      0     76      4
     0      0      0      0     17      0      0      0      0      0      0     73
