    90      0      0      0      0      0      0      0      0      0      0      0
     4     73      0      0      0      0      0      2      3      8      0      0
     0      0     90      0      0      0      0      0      0      0      0      0
     0      0      0     60      0      0      0      0      0      0     30      0
     0      0      0      0     36      0      0      0      0      0      0     54
     0      0      0      0      0     90      0      0      0      0      0      0
     0      0      0      0      0      6     84      0      0      0      0      0
     0      7      0      0      0      0      0     77      2      3      0      1
     0     15      0      0      0      0      0      3     70      2      0      0
     0     12      0      0      0      0      0      4      1     73      0      0
     0      0      0      9      0      0      0      0      0      0     77      4
     0      0      0      0      7      0      0      0      0      0      0     83
