    18      0      0      0      0      0      0      0      0      0      0      0
     0     15      0      0      0      0      0      0      3      0      0      0
     0      0     17      0      1      0      0      0      0      0      0      0
     0      0      0      6     11      1      0      0      0      0      0      0
     0      0      0      0     18      0      0      0      0      0      0      0
     0      0      0      0      0     18      0      0      0      0      0      0
     0      0      0      0      0      7     11      0      0      0      0      0
     0      5      0      0      0      0      0      4      9      0      0      0
     0      2      0      0      0      0      0      0     16      0      0      0
     0      8      0      0      0      0      0      0      4      6      0      0
     0      0      0      7     11      0      0      0      0      0      0      0
     0      0      0      0     18      0      0      0      0      0      0      0
