     0     10      0      1      3      0      0      0      4      0      0      0
     0     18      0      0      0      0      0      0      0      0      0      0
     0      0     13      5      0      0      0      0      0      0      0      0
     0      3      4     10      1      0      0      0      0      0      0      0
     0      0      3      6      6      0      0      0      1      0      0      2
     0      1      0      9      4      2      0      0      2      0      0      0
     0      1      5      8      3      1      0      0      0      0      0      0
     0     18      0      0      0      0      0      0      0      0      0      0
     0     14      0      0      0      0      0      0      4      0      0      0
     0     18      0      0      0      0      0      0      0      0      0      0
     0      4      3      5      3      0      0      0      3      0      0      0
     0      0      5      3      8      0      0      0      2      0      0      0
