output/result/K1_K2_2019-02-15_20.29

fc6_linear
Giang		Hai  		Long 		Minh 		Thuan		Thuy 		Tuyen		Final accuracy
loss	acc 	loss	acc 	loss	acc 	loss	acc 	loss	acc 	loss	acc 	loss	acc 	
5.5141	0.1667	5.6813	0.0833	5.6924	0.1667	5.1581	0.1667	5.8531	0.0833	7.2751	0.0833	5.2041	0.0833		0.1190
5.2024	0.0833	4.7104	0.1111	4.4104	0.0833	4.9625	0.1111	5.8149	0.1111	5.0769	0.0556	4.2454	0.0833		0.0913
6.0292	0.0833	3.9142	0.0833	4.3193	0.1111	3.4857	0.0833	4.5977	0.0833	5.3243	0.0833	4.6235	0.0833		0.0873
4.4553	0.0833	4.2007	0.0833	4.0034	0.0833	4.1944	0.0833	4.6511	0.0833	5.3826	0.0833	4.4679	0.0833		0.0833
4.1029	0.0833	4.0715	0.0833	4.3276	0.0833	3.8355	0.0833	4.7443	0.0833	5.0848	0.0833	3.9821	0.1389		0.0913
4.3178	0.0833	3.9046	0.0833	4.0372	0.1111	3.5093	0.0833	4.6500	0.0833	5.0956	0.1389	3.9740	0.0833		0.0952
fc6_linear_accuracy:0.1429

fc6_rbf
Giang		Hai  		Long 		Minh 		Thuan		Thuy 		Tuyen		Final accuracy
loss	acc 	loss	acc 	loss	acc 	loss	acc 	loss	acc 	loss	acc 	loss	acc 	
4.3066	0.1111	4.1872	0.1389	4.0780	0.1667	3.5265	0.0833	4.0003	0.0833	3.8016	0.0833	3.7204	0.1667		0.1190
3.5850	0.0833	3.2750	0.1667	3.5373	0.0833	3.4097	0.1389	3.6305	0.0833	4.2350	0.0556	3.5079	0.0833		0.0992
4.3844	0.1667	3.7709	0.1111	3.5366	0.0833	3.1489	0.0833	3.8663	0.0833	4.4055	0.1111	3.5195	0.0833		0.1032
4.4005	0.0833	3.6793	0.1667	3.5788	0.0833	3.5002	0.0278	3.7735	0.0833	4.6227	0.0833	3.5929	0.1667		0.0992
3.9421	0.0833	4.0532	0.1389	3.5394	0.1389	3.7895	0.1111	3.7216	0.0833	4.6889	0.0833	3.5225	0.1389		0.1111
3.9976	0.0833	3.8690	0.1389	3.4285	0.0833	3.6242	0.1111	3.9784	0.0833	4.6979	0.1111	3.3900	0.1111		0.1032
fc6_rbf_accuracy:0.1429

fc7_linear
Giang		Hai  		Long 		Minh 		Thuan		Thuy 		Tuyen		Final accuracy
loss	acc 	loss	acc 	loss	acc 	loss	acc 	loss	acc 	loss	acc 	loss	acc 	
4.8161	0.1111	4.8377	0.1111	3.5141	0.2222	4.2570	0.1389	5.3443	0.0833	5.2754	0.0556	4.5018	0.1667		0.1270
4.4511	0.0833	4.8811	0.1111	4.0009	0.1111	3.5395	0.0833	4.5576	0.0833	4.4754	0.0556	3.5664	0.0833		0.0873
4.2026	0.0833	3.7144	0.0833	3.2867	0.1111	3.1567	0.0833	4.1737	0.0833	3.9369	0.1389	3.4988	0.1111		0.0992
4.0842	0.0833	3.8525	0.0833	3.2960	0.1111	4.0032	0.0833	3.9187	0.0833	3.8093	0.1667	3.4633	0.0833		0.0992
3.7971	0.0833	3.6933	0.0833	3.0259	0.1944	3.2621	0.0833	3.8547	0.0833	3.7378	0.1111	3.1827	0.1389		0.1111
3.7824	0.0833	3.4614	0.0833	3.0200	0.1389	3.1986	0.0833	3.7599	0.0833	3.6646	0.1389	3.1538	0.1389		0.1071
fc7_linear_accuracy:0.1429

fc7_rbf
Giang		Hai  		Long 		Minh 		Thuan		Thuy 		Tuyen		Final accuracy
loss	acc 	loss	acc 	loss	acc 	loss	acc 	loss	acc 	loss	acc 	loss	acc 	
4.3869	0.1111	3.8473	0.1111	3.0191	0.1944	3.7624	0.0833	3.8994	0.0833	4.1117	0.1111	3.7410	0.1667		0.1230
3.3781	0.0833	3.6892	0.1111	3.4073	0.1111	3.7057	0.0833	4.1185	0.0833	3.6404	0.0556	3.3560	0.1667		0.0992
4.2320	0.0833	3.7668	0.1111	2.9658	0.1389	3.4184	0.0833	3.6639	0.0833	3.7608	0.1389	3.1970	0.1667		0.1151
4.1815	0.0833	4.0562	0.0833	3.5869	0.0833	3.5182	0.0833	3.9725	0.0833	3.9802	0.1389	3.4225	0.1389		0.0992
4.0419	0.0833	3.8314	0.1111	3.2045	0.1389	3.3858	0.1667	3.8144	0.0833	3.9852	0.1111	3.2411	0.1667		0.1230
4.0898	0.0833	3.5161	0.1111	3.1946	0.1389	3.2038	0.0833	3.9453	0.0833	4.0005	0.1111	3.2454	0.1389		0.1071
fc7_rbf_accuracy:0.1389

prob
Giang		Hai  		Long 		Minh 		Thuan		Thuy 		Tuyen		Final accuracy
loss	acc 	loss	acc 	loss	acc 	loss	acc 	loss	acc 	loss	acc 	loss	acc 	
2.6450	0.1111	2.5895	0.1111	2.3978	0.1111	2.7550	0.0833	3.0285	0.1111	2.3623	0.1389	2.6577	0.1389		0.1151
3.0482	0.0833	2.9416	0.0833	2.6852	0.1667	2.9562	0.1111	3.2572	0.0833	2.6456	0.1389	2.7790	0.1667		0.1190
3.2126	0.0833	3.0355	0.1111	2.8561	0.1389	3.2196	0.1389	3.2764	0.0833	2.8733	0.1667	2.9011	0.1389		0.1230
3.2378	0.1111	3.1235	0.0833	2.8274	0.1667	3.3166	0.1111	3.7230	0.0833	3.1115	0.0833	2.9917	0.0833		0.1032
3.4893	0.0833	3.2644	0.0833	2.9570	0.1389	3.5182	0.0833	3.9710	0.0833	3.4023	0.1111	2.9985	0.2222		0.1151
3.4792	0.0833	3.1734	0.1111	2.9576	0.1389	3.5101	0.0833	3.9490	0.0833	3.4296	0.1111	2.9759	0.1389		0.1071
prob_accuracy:0.1468

