output/result_backup/table_30Jan2019_original_12gestures/K5_K2_2019-01-30_09.49

fc6_linear
Giang		Hai  		Long 		Minh 		Thuan		Thuy 		Tuyen		Final accuracy
loss	acc 	loss	acc 	loss	acc 	loss	acc 	loss	acc 	loss	acc 	loss	acc 	
4.3221	0.0833	4.0769	0.1667	5.6056	0.0833	2.5429	0.2500	3.7359	0.0556	4.4014	0.2500	3.5192	0.2500		0.1627
5.5754	0.0833	3.9230	0.1111	3.6046	0.3333	2.0853	0.3056	2.5763	0.1944	4.1195	0.2778	2.9364	0.2778		0.2262
4.1877	0.0833	3.4687	0.2778	3.8963	0.1389	2.1403	0.2500	2.5884	0.1944	3.8719	0.3056	3.0308	0.2222		0.2103
4.3161	0.0833	3.4707	0.1667	3.3542	0.2778	2.2166	0.3056	2.6205	0.1944	4.2008	0.2222	3.3060	0.1667		0.2024
4.3692	0.0833	3.2079	0.2222	3.2064	0.3333	2.1220	0.3889	2.6415	0.1944	3.8426	0.2500	3.1074	0.1667		0.2341
4.1045	0.0833	4.8783	0.0833	3.3133	0.3056	2.1343	0.3611	2.6418	0.1944	3.9205	0.2222	3.1121	0.1667		0.2024
fc6_linear_accuracy:0.2659

fc6_rbf
Giang		Hai  		Long 		Minh 		Thuan		Thuy 		Tuyen		Final accuracy
loss	acc 	loss	acc 	loss	acc 	loss	acc 	loss	acc 	loss	acc 	loss	acc 	
3.2685	0.0833	3.5225	0.0833	4.8327	0.0833	2.3987	0.3889	3.1489	0.0833	3.7974	0.2222	3.3297	0.2500		0.1706
4.4425	0.0833	3.4038	0.0833	2.9617	0.2500	2.2000	0.3889	2.7295	0.1667	3.5018	0.1944	2.8446	0.3333		0.2143
3.1684	0.0556	3.1203	0.0833	4.0556	0.0833	2.2019	0.3889	2.4652	0.2222	3.4441	0.2500	2.7354	0.3611		0.2063
3.3175	0.0833	2.9040	0.0833	2.6943	0.3889	2.1564	0.4167	2.4423	0.2778	3.4395	0.2500	2.8510	0.2500		0.2500
3.2710	0.0833	3.0378	0.0833	2.5891	0.3889	2.1272	0.3333	2.4723	0.2778	3.2571	0.3056	2.7795	0.2500		0.2460
3.2119	0.1111	4.2509	0.0833	2.5691	0.3333	2.0575	0.4167	2.4823	0.3056	3.2385	0.2500	2.7870	0.2778		0.2540
fc6_rbf_accuracy:0.2817

fc7_linear
Giang		Hai  		Long 		Minh 		Thuan		Thuy 		Tuyen		Final accuracy
loss	acc 	loss	acc 	loss	acc 	loss	acc 	loss	acc 	loss	acc 	loss	acc 	
3.0200	0.1389	2.8212	0.2778	3.5050	0.1667	2.5578	0.3056	3.4382	0.0000	3.7500	0.1667	3.2628	0.2500		0.1865
3.0839	0.1111	2.9594	0.1944	3.0463	0.3333	1.9320	0.3611	2.7301	0.0278	3.5465	0.1667	2.6055	0.2222		0.2024
3.0280	0.1389	2.8877	0.2778	2.8780	0.1667	1.9668	0.3611	2.7976	0.1389	3.3245	0.1667	2.5393	0.1944		0.2063
3.0084	0.0833	2.6706	0.3056	2.8465	0.2222	1.8854	0.3611	2.6615	0.1667	3.3329	0.1667	2.5614	0.1667		0.2103
2.8467	0.1667	2.6263	0.2222	2.8165	0.2222	1.9109	0.3611	2.6179	0.0833	3.2947	0.1667	2.3114	0.2778		0.2143
2.8583	0.1667	2.5840	0.2500	2.8002	0.2222	1.9247	0.4167	2.6225	0.1667	3.1791	0.1944	2.3906	0.2222		0.2341
fc7_linear_accuracy:0.2659

fc7_rbf
Giang		Hai  		Long 		Minh 		Thuan		Thuy 		Tuyen		Final accuracy
loss	acc 	loss	acc 	loss	acc 	loss	acc 	loss	acc 	loss	acc 	loss	acc 	
2.8455	0.0833	2.6472	0.2222	2.5841	0.2500	2.2274	0.3611	2.9932	0.0833	3.3857	0.1667	2.7107	0.3056		0.2103
2.9119	0.1944	2.8292	0.1944	2.5660	0.2500	1.8405	0.3611	2.6597	0.1111	3.3244	0.1667	2.4517	0.3611		0.2341
2.8295	0.1389	2.6600	0.1944	2.5958	0.2778	1.8265	0.4444	2.5811	0.1667	3.1829	0.1667	2.8047	0.2222		0.2302
2.9148	0.0833	2.5722	0.2222	2.3934	0.3056	1.8589	0.3889	2.5671	0.1667	3.2520	0.1667	2.5600	0.1944		0.2183
2.8148	0.1389	2.7275	0.1667	2.3747	0.3333	1.8168	0.3889	2.5509	0.1667	3.5186	0.2222	2.7107	0.1944		0.2302
2.8031	0.1389	2.7081	0.1389	2.4871	0.2500	1.8590	0.3889	2.5918	0.2500	3.1132	0.1667	2.7012	0.1667		0.2143
fc7_rbf_accuracy:0.2897

prob
Giang		Hai  		Long 		Minh 		Thuan		Thuy 		Tuyen		Final accuracy
loss	acc 	loss	acc 	loss	acc 	loss	acc 	loss	acc 	loss	acc 	loss	acc 	
3.2267	0.1111	2.5640	0.2778	2.1975	0.1944	2.1904	0.1944	2.8202	0.0833	2.6013	0.1667	2.6288	0.0833		0.1587
3.6349	0.0833	2.6350	0.2778	2.6210	0.2500	2.0720	0.3056	2.6091	0.1111	3.3069	0.0833	2.7792	0.1389		0.1786
4.3093	0.0833	2.6571	0.2222	2.5101	0.2500	1.9898	0.3056	2.5579	0.1667	3.5149	0.1667	3.3043	0.1389		0.1905
4.2153	0.0833	2.8704	0.1944	2.7407	0.2500	1.8816	0.2778	2.6785	0.1667	3.6200	0.1667	3.6538	0.1111		0.1786
4.1016	0.0833	3.1168	0.1944	2.9151	0.2500	2.0054	0.2222	2.7939	0.2222	3.9768	0.1667	3.2862	0.1389		0.1825
4.1143	0.0833	2.9900	0.2222	2.8764	0.2500	1.9905	0.2500	2.7456	0.1667	3.9643	0.1667	3.2817	0.1389		0.1825
prob_accuracy:0.2103

