output/result_backup/table_2019_02_12_original_pre_3_12gestures_fc6_1024_fc7_1024_from_pretrained/K1_K4_2019-02-09_08.07

fc6_linear
Giang		Hai  		Long 		Minh 		Thuan		Thuy 		Tuyen		Final accuracy
loss	acc 	loss	acc 	loss	acc 	loss	acc 	loss	acc 	loss	acc 	loss	acc 	
3.2279	0.1944	4.8122	0.1389	4.8662	0.1667	3.4252	0.4167	7.2937	0.2778	4.4964	0.1389	4.8367	0.3333		0.2381
3.5104	0.4167	3.8601	0.1389	4.2755	0.3333	3.9004	0.3611	6.3509	0.3333	3.2649	0.3333	4.9394	0.0000		0.2738
3.0302	0.3889	4.4533	0.1944	3.7937	0.2222	3.4807	0.3056	5.5771	0.2778	2.6907	0.4444	4.1419	0.1667		0.2857
2.8555	0.2778	3.6016	0.2778	4.2729	0.1667	2.8515	0.4167	5.8018	0.3611	2.7940	0.3611	4.4345	0.1389		0.2857
2.7723	0.1944	3.3305	0.3056	3.8291	0.2500	2.6959	0.3333	5.3955	0.3889	2.6452	0.4167	3.9741	0.1667		0.2937
2.8663	0.2222	3.1752	0.3056	3.8933	0.2222	2.8516	0.3889	5.3781	0.4167	2.7599	0.4167	3.9355	0.1667		0.3056
fc6_linear_accuracy:0.3810

fc6_rbf
Giang		Hai  		Long 		Minh 		Thuan		Thuy 		Tuyen		Final accuracy
loss	acc 	loss	acc 	loss	acc 	loss	acc 	loss	acc 	loss	acc 	loss	acc 	
1.9173	0.3889	3.0322	0.3056	2.8995	0.2222	2.7406	0.3611	4.3678	0.3333	2.9376	0.3889	3.4543	0.3333		0.3333
2.3686	0.3056	2.9473	0.2778	3.1064	0.2500	3.0478	0.3056	4.3576	0.3333	2.6985	0.4167	3.9617	0.0278		0.2738
2.5263	0.2500	4.7396	0.1111	3.2432	0.2500	2.7661	0.4444	4.3483	0.3611	2.8128	0.5000	3.7041	0.1667		0.2976
2.6404	0.1944	3.1699	0.3889	4.2053	0.2500	2.8506	0.4167	4.8542	0.3611	2.8194	0.5000	3.4850	0.1667		0.3254
2.2417	0.2778	3.2040	0.3333	3.6431	0.2500	2.9007	0.4444	4.7425	0.3611	2.9107	0.4722	3.6076	0.1667		0.3294
2.3293	0.2500	3.1402	0.3333	3.8363	0.2500	2.9701	0.4722	4.6339	0.3611	2.8999	0.5000	3.6101	0.1667		0.3333
fc6_rbf_accuracy:0.3849

fc7_linear
Giang		Hai  		Long 		Minh 		Thuan		Thuy 		Tuyen		Final accuracy
loss	acc 	loss	acc 	loss	acc 	loss	acc 	loss	acc 	loss	acc 	loss	acc 	
3.8140	0.2778	4.7675	0.1667	4.5719	0.3056	3.1215	0.5556	6.0818	0.3056	3.2051	0.2500	4.2812	0.1944		0.2937
3.5787	0.1944	3.6544	0.2778	4.3242	0.1944	3.3254	0.3889	6.0768	0.3056	2.9277	0.3333	4.2547	0.1667		0.2659
3.6511	0.2222	3.5545	0.1944	3.8524	0.1944	3.4346	0.3611	5.2547	0.4167	2.6850	0.3611	3.7909	0.2500		0.2857
3.4071	0.2500	3.2196	0.1667	3.9881	0.1667	3.0152	0.3333	4.9516	0.3889	2.0849	0.4722	3.4143	0.1667		0.2778
3.0110	0.1944	2.9098	0.1667	3.3814	0.2222	2.8411	0.4167	4.5799	0.3889	2.2076	0.3889	3.5434	0.1667		0.2778
2.8140	0.2500	2.6767	0.2222	3.4656	0.2222	2.7971	0.4167	4.5635	0.3889	2.1151	0.3889	3.3492	0.1667		0.2937
fc7_linear_accuracy:0.3651

fc7_rbf
Giang		Hai  		Long 		Minh 		Thuan		Thuy 		Tuyen		Final accuracy
loss	acc 	loss	acc 	loss	acc 	loss	acc 	loss	acc 	loss	acc 	loss	acc 	
1.7721	0.2222	2.6339	0.2500	2.8822	0.2500	2.0779	0.4444	4.4560	0.3333	2.4897	0.3333	2.7141	0.3889		0.3175
2.1348	0.2500	2.7044	0.3056	2.8964	0.2500	2.1505	0.3333	4.1638	0.3889	2.3960	0.2778	2.8464	0.1944		0.2857
2.7094	0.1667	3.1371	0.1944	3.2710	0.2500	2.5469	0.3611	5.1135	0.3333	2.4944	0.3333	3.1253	0.1667		0.2579
2.7926	0.1667	3.0105	0.2500	3.8940	0.2500	2.5942	0.3611	4.8810	0.3056	2.1205	0.4167	3.3301	0.2222		0.2817
2.8316	0.1667	2.9917	0.2222	3.4405	0.1667	2.9294	0.3889	5.0470	0.3333	2.3253	0.3333	3.1914	0.1667		0.2540
2.7455	0.1944	2.8566	0.3333	3.6801	0.2222	2.7974	0.3889	4.9915	0.2500	2.2481	0.3889	3.2937	0.1667		0.2778
fc7_rbf_accuracy:0.3532

prob
Giang		Hai  		Long 		Minh 		Thuan		Thuy 		Tuyen		Final accuracy
loss	acc 	loss	acc 	loss	acc 	loss	acc 	loss	acc 	loss	acc 	loss	acc 	
1.8104	0.2778	2.3186	0.1944	2.1503	0.2500	1.8649	0.2500	3.0263	0.1667	1.8573	0.3889	1.8076	0.3056		0.2619
2.1409	0.2222	2.8881	0.1944	2.5804	0.1667	2.0366	0.3333	3.6389	0.2500	1.6641	0.3333	2.1019	0.2222		0.2460
2.3064	0.2500	2.3735	0.2778	3.2613	0.1667	2.0311	0.4444	3.7097	0.2778	2.0084	0.3889	2.9868	0.1667		0.2817
2.6133	0.2222	2.9560	0.2222	3.6033	0.1667	2.8842	0.3056	3.9944	0.3333	1.9561	0.3889	3.0234	0.1111		0.2500
2.5512	0.1944	3.1975	0.2222	2.9044	0.1667	2.6933	0.4167	4.5924	0.2500	1.9425	0.4444	3.3335	0.1111		0.2579
3.3281	0.1667	3.3569	0.1944	3.4004	0.1667	2.8849	0.4167	4.5058	0.3056	1.8132	0.4167	3.3611	0.1111		0.2540
prob_accuracy:0.3333

