    13      0      0      0      3      0      2      0      0      0      0      0
     0      5      0      0      0      0      1      0      0     12      0      0
     0      0      3      0      0      0     15      0      0      0      0      0
     0      0      0     15      0      0      0      0      0      0      3      0
     0      0      0      2     15      0      0      0      0      0      1      0
     0      0      0      0      2      6     10      0      0      0      0      0
     0      0      0      0      0      0     18      0      0      0      0      0
     0      0      0      0      0      0      0     16      0      2      0      0
     0      4      0      0      0      0      0      0      8      6      0      0
     0      0      0      0      0      0      0      0      0     18      0      0
     0      0      0      2      0      0      1      1      0      0     13      1
     0      0      0      0     13      0      0      0      0      0      3      2
