    15      0      0      0      0      0      0      0      0      0      0      0
     0      9      0      0      0      0      0      0      0      6      0      0
     0      0     15      0      0      0      0      0      0      0      0      0
     0      0      0     15      0      0      0      0      0      0      0      0
     0      0      0      0     13      0      0      0      0      0      0      2
     0      0      0      0      0     15      0      0      0      0      0      0
     0      0      0      0      0      0     15      0      0      0      0      0
     0      0      0      0      0      0      0      8      6      1      0      0
     0      0      0      0      0      0      0      0     15      0      0      0
     0      0      0      0      0      0      0      0      2     13      0      0
     0      0      0      5      0      0      0      0      0      0      9      1
     0      0      0      0      0      0      0      0      0      0      0     15
