    15      0      0      0      0      0      0      0      0      0      0      0
     0      0      0      0      0      0      0      0      0     15      0      0
     0      0     15      0      0      0      0      0      0      0      0      0
     0      0      0      6      9      0      0      0      0      0      0      0
     0      0      0      0     14      1      0      0      0      0      0      0
     0      0      0      0      0     13      2      0      0      0      0      0
     0      0      0      0      0      0     15      0      0      0      0      0
     0      0      0      0      0      0      0      0      0     15      0      0
     0      0      0      0      0      0      0      0      1     14      0      0
     0      0      0      0      0      0      0      0      0     15      0      0
     0      0      0      7      8      0      0      0      0      0      0      0
     0      0      0      0     15      0      0      0      0      0      0      0
