     0      0      0      0     18      0      0      0      0      0      0      0
     0      0      1      0      0      0      0      0      2     15      0      0
     0      0     18      0      0      0      0      0      0      0      0      0
     0      0      1     17      0      0      0      0      0      0      0      0
     0      0      0      0     18      0      0      0      0      0      0      0
     0      0      9      0      9      0      0      0      0      0      0      0
     0      0     13      0      5      0      0      0      0      0      0      0
     0      0      3      2      3      0      0      8      1      1      0      0
     0      0      0      0      0      0      0      0     18      0      0      0
     0      0      0      0      0      0      0      0      1     17      0      0
     0      0      0     18      0      0      0      0      0      0      0      0
     0      0      0      0     18      0      0      0      0      0      0      0
