output/result/K5_K5_2019-05-15_01.04

fc6_linear
Giang		Hai  		Long 		Minh 		Thuy 		Tuyen		Final accuracy
loss	acc 	loss	acc 	loss	acc 	loss	acc 	loss	acc 	loss	acc 	
0.7358	0.7407	1.1279	0.6759	0.5695	0.8426	0.5276	0.8333	1.2078	0.7315	0.5548	0.8241		0.7747
0.6070	0.8241	1.0712	0.7315	0.5725	0.8241	0.4577	0.8519	1.1320	0.7407	0.3907	0.8889		0.8102
0.6280	0.8241	0.9538	0.7778	0.5781	0.7963	0.4090	0.8611	1.0329	0.7778	0.4021	0.8519		0.8148
0.5319	0.8333	0.9062	0.7685	0.5094	0.8056	0.3401	0.8704	1.0067	0.7870	0.3489	0.8796		0.8241
0.7432	0.7685	0.8731	0.7870	0.4742	0.8241	0.3423	0.8704	1.0408	0.7870	0.3645	0.8889		0.8210
0.7007	0.7778	0.8571	0.7963	0.4610	0.8148	0.3308	0.8889	1.0170	0.8148	0.3376	0.8981		0.8318
fc6_linear_accuracy:0.8457

fc6_rbf
Giang		Hai  		Long 		Minh 		Thuy 		Tuyen		Final accuracy
loss	acc 	loss	acc 	loss	acc 	loss	acc 	loss	acc 	loss	acc 	
0.6970	0.7500	1.1698	0.6852	0.7240	0.7685	0.6727	0.7778	1.1453	0.6667	0.4734	0.8148		0.7438
0.5710	0.8241	1.0996	0.6667	0.6521	0.7778	0.6098	0.7963	1.0585	0.7685	0.4501	0.8426		0.7793
0.5834	0.8056	1.0509	0.7037	0.5839	0.7963	0.4922	0.8241	1.0635	0.7407	0.3752	0.8796		0.7917
0.4966	0.8333	0.9468	0.7222	0.5500	0.7963	0.4498	0.8056	0.9990	0.7963	0.3432	0.9074		0.8102
0.5838	0.7870	0.9058	0.7685	0.4894	0.8241	0.3655	0.8426	0.9858	0.7963	0.3790	0.8796		0.8164
0.5624	0.8056	0.9231	0.7500	0.4900	0.8056	0.3654	0.8611	0.9597	0.7870	0.3871	0.8704		0.8133
fc6_rbf_accuracy:0.8318

fc7_linear
Giang		Hai  		Long 		Minh 		Thuy 		Tuyen		Final accuracy
loss	acc 	loss	acc 	loss	acc 	loss	acc 	loss	acc 	loss	acc 	
0.7177	0.7130	1.2626	0.6667	0.5980	0.8056	0.5687	0.8333	1.2299	0.7593	0.5566	0.7963		0.7623
0.6224	0.7870	1.0141	0.7130	0.6493	0.7963	0.5225	0.8148	1.0899	0.7685	0.3404	0.8889		0.7948
0.5772	0.8148	0.9236	0.7778	0.6627	0.8056	0.4186	0.8426	0.9651	0.8056	0.3527	0.8981		0.8241
0.5245	0.8426	0.8578	0.7778	0.5398	0.8056	0.3653	0.8611	0.9703	0.8056	0.3278	0.9167		0.8349
0.6636	0.7870	0.8495	0.7963	0.5423	0.8148	0.3630	0.8611	0.9647	0.8241	0.3339	0.8889		0.8287
0.6392	0.7593	0.8278	0.7963	0.5143	0.8148	0.3415	0.8796	0.9435	0.8241	0.3206	0.8889		0.8272
fc7_linear_accuracy:0.8457

fc7_rbf
Giang		Hai  		Long 		Minh 		Thuy 		Tuyen		Final accuracy
loss	acc 	loss	acc 	loss	acc 	loss	acc 	loss	acc 	loss	acc 	
0.6885	0.7593	1.2041	0.6111	0.7499	0.7685	0.6588	0.7870	1.2143	0.6574	0.4684	0.8704		0.7423
0.5926	0.7778	1.0566	0.6944	0.6339	0.7870	0.5959	0.8056	1.0952	0.7407	0.4543	0.8148		0.7701
0.6033	0.7870	1.0362	0.7222	0.6336	0.8056	0.4540	0.8241	0.9961	0.7500	0.3506	0.8796		0.7948
0.5623	0.8056	0.9316	0.7407	0.5378	0.8148	0.4199	0.8333	1.0165	0.8056	0.3509	0.8981		0.8164
0.6193	0.8148	0.9045	0.7685	0.4903	0.8426	0.3810	0.8519	0.9491	0.8241	0.3561	0.8704		0.8287
0.5651	0.8148	0.8829	0.7685	0.4956	0.8241	0.3573	0.8611	0.9560	0.8148	0.3693	0.8796		0.8272
fc7_rbf_accuracy:0.8349

prob
Giang		Hai  		Long 		Minh 		Thuy 		Tuyen		Final accuracy
loss	acc 	loss	acc 	loss	acc 	loss	acc 	loss	acc 	loss	acc 	
0.8422	0.5556	1.2133	0.5648	0.9288	0.6389	0.8460	0.6852	1.0296	0.5926	0.9100	0.6759		0.6188
0.6073	0.6944	1.1419	0.6944	0.5857	0.7963	0.7094	0.7037	0.9594	0.6389	0.5029	0.7222		0.7083
1.0010	0.6759	1.1463	0.6759	0.8124	0.7130	0.4774	0.8148	0.9882	0.7593	0.2900	0.9167		0.7593
0.4698	0.8241	1.0728	0.7778	0.5046	0.8056	0.4683	0.8056	0.9014	0.7870	0.4838	0.8056		0.8009
0.6764	0.7778	1.1480	0.7500	0.4670	0.8333	0.4504	0.8148	1.0809	0.7685	0.5468	0.8333		0.7963
0.4930	0.7593	1.1004	0.7870	0.5762	0.8148	0.3006	0.8611	0.8525	0.7870	0.3634	0.8519		0.8102
prob_accuracy:0.8349

