    16      1      0      1      0      0      0      0      0      0      0      0
     0     12      0      0      0      0      0      1      0      5      0      0
     0      0     17      0      0      0      0      1      0      0      0      0
     0      0      0     17      0      0      0      0      1      0      0      0
     0      0      0      0     18      0      0      0      0      0      0      0
     0      0      0      0      0      6     12      0      0      0      0      0
     0      0      0      0      0      0     18      0      0      0      0      0
     0      0      0      0      0      0      0     18      0      0      0      0
     0      0      0      0      0      0      0      0     17      1      0      0
     0      0      0      0      0      0      0      0      0     18      0      0
     0      0      0      0      1      0      0      0      0      0     15      2
     0      0      0      0      0      0      0      0      0      0      0     18
