     2      0      0      7      0      0      0      0      0      6      3      0
     0      0      0      1      0      0      0      1      0     16      0      0
     0      0     11      0      0      0      3      4      0      0      0      0
     0      0      0     13      1      0      3      0      0      0      1      0
     0      0      0      3     14      0      0      0      0      0      0      1
     0      0      0      0      0      0     18      0      0      0      0      0
     0      0      0      0      0      0     18      0      0      0      0      0
     0      1      0      0      0      0      0      4      0     13      0      0
     0      0      0      0      0      0      0      0      1     17      0      0
     0      0      0      0      0      0      0      0      0     18      0      0
     0      0      0      5      0      0      3      0      0      0      7      3
     0      0      0      2      6      0      1      0      0      0      0      9
