    18      0      0      0      0      0      0      0      0      0      0      0
     0      4      0      0      0      0      0      0      3     11      0      0
     0      0     18      0      0      0      0      0      0      0      0      0
     0      0      0     18      0      0      0      0      0      0      0      0
     0      0      0      0     18      0      0      0      0      0      0      0
     0      0      0      0      0     16      2      0      0      0      0      0
     0      0      0      0      0      0     18      0      0      0      0      0
     0      0      0      0      0      0      0      9      8      1      0      0
     0      0      0      0      0      0      0      0     17      1      0      0
     0      0      0      0      0      0      0      0      4     14      0      0
     0      0      0     14      0      0      0      0      0      0      4      0
     0      0      0      1     15      0      0      0      0      0      0      2
