    18      0      0      0      0      0      0      0      0      0      0      0
     0     18      0      0      0      0      0      0      0      0      0      0
     0      0     18      0      0      0      0      0      0      0      0      0
     0      0      0     15      3      0      0      0      0      0      0      0
     0      0      0      0     18      0      0      0      0      0      0      0
     0      0      0      0      0     18      0      0      0      0      0      0
     0      0      0      0      0      5     13      0      0      0      0      0
     0      6      0      0      0      0      0     11      1      0      0      0
     0      2      0      0      0      0      0      0     16      0      0      0
     0     14      0      0      0      0      0      2      0      2      0      0
     0      0      0     15      3      0      0      0      0      0      0      0
     0      0      0      0     18      0      0      0      0      0      0      0
