    18      0      0      0      0      0      0      0      0      0      0      0
     0      1      0      0      0      0      0      1      0     16      0      0
     0      0     18      0      0      0      0      0      0      0      0      0
     0      0      0     17      0      0      0      0      0      0      1      0
     0      0      0      0     16      0      0      0      0      0      1      1
     0      0      0      0      0     10      8      0      0      0      0      0
     0      0      0      0      0      0     18      0      0      0      0      0
     0      0      0      0      0      0      0      5      1     12      0      0
     0      0      0      0      0      0      0      1     11      6      0      0
     0      0      0      0      0      0      0      0      0     18      0      0
     0      0      0      0      0      0      0      0      0      0     17      1
     0      0      0      0      9      0      0      0      0      0      0      9
