    18      0      0      0      0      0      0      0      0      0      0      0
     0      7      0      0      0      0      0      0      1     10      0      0
     0      0     18      0      0      0      0      0      0      0      0      0
     0      0      0      8      8      1      0      0      1      0      0      0
     0      0      0      0     14      1      0      0      0      0      0      3
     0      0      0      0      0     17      1      0      0      0      0      0
     0      0      0      0      0      3     15      0      0      0      0      0
     0      2      0      0      0      0      0      0      9      7      0      0
     0      2      0      0      0      0      0      0     10      6      0      0
     0      0      0      0      0      0      0      0      1     17      0      0
     0      0      0      3      3      1      0      0      0      0     11      0
     0      0      0      0      2      2      0      0      0      0      0     14
