     9      0      0      0      0      3      1      0      0      0      2      0
     0      9      0      0      0      0      0      0      0      6      0      0
     0      0     15      0      0      0      0      0      0      0      0      0
     0      0      0      9      0      0      0      0      0      0      6      0
     0      0      0      0     15      0      0      0      0      0      0      0
     0      0      0      0      0     10      5      0      0      0      0      0
     0      0      0      0      0      2     13      0      0      0      0      0
     0      5      0      0      0      0      1      3      1      5      0      0
     0      0      0      0      0      0      0      0     13      2      0      0
     0      3      0      0      0      0      0      0      0     12      0      0
     0      0      0      0      0      0      0      0      0      0     15      0
     0      0      0      0     15      0      0      0      0      0      0      0
