output/result_backup/table_23Jan2019_clean_1_pre_3_first_16_fc6_2048_fc7_2048/K5_K1_23-01-2019_00.26.04

fc6_linear
Binh 		Giang		Hung 		Tan  		Thuan		Final accuracy
loss	acc 	loss	acc 	loss	acc 	loss	acc 	loss	acc 	
2.3564	0.4000	1.5534	0.4571	2.0348	0.2516	1.4749	0.5619	2.1500	0.4750		0.4291
1.4244	0.4571	1.5542	0.4571	2.0645	0.2194	1.5397	0.5619	2.2098	0.4667		0.4324
1.4348	0.4571	2.1402	0.3619	2.0501	0.2194	1.7093	0.5429	2.3076	0.4667		0.4096
1.4676	0.4143	1.5963	0.4667	2.1241	0.2129	1.6390	0.5714	2.3145	0.4667		0.4264
1.4790	0.4286	1.6942	0.4190	2.1124	0.2129	1.7178	0.5619	2.3143	0.4750		0.4195
fc6_linear_accuracy:0.4444

fc6_rbf
Binh 		Giang		Hung 		Tan  		Thuan		Final accuracy
loss	acc 	loss	acc 	loss	acc 	loss	acc 	loss	acc 	
1.8645	0.3929	1.3559	0.4286	1.4984	0.2968	1.2707	0.4095	1.1784	0.4417		0.3939
1.5965	0.3929	1.3623	0.3429	1.4636	0.2516	1.2716	0.4095	1.1535	0.4250		0.3644
1.7225	0.3429	2.5817	0.3048	1.4523	0.2323	1.2917	0.3810	1.1320	0.4333		0.3388
1.5397	0.4429	1.4288	0.3429	1.4923	0.2194	1.3198	0.3714	1.1419	0.4083		0.3570
1.5440	0.4286	1.3756	0.3619	1.4570	0.2258	1.3411	0.3619	1.1814	0.3917		0.3540
fc6_rbf_accuracy:0.4039

fc7_linear
Binh 		Giang		Hung 		Tan  		Thuan		Final accuracy
loss	acc 	loss	acc 	loss	acc 	loss	acc 	loss	acc 	
1.2532	0.5143	0.9966	0.5810	2.5376	0.2065	2.1793	0.4000	1.8327	0.3333		0.4070
1.3231	0.5000	1.1021	0.5048	2.3950	0.2258	2.2028	0.4381	1.8200	0.3500		0.4037
1.3326	0.5000	1.1921	0.4762	2.4136	0.2258	2.2067	0.4190	1.7449	0.3667		0.3975
1.3580	0.5000	1.2368	0.4476	2.4369	0.2194	2.0383	0.4381	1.8631	0.3500		0.3910
1.3723	0.4929	1.2887	0.4190	2.4705	0.2194	2.1718	0.4095	1.9107	0.3667		0.3815
fc7_linear_accuracy:0.4252

fc7_rbf
Binh 		Giang		Hung 		Tan  		Thuan		Final accuracy
loss	acc 	loss	acc 	loss	acc 	loss	acc 	loss	acc 	
1.4227	0.4357	1.0277	0.6000	1.7040	0.2581	1.1600	0.3714	1.2109	0.3583		0.4047
1.4661	0.4357	1.1070	0.5619	1.4510	0.2839	1.1867	0.3714	1.0651	0.4083		0.4123
1.4457	0.4500	1.1158	0.5429	1.4699	0.2387	1.1785	0.3619	1.0370	0.4083		0.4004
1.4502	0.4571	1.1421	0.5429	1.3871	0.2839	1.1895	0.3524	1.0468	0.4083		0.4089
1.4542	0.4571	1.1539	0.5238	1.4192	0.2516	1.2016	0.3619	1.0384	0.4167		0.4022
fc7_rbf_accuracy:0.4258

prob
Binh 		Giang		Hung 		Tan  		Thuan		Final accuracy
loss	acc 	loss	acc 	loss	acc 	loss	acc 	loss	acc 	
1.3604	0.4929	1.0341	0.5524	2.2196	0.4323	1.1689	0.5429	1.7863	0.5333		0.5107
1.4843	0.5071	1.0021	0.5905	2.5922	0.4065	1.2859	0.5524	2.2310	0.5250		0.5163
1.7087	0.5143	1.0387	0.5810	2.5965	0.4258	1.4924	0.5143	2.4685	0.5250		0.5121
1.7029	0.5214	1.1311	0.5619	2.8994	0.3935	1.5235	0.5048	2.8228	0.5083		0.4980
1.7483	0.5214	1.1339	0.5524	3.1024	0.3871	1.6190	0.5048	2.8785	0.5000		0.4931
prob_accuracy:0.5260

