     8      0      0      0      6      0      4      0      0      0      0      0
     0      0      0      0      0      0      1      0      0     17      0      0
     0      0      0      0      0      0     18      0      0      0      0      0
     0      0      0      5      4      0      9      0      0      0      0      0
     0      0      0      0      6      1      9      0      0      0      0      2
     0      0      0      0      0      4     14      0      0      0      0      0
     0      0      0      0      0      0     18      0      0      0      0      0
     0      2      0      0      0      0      1      0      0     15      0      0
     0      1      0      0      0      0      1      0      0     16      0      0
     0      0      0      0      0      0      0      0      0     18      0      0
     0      0      0      2      2      0     14      0      0      0      0      0
     0      0      0      0     11      0      6      0      0      0      0      1
