    45      0      0      0      0      0      0      0      0      0      0      0
     1     41      2      0      0      0      0      0      0      1      0      0
     0      0     42      2      0      1      0      0      0      0      0      0
     0      0      0     40      1      1      0      0      0      0      3      0
     2      0      1      0     41      0      0      0      0      0      0      1
     4      0      0      0      1     36      4      0      0      0      0      0
     0      0      1      0      0      0     44      0      0      0      0      0
     0      0      0      0      0      0      0     45      0      0      0      0
     0      0      0      0      0      0      0      0     45      0      0      0
     0      0      0      0      0      0      0      0      0     45      0      0
     0      0      0      1      0      0      0      0      0      0     44      0
     0      0      0      0      0      0      0      0      0      0      0     45
