    45      0      0      0      0      0      0      0      0      0      0      0
     1     41      2      0      0      0      0      0      0      1      0      0
     0      0     41      3      0      1      0      0      0      0      0      0
     0      0      0     40      1      1      0      0      0      0      3      0
     2      0      1      0     42      0      0      0      0      0      0      0
     3      0      0      0      1     38      3      0      0      0      0      0
     0      0      1      0      0      0     44      0      0      0      0      0
     0      0      0      0      0      0      0     45      0      0      0      0
     0      0      0      0      0      0      0      0     45      0      0      0
     0      0      0      0      0      0      0      0      0     45      0      0
     0      0      0      0      0      0      0      0      0      0     45      0
     0      0      0      0      0      0      0      0      0      0      0     45
