    45      0      0      0      0      0      0      0      0      0      0      0
     1     41      0      0      1      0      0      0      0      2      0      0
     1      0     38      3      1      2      0      0      0      0      0      0
     0      0      0     39      2      1      0      0      0      0      3      0
     1      0      1      0     35      0      0      0      0      0      0      8
     4      0      0      1      1     37      2      0      0      0      0      0
     0      0      0      0      0      1     44      0      0      0      0      0
     0      0      0      0      0      0      0     45      0      0      0      0
     0      0      0      0      0      0      0      0     45      0      0      0
     0      0      0      0      0      0      0      0      0     45      0      0
     0      0      0      0      0      0      0      0      0      0     45      0
     0      0      0      0      0      0      0      0      0      0      0     45
