     0      0      0     10      0      0      0      0      6      2      0      0
     0      0      0      1      0      0      0      0      0     17      0      0
     0      0     12      5      1      0      0      0      0      0      0      0
     0      0      0     18      0      0      0      0      0      0      0      0
     0      0      0      7     11      0      0      0      0      0      0      0
     0      0      0     15      3      0      0      0      0      0      0      0
     0      0      0     18      0      0      0      0      0      0      0      0
     0      0      0      6      0      0      0      3      0      9      0      0
     0      0      0      0      0      0      0      0     14      4      0      0
     0      0      0      0      0      0      0      0      0     18      0      0
     0      0      0     18      0      0      0      0      0      0      0      0
     0      0      0     10      8      0      0      0      0      0      0      0
