     0      0      0     15      0      0      0      0      0      0      0      0
     0      0      0      0      0      0      0      0      5     10      0      0
     0      0      3     11      0      0      1      0      0      0      0      0
     0      0      0     15      0      0      0      0      0      0      0      0
     0      0      0     10      5      0      0      0      0      0      0      0
     0      0      0      5      0      9      0      0      1      0      0      0
     0      0      0     10      0      5      0      0      0      0      0      0
     0      0      0      0      0      1      0      0     12      2      0      0
     0      0      0      0      0      0      0      0      5     10      0      0
     0      0      0      0      0      0      0      0      4     11      0      0
     0      0      0     15      0      0      0      0      0      0      0      0
     0      0      0     12      3      0      0      0      0      0      0      0
