     0     16      0      0      1      1      0      0      0      0      0      0
     0     17      1      0      0      0      0      0      0      0      0      0
     0      1     15      0      2      0      0      0      0      0      0      0
     0      1      0      8      9      0      0      0      0      0      0      0
     0      1      2      3     12      0      0      0      0      0      0      0
     0      7      1      0     10      0      0      0      0      0      0      0
     0      2      6      2      8      0      0      0      0      0      0      0
     0     17      0      0      0      0      0      1      0      0      0      0
     0     14      0      0      0      0      0      0      4      0      0      0
     0     18      0      0      0      0      0      0      0      0      0      0
     0      3      3     10      2      0      0      0      0      0      0      0
     0      0      3      2     12      1      0      0      0      0      0      0
