output/result/new/K1_K5_2019-01-28_19.28

fc6_linear
Binh 		Giang		Hung 		Tan  		Thuan		Final accuracy
loss	acc 	loss	acc 	loss	acc 	loss	acc 	loss	acc 	
3.0438	0.2593	3.4514	0.5714	1.1624	0.8000	3.0754	0.5000	3.9886	0.3333		0.4928
2.6136	0.2222	2.7654	0.4762	1.9578	0.4333	3.4520	0.5000	2.7647	0.4167		0.4097
2.5915	0.2222	3.1757	0.1905	1.9070	0.4333	2.8685	0.3500	2.8764	0.4167		0.3225
2.4004	0.2222	2.5849	0.3810	1.9724	0.5000	3.0017	0.3000	2.5245	0.4167		0.3640
2.5229	0.2222	2.5810	0.3810	1.8618	0.4333	2.6987	0.3000	2.4206	0.5000		0.3673
fc6_linear_accuracy:0.4928

fc6_rbf
Binh 		Giang		Hung 		Tan  		Thuan		Final accuracy
loss	acc 	loss	acc 	loss	acc 	loss	acc 	loss	acc 	
2.4012	0.5185	2.5796	0.5714	1.1794	0.7667	2.3881	0.5000	3.0592	0.6250		0.5963
2.2239	0.2963	2.5681	0.3810	1.5891	0.6333	2.7329	0.4000	2.5330	0.3333		0.4088
2.3400	0.2222	3.1296	0.1429	1.6960	0.4667	2.4269	0.4000	1.9415	0.7500		0.3963
2.1808	0.2222	2.3343	0.3333	1.7978	0.4333	2.3910	0.3500	2.1923	0.4583		0.3594
2.3791	0.2222	2.5323	0.3333	1.7877	0.4667	2.4288	0.5000	2.1118	0.4583		0.3961
fc6_rbf_accuracy:0.5963

fc7_linear
Binh 		Giang		Hung 		Tan  		Thuan		Final accuracy
loss	acc 	loss	acc 	loss	acc 	loss	acc 	loss	acc 	
2.7518	0.5926	5.4349	0.1429	2.0225	0.2000	4.2328	0.0500	1.1747	0.5417		0.3054
2.5345	0.5556	3.0891	0.1429	2.1622	0.2333	2.3429	0.3000	1.3148	0.5417		0.3547
2.6540	0.5185	3.0306	0.1905	1.9039	0.1667	2.4685	0.1000	1.4590	0.5417		0.3035
2.5023	0.4444	2.8549	0.1905	1.9812	0.2000	3.0234	0.1000	1.5190	0.5417		0.2953
2.6399	0.2222	2.9321	0.2381	2.1516	0.2000	3.0388	0.1000	1.6084	0.5417		0.2604
fc7_linear_accuracy:0.3547

fc7_rbf
Binh 		Giang		Hung 		Tan  		Thuan		Final accuracy
loss	acc 	loss	acc 	loss	acc 	loss	acc 	loss	acc 	
2.2156	0.5556	2.8720	0.1905	1.1628	0.4333	1.6385	0.4000	1.3266	0.5417		0.4242
2.6518	0.4815	2.0425	0.2381	1.3899	0.6667	2.3376	0.3000	0.9238	0.5417		0.4456
2.7123	0.2222	2.1378	0.3333	1.4844	0.6000	2.7010	0.2000	1.2527	0.5417		0.3794
2.5870	0.2222	1.9985	0.2857	1.6037	0.3667	2.6367	0.2000	1.4673	0.5000		0.3149
2.7799	0.2222	2.0451	0.3333	1.6695	0.2000	2.7217	0.1000	1.6013	0.5833		0.2878
fc7_rbf_accuracy:0.4456

prob
Binh 		Giang		Hung 		Tan  		Thuan		Final accuracy
loss	acc 	loss	acc 	loss	acc 	loss	acc 	loss	acc 	
1.4192	0.5556	0.7860	0.9048	1.1637	0.6000	0.9310	0.8000	1.4331	0.3333		0.6387
1.5480	0.6296	0.6519	0.6190	0.7524	0.7000	0.6613	0.7000	0.9238	0.7917		0.6881
2.2579	0.4815	0.5673	0.6667	1.3010	0.6000	0.8722	0.5000	1.5169	0.5833		0.5663
2.8819	0.4815	0.5113	0.7619	2.0269	0.6000	1.0065	0.5500	1.7696	0.6667		0.6120
3.4670	0.4815	0.5414	0.7143	2.0034	0.5333	1.1936	0.5000	2.0038	0.5833		0.5625
prob_accuracy:0.6881

