     1      0      0      0     14      0      0      0      0      0      0      3
     0     18      0      0      0      0      0      0      0      0      0      0
     0      0     17      1      0      0      0      0      0      0      0      0
     0      0      0     17      1      0      0      0      0      0      0      0
     0      0      0      0     18      0      0      0      0      0      0      0
     0      0      1      1      8      8      0      0      0      0      0      0
     0      0      1      7      9      1      0      0      0      0      0      0
     0     18      0      0      0      0      0      0      0      0      0      0
     0     14      0      0      0      0      0      0      4      0      0      0
     0     18      0      0      0      0      0      0      0      0      0      0
     0      0      0     12      3      0      0      0      3      0      0      0
     0      0      0      1     13      0      0      0      0      0      0      4
