    12      3      0      0      0      0      3      0      0      0      0      0
     0     18      0      0      0      0      0      0      0      0      0      0
     0      0     18      0      0      0      0      0      0      0      0      0
     0      0      0      8      0      0      0      0      0      0      7      3
     0      0      0      0      9      0      0      0      0      0      3      6
     0      0      0      0      0      0     18      0      0      0      0      0
     0      0      0      0      0      0     18      0      0      0      0      0
     0      1      0      0      0      0      0     17      0      0      0      0
     0      1      0      0      0      0      0      0     17      0      0      0
     0      0      0      0      0      0      0      0      0     18      0      0
     0      0      0      0      0      0      0      2      0      0     13      3
     0      0      0      0      2      0      0      0      0      0      3     13
