     2      0      0      0      0      0     15      0      0      1      0      0
     0     16      0      0      0      0      0      0      0      2      0      0
     0      0     17      0      0      0      1      0      0      0      0      0
     0      0      0     15      3      0      0      0      0      0      0      0
     0      0      0      3      9      0      0      0      0      0      0      6
     0      0      0      0      0      0     18      0      0      0      0      0
     0      0      0      0      0      0     18      0      0      0      0      0
     0      2      0      0      0      0      0     16      0      0      0      0
     0      0      0      0      0      0      0      1     16      1      0      0
     0      0      0      0      0      0      0      0      0     18      0      0
     0      0      0      6      3      0      0      0      0      0      9      0
     0      0      0      2      4      0      0      0      0      0      1     11
