    17      0      0      0      0      0      0      0      0      0      1      0
     0     12      0      0      0      0      0      1      0      5      0      0
     0      0     18      0      0      0      0      0      0      0      0      0
     0      0      0     12      1      0      0      0      1      0      4      0
     0      0      0      0     18      0      0      0      0      0      0      0
     0      0      0      0      0      6     12      0      0      0      0      0
     0      0      0      0      0      0     18      0      0      0      0      0
     0      0      0      0      0      0      0     17      0      1      0      0
     0      0      0      0      0      0      0      1     15      2      0      0
     0      0      0      0      0      0      0      0      0     18      0      0
     0      0      0      0      0      0      0      0      0      0     18      0
     0      0      0      0      0      0      0      0      0      0      0     18
