    45      0      0      0      0      0      0      0      0      0      0      0
     0     37      0      0      0      0      0      0      8      0      0      0
     0      0     40      0      0      0      5      0      0      0      0      0
     0      0      0      5      0      0      2      0      0      0     37      1
     7      1      0      0      3      0      3      0      0      0     10     21
     0      0      0      0      0     24     18      0      1      0      2      0
     0      0      0      0      0      5     39      0      0      0      1      0
     0      6      0      0      0      0      0      0     39      0      0      0
     0      5      0      0      0      0      0      0     40      0      0      0
     0     17      0      0      0      0      0      0      8     20      0      0
     1      0      0      0      0      0      0      0      0      0     44      0
     2      0      0      0      0      0      0      0      0      1      7     35
