    15      0      0      0      0      0      0      0      0      0      0      0
     0     10      0      0      0      0      0      0      1      4      0      0
     0      0     15      0      0      0      0      0      0      0      0      0
     0      0      0      1      0      0      0      0      0      0     14      0
     0      0      0      0      0      0      0      0      0      0      0     15
     0      0      0      0      0     14      1      0      0      0      0      0
     0      0      0      0      0      1     13      0      0      0      0      1
     0      1      0      0      0      0      0      9      3      2      0      0
     0      1      0      0      0      0      0      0     13      1      0      0
     0      3      0      0      0      0      0      0      0     12      0      0
     0      0      0      1      0      0      0      0      0      0     11      3
     0      0      0      0      0      0      0      0      0      0      0     15
