    14      0      0      0      3      0      0      0      0      0      0      1
     0      0      0      0      0      0      0      0      0     18      0      0
     0      0     11      3      0      0      2      2      0      0      0      0
     0      0      0     17      0      0      1      0      0      0      0      0
     0      0      0      3      9      0      3      0      0      0      0      3
     0      0      0      0      0      0     18      0      0      0      0      0
     0      0      0      0      0      0     18      0      0      0      0      0
     0      0      0      0      0      0      0      6      0     12      0      0
     0      0      0      0      0      0      0      0      0     18      0      0
     0      0      0      0      0      0      0      0      0     18      0      0
     0      0      0     17      0      0      1      0      0      0      0      0
     0      0      0      2      5      0      0      0      0      0      0     11
