output/result_backup/table_2019_02_27_original_pre_3_12gestures_6_subjects_fc6_1024_fc7_1024/K4_K2_2019-02-22_20.13

fc6_linear
Giang		Hai  		Long 		Minh 		Thuy 		Tuyen		Final accuracy
loss	acc 	loss	acc 	loss	acc 	loss	acc 	loss	acc 	loss	acc 	
5.0404	0.0000	6.2959	0.0556	4.8603	0.1111	4.1053	0.0556	4.9916	0.1944	5.1063	0.0833		0.0833
3.9386	0.1667	5.1915	0.0833	5.1069	0.0833	4.2443	0.1667	3.8349	0.2778	4.5075	0.1667		0.1574
4.7168	0.1389	4.1194	0.1667	4.4124	0.1667	4.3291	0.0833	3.7701	0.1111	5.8484	0.0833		0.1250
5.0600	0.1667	3.7578	0.1111	3.8639	0.1389	3.6595	0.1389	4.5483	0.1389	3.9080	0.1944		0.1481
4.2267	0.0833	4.3949	0.0000	4.1105	0.1667	3.0682	0.1111	3.7814	0.1944	4.4805	0.1944		0.1250
3.8215	0.0833	3.9516	0.0833	3.7878	0.1667	3.0316	0.1944	3.5820	0.1667	3.9326	0.2222		0.1528
4.1129	0.0833	4.0872	0.0833	3.7367	0.1111	3.5006	0.1667	3.4619	0.1667	4.3457	0.1667		0.1296
fc6_linear_accuracy:0.1991

fc6_rbf
Giang		Hai  		Long 		Minh 		Thuy 		Tuyen		Final accuracy
loss	acc 	loss	acc 	loss	acc 	loss	acc 	loss	acc 	loss	acc 	
3.1847	0.0833	3.9890	0.0833	3.5594	0.0278	3.6869	0.0833	3.8691	0.1944	3.9299	0.1111		0.0972
3.5264	0.1111	3.0670	0.0000	4.1044	0.0833	3.1989	0.1944	2.6897	0.2222	3.4485	0.1667		0.1296
3.8221	0.0833	3.1042	0.1111	3.0109	0.0833	2.7608	0.1667	3.2489	0.2778	3.3979	0.1111		0.1389
3.5616	0.1111	2.9363	0.0833	3.2542	0.0833	2.7145	0.1389	3.0968	0.2778	3.4342	0.1667		0.1435
3.0626	0.1389	3.0981	0.0833	3.0111	0.0556	2.9771	0.0278	3.1247	0.1111	3.7720	0.1667		0.0972
3.2210	0.1944	2.8978	0.1667	3.3556	0.0833	2.4693	0.1389	3.9663	0.0556	3.1367	0.2500		0.1481
3.3557	0.1111	2.9989	0.0833	3.1358	0.0278	2.9118	0.0833	2.8980	0.2778	2.9400	0.2222		0.1343
fc6_rbf_accuracy:0.1944

fc7_linear
Giang		Hai  		Long 		Minh 		Thuy 		Tuyen		Final accuracy
loss	acc 	loss	acc 	loss	acc 	loss	acc 	loss	acc 	loss	acc 	
5.3423	0.0833	3.5648	0.1389	4.3625	0.0833	3.4299	0.1111	4.5263	0.1111	3.4951	0.3333		0.1435
4.7000	0.1667	3.9654	0.1111	3.5424	0.2500	3.2559	0.2500	2.9224	0.1944	3.4515	0.2500		0.2037
4.1054	0.1667	3.6772	0.2500	3.2621	0.1667	2.9315	0.1667	3.3945	0.1667	3.0647	0.2222		0.1898
3.9098	0.1667	3.3055	0.1944	3.2891	0.1944	2.9473	0.1944	4.0220	0.0000	3.9540	0.1389		0.1481
3.6444	0.1111	3.2356	0.1111	3.6424	0.1111	2.9793	0.1667	3.3272	0.0278	3.5085	0.1389		0.1111
3.5999	0.1389	3.1791	0.1389	3.9339	0.1111	3.1095	0.1111	2.9496	0.1389	3.2799	0.1944		0.1389
3.6368	0.1389	3.0673	0.1111	3.8812	0.1111	2.9539	0.1667	2.9621	0.0278	3.2003	0.1944		0.1250
fc7_linear_accuracy:0.2407

fc7_rbf
Giang		Hai  		Long 		Minh 		Thuy 		Tuyen		Final accuracy
loss	acc 	loss	acc 	loss	acc 	loss	acc 	loss	acc 	loss	acc 	
3.7745	0.1389	2.9506	0.1111	2.6740	0.1111	2.6907	0.2222	2.7969	0.2778	2.3804	0.2778		0.1898
3.5995	0.1667	3.1363	0.0833	2.9041	0.1944	2.9063	0.2500	2.8104	0.2500	3.0041	0.1667		0.1852
3.6830	0.1667	3.0948	0.0833	2.9579	0.1389	2.8958	0.1944	3.1696	0.1944	3.0711	0.2778		0.1759
3.5786	0.1667	3.0859	0.0833	3.1600	0.1389	2.8441	0.2500	3.3803	0.1667	3.4568	0.2500		0.1759
3.5521	0.1667	3.4859	0.0833	3.2246	0.1111	2.8000	0.2222	3.0859	0.2222	3.5285	0.2500		0.1759
3.6972	0.1667	3.3764	0.1111	3.2622	0.1111	2.7773	0.1944	3.0591	0.2500	3.5519	0.1667		0.1667
3.6748	0.1389	3.2409	0.1111	3.4123	0.0833	2.6710	0.1944	2.9892	0.1944	3.4045	0.1667		0.1481
fc7_rbf_accuracy:0.2130

prob
Giang		Hai  		Long 		Minh 		Thuy 		Tuyen		Final accuracy
loss	acc 	loss	acc 	loss	acc 	loss	acc 	loss	acc 	loss	acc 	
2.6636	0.1944	2.5104	0.1389	2.3979	0.1944	2.4640	0.1111	2.2344	0.1667	2.3795	0.1944		0.1667
3.2653	0.1389	2.9427	0.1667	2.2802	0.1667	2.2462	0.2500	2.3293	0.1944	2.5150	0.2778		0.1991
3.1454	0.1667	2.7418	0.1111	2.7223	0.1944	2.5583	0.2222	2.3608	0.2500	2.5070	0.2778		0.2037
3.5818	0.1667	3.4576	0.1667	3.2554	0.1944	2.5548	0.2500	2.4858	0.1944	2.6282	0.2778		0.2083
3.4141	0.1667	3.2215	0.0833	3.7999	0.1667	3.0234	0.2222	2.6356	0.2500	3.2089	0.2778		0.1944
3.3049	0.1667	3.0173	0.1944	3.5215	0.1944	2.6469	0.2778	2.6724	0.2222	2.8617	0.2500		0.2176
3.4208	0.1667	3.1648	0.1667	3.9831	0.1667	2.8388	0.2778	2.7255	0.1944	3.1515	0.2500		0.2037
prob_accuracy:0.2315

