    18      0      0      0      0      0      0      0      0      0      0      0
     0     13      0      0      1      0      0      0      2      2      0      0
     0      0     18      0      0      0      0      0      0      0      0      0
     0      0      0      8      7      2      1      0      0      0      0      0
     0      0      0      0     18      0      0      0      0      0      0      0
     0      0      0      0      0     18      0      0      0      0      0      0
     0      0      0      0      0      1     17      0      0      0      0      0
     0      9      0      0      0      0      0      0      9      0      0      0
     0      8      0      0      0      0      0      0     10      0      0      0
     0      9      0      0      0      0      0      0      0      9      0      0
     0      0      0      3      6      2      0      0      0      0      7      0
     0      0      0      0      8      0      0      0      0      0      2      8
