    15      0      0      0      0      0      0      0      0      0      0      0
     0     15      0      0      0      0      0      0      0      0      0      0
     0      0     15      0      0      0      0      0      0      0      0      0
     0      0      0      6      0      0      0      0      0      0      9      0
     0      0      0      0     15      0      0      0      0      0      0      0
     0      0      0      0      0     12      3      0      0      0      0      0
     0      0      0      0      0      0     15      0      0      0      0      0
     0      6      0      0      0      0      0      7      2      0      0      0
     0      0      0      0      0      0      0      0     15      0      0      0
     0     11      0      0      0      0      0      0      0      4      0      0
     0      0      0      4      0      0      0      0      0      0     11      0
     0      0      0      0     14      1      0      0      0      0      0      0
