output/result_set_table_23Jan2019_clean_1_aug_3_first_16_fix_fc/Kinect_3_test_on_Kinect_5_22-01-2019_23.12.31

fc6_linear
Binh 			Giang			Hung 			Tan  			Thuan			Final accuracy
loss	acc 	loss	acc 	loss	acc 	loss	acc 	loss	acc 	
0.9556	0.9556	0.9333	0.9333	0.8600	0.8600	0.6400	0.6400	0.9417	0.9417		0.8661
0.9704	0.9704	0.9619	0.9619	0.8600	0.8600	0.6300	0.6300	0.9167	0.9167		0.8678
0.9704	0.9704	0.9619	0.9619	0.8800	0.8800	0.6300	0.6300	0.9083	0.9083		0.8701
0.9778	0.9778	0.9619	0.9619	0.8800	0.8800	0.6300	0.6300	0.9000	0.9000		0.8699
0.9259	0.9259	0.9619	0.9619	0.8800	0.8800	0.6300	0.6300	0.9000	0.9000		0.8596
fc6_linear_accuracy:0.8701

fc6_rbf
Binh 			Giang			Hung 			Tan  			Thuan			Final accuracy
loss	acc 	loss	acc 	loss	acc 	loss	acc 	loss	acc 	
0.9630	0.9630	0.8476	0.8476	0.8467	0.8467	0.6100	0.6100	0.9083	0.9083		0.8351
0.9852	0.9852	0.8190	0.8190	0.8933	0.8933	0.6000	0.6000	0.8750	0.8750		0.8345
0.9852	0.9852	0.7619	0.7619	0.8933	0.8933	0.6000	0.6000	0.8750	0.8750		0.8231
0.9852	0.9852	0.8381	0.8381	0.8933	0.8933	0.6100	0.6100	0.8750	0.8750		0.8403
0.9333	0.9333	0.8571	0.8571	0.8933	0.8933	0.6100	0.6100	0.8750	0.8750		0.8338
fc6_rbf_accuracy:0.8403

fc7_linear
Binh 			Giang			Hung 			Tan  			Thuan			Final accuracy
loss	acc 	loss	acc 	loss	acc 	loss	acc 	loss	acc 	
0.9704	0.9704	0.9905	0.9905	0.8600	0.8600	0.6400	0.6400	0.9583	0.9583		0.8838
0.9778	0.9778	0.9905	0.9905	0.8467	0.8467	0.6200	0.6200	0.9333	0.9333		0.8737
0.9926	0.9926	1.0000	1.0000	0.8333	0.8333	0.6300	0.6300	0.9250	0.9250		0.8762
0.9926	0.9926	1.0000	1.0000	0.8533	0.8533	0.6300	0.6300	0.8917	0.8917		0.8735
0.9926	0.9926	1.0000	1.0000	0.8533	0.8533	0.6300	0.6300	0.9167	0.9167		0.8785
fc7_linear_accuracy:0.8838

fc7_rbf
Binh 			Giang			Hung 			Tan  			Thuan			Final accuracy
loss	acc 	loss	acc 	loss	acc 	loss	acc 	loss	acc 	
0.9704	0.9704	0.9238	0.9238	0.9067	0.9067	0.6000	0.6000	0.8833	0.8833		0.8568
0.9926	0.9926	0.9333	0.9333	0.9067	0.9067	0.5900	0.5900	0.8500	0.8500		0.8545
0.9926	0.9926	0.9524	0.9524	0.9133	0.9133	0.5900	0.5900	0.8500	0.8500		0.8597
0.9926	0.9926	0.9810	0.9810	0.9067	0.9067	0.5900	0.5900	0.8167	0.8167		0.8574
0.9926	0.9926	0.9714	0.9714	0.9067	0.9067	0.5900	0.5900	0.8667	0.8667		0.8655
fc7_rbf_accuracy:0.8655

prob
Binh 			Giang			Hung 			Tan  			Thuan			Final accuracy
loss	acc 	loss	acc 	loss	acc 	loss	acc 	loss	acc 	
0.9630	0.9630	0.9905	0.9905	0.9133	0.9133	0.9000	0.9000	0.8000	0.8000		0.9134
0.9704	0.9704	0.9429	0.9429	0.8067	0.8067	0.9200	0.9200	0.8833	0.8833		0.9046
0.9852	0.9852	0.9810	0.9810	0.8667	0.8667	0.9300	0.9300	0.9000	0.9000		0.9326
0.9926	0.9926	0.9905	0.9905	0.8933	0.8933	0.9400	0.9400	0.9250	0.9250		0.9483
0.9852	0.9852	0.9905	0.9905	0.8933	0.8933	0.9300	0.9300	0.8750	0.8750		0.9348
prob_accuracy:0.9483

