output/result_set_table_23Jan2019_clean_1_aug_3_first_16_fix_fc/Kinect_5_test_on_Kinect_5_23-01-2019_02.52.47

fc6_linear
Binh 			Giang			Hung 			Tan  			Thuan			Final accuracy
loss	acc 	loss	acc 	loss	acc 	loss	acc 	loss	acc 	
1.0000	1.0000	1.0000	1.0000	0.9600	0.9600	0.9900	0.9900	0.9833	0.9833		0.9867
1.0000	1.0000	1.0000	1.0000	0.9600	0.9600	1.0000	1.0000	0.9833	0.9833		0.9887
1.0000	1.0000	1.0000	1.0000	0.9533	0.9533	1.0000	1.0000	0.9833	0.9833		0.9873
1.0000	1.0000	1.0000	1.0000	0.9333	0.9333	1.0000	1.0000	0.9833	0.9833		0.9833
1.0000	1.0000	1.0000	1.0000	0.9533	0.9533	1.0000	1.0000	0.9833	0.9833		0.9873
fc6_linear_accuracy:0.9887

fc6_rbf
Binh 			Giang			Hung 			Tan  			Thuan			Final accuracy
loss	acc 	loss	acc 	loss	acc 	loss	acc 	loss	acc 	
1.0000	1.0000	1.0000	1.0000	0.9000	0.9000	1.0000	1.0000	1.0000	1.0000		0.9800
1.0000	1.0000	1.0000	1.0000	0.9267	0.9267	1.0000	1.0000	0.9917	0.9917		0.9837
1.0000	1.0000	1.0000	1.0000	0.9333	0.9333	1.0000	1.0000	0.9833	0.9833		0.9833
1.0000	1.0000	1.0000	1.0000	0.8933	0.8933	1.0000	1.0000	0.9833	0.9833		0.9753
1.0000	1.0000	1.0000	1.0000	0.9400	0.9400	1.0000	1.0000	0.9917	0.9917		0.9863
fc6_rbf_accuracy:0.9863

fc7_linear
Binh 			Giang			Hung 			Tan  			Thuan			Final accuracy
loss	acc 	loss	acc 	loss	acc 	loss	acc 	loss	acc 	
1.0000	1.0000	1.0000	1.0000	0.9467	0.9467	0.9900	0.9900	0.9917	0.9917		0.9857
1.0000	1.0000	1.0000	1.0000	0.9600	0.9600	0.9900	0.9900	0.9833	0.9833		0.9867
1.0000	1.0000	1.0000	1.0000	0.9667	0.9667	0.9900	0.9900	0.9833	0.9833		0.9880
1.0000	1.0000	1.0000	1.0000	0.9667	0.9667	0.9900	0.9900	0.9833	0.9833		0.9880
1.0000	1.0000	1.0000	1.0000	0.9600	0.9600	0.9900	0.9900	0.9833	0.9833		0.9867
fc7_linear_accuracy:0.9880

fc7_rbf
Binh 			Giang			Hung 			Tan  			Thuan			Final accuracy
loss	acc 	loss	acc 	loss	acc 	loss	acc 	loss	acc 	
1.0000	1.0000	1.0000	1.0000	0.9267	0.9267	0.9900	0.9900	0.9917	0.9917		0.9817
1.0000	1.0000	1.0000	1.0000	0.9467	0.9467	0.9900	0.9900	0.9833	0.9833		0.9840
1.0000	1.0000	1.0000	1.0000	0.9600	0.9600	1.0000	1.0000	0.9833	0.9833		0.9887
1.0000	1.0000	1.0000	1.0000	0.9667	0.9667	0.9900	0.9900	0.9833	0.9833		0.9880
1.0000	1.0000	1.0000	1.0000	0.9667	0.9667	1.0000	1.0000	0.9833	0.9833		0.9900
fc7_rbf_accuracy:0.9900

prob
Binh 			Giang			Hung 			Tan  			Thuan			Final accuracy
loss	acc 	loss	acc 	loss	acc 	loss	acc 	loss	acc 	
1.0000	1.0000	0.9905	0.9905	0.8667	0.8667	1.0000	1.0000	0.9750	0.9750		0.9664
1.0000	1.0000	1.0000	1.0000	0.9667	0.9667	0.9800	0.9800	0.9667	0.9667		0.9827
1.0000	1.0000	1.0000	1.0000	0.9867	0.9867	1.0000	1.0000	0.9667	0.9667		0.9907
1.0000	1.0000	1.0000	1.0000	0.9867	0.9867	0.9800	0.9800	0.9583	0.9583		0.9850
1.0000	1.0000	1.0000	1.0000	0.9800	0.9800	1.0000	1.0000	0.9667	0.9667		0.9893
prob_accuracy:0.9907

