    15      0      0      0      3      0      0      0      0      0      0      0
     0      3      0      0      0      0      0      3      0     12      0      0
     0      0      7      0      3      0      6      0      0      0      0      2
     0      0      0      0      4      0      9      0      0      0      4      1
     0      0      0      0     14      0      1      0      0      0      0      3
     0      0      0      0      0      3     15      0      0      0      0      0
     0      0      0      0      0      0     18      0      0      0      0      0
     0      2      0      0      0      0      1      1      0     14      0      0
     0      1      0      0      0      0      4      4      1      8      0      0
     0      0      0      0      0      0      0      1      0     17      0      0
     0      0      0      0      7      0      5      0      0      0      5      1
     0      0      0      0     10      0      0      0      0      0      0      8
