    45      0      0      0      0      0      0      0      0      0      0      0
     0     36      3      0      0      0      0      0      0      6      0      0
     0      2     43      0      0      0      0      0      0      0      0      0
     0      1      1     42      0      0      0      0      0      0      1      0
     0      0      0      0     41      0      0      0      0      0      0      4
     0      0      0      0      1     43      1      0      0      0      0      0
     0      0      0      0      0      0     45      0      0      0      0      0
     0      1      0      0      0      0      0     43      1      0      0      0
     0      0      0      0      0      0      0      0     45      0      0      0
     0      0      0      0      0      0      0      0      0     45      0      0
     1      0      0      1      0      0      0      0      0      0     43      0
     0      0      0      0      0      0      0      0      0      0      0     45
