    15      0      0      0      0      0      0      0      0      0      0      0
     0     14      0      0      0      0      0      1      0      0      0      0
     0      0     15      0      0      0      0      0      0      0      0      0
     0      0      0      4      4      1      1      0      0      0      5      0
     0      0      0      0     13      0      0      0      0      0      0      2
     0      0      0      0      1     13      1      0      0      0      0      0
     0      0      0      0      0      0     15      0      0      0      0      0
     0      1      0      0      0      0      0     11      1      2      0      0
     0      0      0      0      0      0      0      0     15      0      0      0
     0      0      0      0      0      0      0      0      0     15      0      0
     0      0      0      0      0      0      0      0      0      0     15      0
     0      0      0      0      3      0      0      0      0      0      0     12
