    44      1      0      0      0      0      0      0      0      0      0      0
     0     45      0      0      0      0      0      0      0      0      0      0
     0      1     43      0      0      1      0      0      0      0      0      0
     0      0      0     43      0      1      0      0      0      0      1      0
     1      0      1      0     43      0      0      0      0      0      0      0
     0      0      0      0      1     41      3      0      0      0      0      0
     0      0      0      0      0      0     45      0      0      0      0      0
     0      0      0      0      0      0      0     45      0      0      0      0
     0      0      0      0      0      0      0      0     45      0      0      0
     0      0      0      0      0      0      0      0      0     45      0      0
     0      0      0      0      0      0      0      0      0      0     45      0
     0      0      0      0     13      0      0      0      0      0      0     32
