    18      0      0      0      0      0      0      0      0      0      0      0
     0     18      0      0      0      0      0      0      0      0      0      0
     0      0     18      0      0      0      0      0      0      0      0      0
     0      0      0     16      1      0      0      0      0      0      0      1
     0      0      0      0     18      0      0      0      0      0      0      0
     0      0      0      0      0     18      0      0      0      0      0      0
     0      0      0      0      0      3     15      0      0      0      0      0
     0      0      0      0      0      0      0     18      0      0      0      0
     0      0      0      0      0      0      0      0     18      0      0      0
     0      0      0      0      0      0      0      0      0     18      0      0
     0      0      0      0      0      0      0      0      0      0     18      0
     0      0      0      0      0      0      0      0      0      0      0     18
