    45      0      0      0      0      0      0      0      0      0      0      0
     0     25      0      0      0      0      0      0      9     11      0      0
     0      0     42      0      0      0      1      0      2      0      0      0
     0      0      0      0      0      0      1      0      0      0     44      0
     2      0      0      0     20      0      0      0      0      0      5     18
     0      0      0      0      0      6     34      0      1      0      4      0
     0      0      0      0      0      0     45      0      0      0      0      0
     0     10      5      0      0      0      0      0     30      0      0      0
     0      3      0      0      0      0      0      0     41      1      0      0
     0      6      0      0      0      0      0      0     10     29      0      0
     0      0      0      0      0      0      0      0      0      0     43      2
     3      0      0      0      6      0      0      0      0      0      1     35
