    18      0      0      0      0      0      0      0      0      0      0      0
     0      6      0      0      0      0      0      0      0     12      0      0
     0      0     18      0      0      0      0      0      0      0      0      0
     0      0      0      9      4      0      1      0      0      0      4      0
     0      0      0      0     17      0      0      0      0      0      0      1
     0      0      0      0      0      8     10      0      0      0      0      0
     0      0      0      0      0      0     18      0      0      0      0      0
     0      0      0      0      0      0      0      7      0     11      0      0
     0      0      0      0      0      0      0      0      1     17      0      0
     0      0      0      0      0      0      0      0      0     18      0      0
     0      0      0      1      1      0      0      0      0      0     16      0
     0      0      0      0     11      0      0      0      0      0      1      6
