    18      0      0      0      0      0      0      0      0      0      0      0
     0     14      0      0      0      0      0      0      1      3      0      0
     0      0     18      0      0      0      0      0      0      0      0      0
     0      0      0     18      0      0      0      0      0      0      0      0
     0      0      0      0     18      0      0      0      0      0      0      0
     0      0      0      0      0     18      0      0      0      0      0      0
     0      0      0      0      0      0     18      0      0      0      0      0
     0      5      0      0      0      0      0      7      6      0      0      0
     0      0      0      0      0      0      0      0     16      2      0      0
     0      0      0      0      0      0      0      0      1     17      0      0
     0      0      0     18      0      0      0      0      0      0      0      0
     0      0      0      0     15      0      0      0      0      0      0      3
