    10      0      0      5      0      0      0      0      0      1      1      1
     0      0      0      0      0      0      0      0      0     17      1      0
     0      0     16      0      0      0      1      1      0      0      0      0
     0      0      0     14      1      0      0      0      0      0      0      3
     0      0      0      2      9      0      0      0      0      0      0      7
     0      0      0      0      0      3     15      0      0      0      0      0
     0      0      0      0      0      0     18      0      0      0      0      0
     0      0      0      0      0      0      0      8      0     10      0      0
     0      0      0      0      0      0      0      0      5     13      0      0
     0      0      0      0      0      0      0      0      0     18      0      0
     0      0      0      4      4      0      0      0      0      0      5      5
     0      0      0      0      6      0      0      0      0      0      0     12
