    15      0      0      0      0      0      0      0      0      0      0      0
     0     15      0      0      0      0      0      0      0      0      0      0
     0      0     15      0      0      0      0      0      0      0      0      0
     0      0      0     11      0      0      0      0      0      0      4      0
     2      0      0      0     11      0      0      0      0      0      0      2
     0      0      0      0      0     14      1      0      0      0      0      0
     0      0      0      0      0      0     15      0      0      0      0      0
     0      1      0      0      0      0      0     11      1      2      0      0
     0      0      0      0      0      0      0      0     15      0      0      0
     0      1      0      0      0      0      0      1      0     13      0      0
     0      0      0      0      0      0      1      0      0      0     14      0
     4      0      0      0      5      0      0      0      0      0      0      6
