    10      0      0      0      2      3      0      0      0      0      0      0
     0      0      0      0      0      0      0      0      0     15      0      0
     0      0     14      0      1      0      0      0      0      0      0      0
     0      0      0     10      2      0      2      0      0      0      1      0
     0      0      0      0     15      0      0      0      0      0      0      0
     0      0      0      0      0      8      7      0      0      0      0      0
     0      0      0      0      0      0     15      0      0      0      0      0
     0      0      0      0      0      0      0      0      2     13      0      0
     0      0      0      0      0      0      0      0     15      0      0      0
     0      0      0      0      0      0      0      0      0     15      0      0
     0      0      0      7      4      0      2      0      0      0      2      0
     0      0      0      0     15      0      0      0      0      0      0      0
