    43      0      0      1      0      1      0      0      0      0      0      0
     0     28      3      0      0      0      0      1      0     13      0      0
     0      2     42      0      0      0      0      1      0      0      0      0
     0      1      1     42      0      0      0      0      0      0      1      0
     0      0      0      0     26      0      0      0      2      0      0     17
     0      1      0      0      0     42      2      0      0      0      0      0
     0      0      0      0      0      1     44      0      0      0      0      0
     0      1      0      0      0      0      0     38      2      4      0      0
     0      0      0      0      0      0      0      0     45      0      0      0
     0      0      0      0      0      0      0      0      0     45      0      0
     0      0      0     26      0      0      0      0      0      0     19      0
     0      0      0      0      0      0      0      0      0      0      0     45
