output/result_backup/table_22Jan2019_clean_1_pre_3/K1_K1_21-01-2019_11.38.29

fc6_linear
Binh 		Giang		Hung 		Tan  		Thuan		Final accuracy
loss	acc 	loss	acc 	loss	acc 	loss	acc 	loss	acc 	
0.8630	0.6643	1.2223	0.8095	0.1617	0.9484	0.1214	0.9810	0.1362	0.9500		0.8706
0.8462	0.6571	1.0987	0.8095	0.1603	0.9419	0.1107	0.9810	0.0990	0.9583		0.8696
0.8673	0.6643	1.0725	0.8095	0.1591	0.9419	0.1203	0.9714	0.0955	0.9583		0.8691
0.8600	0.6571	1.0815	0.8095	0.1655	0.9290	0.1146	0.9714	0.0866	0.9667		0.8668
0.8203	0.6643	1.0852	0.8095	0.1539	0.9484	0.1207	0.9714	0.0870	0.9667		0.8721
0.8318	0.6643	1.0632	0.8095	0.1577	0.9355	0.1157	0.9714	0.0847	0.9667		0.8695
0.8313	0.6643	1.0585	0.8095	0.1563	0.9355	0.1214	0.9714	0.0838	0.9667		0.8695
fc6_linear_accuracy:0.8740

fc6_rbf
Binh 		Giang		Hung 		Tan  		Thuan		Final accuracy
loss	acc 	loss	acc 	loss	acc 	loss	acc 	loss	acc 	
1.0120	0.6714	1.5731	0.8095	0.0865	0.9806	0.2163	0.9238	0.1170	0.9500		0.8671
0.8880	0.6714	1.2916	0.8095	0.0997	0.9806	0.1948	0.9619	0.0878	0.9750		0.8797
0.8536	0.6643	1.2346	0.8095	0.1002	0.9677	0.1753	0.9714	0.0872	0.9750		0.8776
0.8797	0.6714	1.2619	0.8095	0.1039	0.9677	0.1692	0.9714	0.0889	0.9667		0.8774
0.8377	0.6714	1.2340	0.8095	0.1047	0.9742	0.1593	0.9714	0.0855	0.9667		0.8786
0.8505	0.6714	1.2272	0.8095	0.1034	0.9677	0.1633	0.9714	0.0841	0.9750		0.8790
0.8581	0.6643	1.9083	0.6952	0.1021	0.9677	0.1622	0.9714	0.0967	0.9667		0.8531
fc6_rbf_accuracy:0.8816

fc7_linear
Binh 		Giang		Hung 		Tan  		Thuan		Final accuracy
loss	acc 	loss	acc 	loss	acc 	loss	acc 	loss	acc 	
0.9620	0.6643	1.2824	0.8095	0.1559	0.9484	0.1305	0.9810	0.1374	0.9500		0.8706
0.9901	0.6500	1.1370	0.8095	0.1565	0.9355	0.1169	0.9810	0.1118	0.9583		0.8669
0.9865	0.6500	1.1074	0.8095	0.1408	0.9419	0.1180	0.9714	0.1104	0.9583		0.8662
0.9737	0.6571	1.1396	0.8095	0.1580	0.9290	0.1122	0.9714	0.1031	0.9583		0.8651
0.9546	0.6571	1.1429	0.8095	0.1483	0.9484	0.1128	0.9714	0.1046	0.9583		0.8690
0.9465	0.6571	1.1304	0.8095	0.1438	0.9484	0.1114	0.9714	0.1024	0.9583		0.8690
0.9566	0.6571	1.1214	0.8095	0.1455	0.9484	0.1140	0.9714	0.1006	0.9583		0.8690
fc7_linear_accuracy:0.8723

fc7_rbf
Binh 		Giang		Hung 		Tan  		Thuan		Final accuracy
loss	acc 	loss	acc 	loss	acc 	loss	acc 	loss	acc 	
1.1319	0.6714	1.5137	0.8095	0.1001	0.9742	0.1864	0.9524	0.1080	0.9750		0.8765
0.9585	0.6714	1.2598	0.8095	0.1223	0.9677	0.1693	0.9714	0.0954	0.9583		0.8757
0.9430	0.6714	1.2021	0.8095	0.1180	0.9677	0.1408	0.9714	0.0983	0.9583		0.8757
0.9389	0.6714	1.2171	0.8095	0.1322	0.9613	0.1343	0.9714	0.0965	0.9583		0.8744
0.9031	0.6714	1.2183	0.8095	0.1235	0.9613	0.1280	0.9714	0.0981	0.9583		0.8744
0.9153	0.6714	1.1962	0.8095	0.1205	0.9677	0.1193	0.9714	0.0951	0.9583		0.8757
0.9138	0.6714	1.1784	0.8095	0.1217	0.9677	0.1218	0.9714	0.0971	0.9583		0.8757
fc7_rbf_accuracy:0.8803

prob
Binh 		Giang		Hung 		Tan  		Thuan		Final accuracy
loss	acc 	loss	acc 	loss	acc 	loss	acc 	loss	acc 	
0.9132	0.6071	1.4918	0.7810	0.1552	0.9355	0.2218	0.8952	0.1639	0.9500		0.8338
1.2105	0.6714	1.4256	0.8095	0.1601	0.9290	0.1411	0.9619	0.1648	0.9583		0.8660
1.0864	0.6714	1.6400	0.8095	0.1032	0.9484	0.1100	0.9714	0.1306	0.9583		0.8718
1.2355	0.6571	1.5948	0.8095	0.1825	0.9290	0.0955	0.9714	0.1724	0.9583		0.8651
1.1000	0.6714	1.5589	0.8095	0.1595	0.9355	0.0709	0.9810	0.1552	0.9583		0.8711
1.1283	0.6643	1.6258	0.8095	0.1229	0.9419	0.0798	0.9905	0.1523	0.9583		0.8729
1.0671	0.6714	1.6584	0.8095	0.1169	0.9419	0.0700	0.9905	0.1572	0.9583		0.8743
prob_accuracy:0.8756

