output/result_backup/table_30Jan2019_original_12gestures/K1_K5_2019-01-30_02.06

fc6_linear
Giang		Hai  		Long 		Minh 		Thuan		Thuy 		Tuyen		Final accuracy
loss	acc 	loss	acc 	loss	acc 	loss	acc 	loss	acc 	loss	acc 	loss	acc 	
6.1568	0.0833	3.9952	0.1667	4.7493	0.1667	4.6716	0.1944	5.5126	0.1111	4.3707	0.0833	4.6965	0.1111		0.1310
5.4159	0.0833	4.0946	0.1111	3.8759	0.1667	3.8930	0.2222	4.1112	0.1389	4.2245	0.0833	4.4776	0.1111		0.1310
4.9762	0.0278	3.8535	0.1667	4.6052	0.1667	3.7623	0.1667	4.0867	0.1389	3.6342	0.1389	3.9172	0.1944		0.1429
4.6461	0.0833	3.7097	0.0833	3.9043	0.1667	3.6245	0.1667	3.6091	0.2222	3.5845	0.1111	3.8532	0.2500		0.1548
4.6559	0.0278	3.3668	0.1389	3.8468	0.1667	3.3948	0.2222	3.6796	0.1667	3.4667	0.1389	3.9354	0.3333		0.1706
4.4988	0.0833	3.3259	0.1389	3.8242	0.1667	3.4271	0.1667	3.6719	0.1667	3.6230	0.1389	3.9008	0.2778		0.1627
fc6_linear_accuracy:0.1905

fc6_rbf
Giang		Hai  		Long 		Minh 		Thuan		Thuy 		Tuyen		Final accuracy
loss	acc 	loss	acc 	loss	acc 	loss	acc 	loss	acc 	loss	acc 	loss	acc 	
5.2379	0.1667	3.9990	0.1389	4.0581	0.1667	3.9235	0.2222	4.0680	0.0833	3.8811	0.0833	4.0848	0.0833		0.1349
4.7577	0.0833	4.0546	0.0833	3.9830	0.1667	3.5341	0.1667	3.6055	0.1111	3.9174	0.0833	4.2010	0.0278		0.1032
4.9917	0.0833	3.8829	0.0833	4.8113	0.1667	3.7048	0.1667	4.1434	0.1111	3.5725	0.1389	3.5063	0.2222		0.1389
4.8342	0.0833	3.9512	0.0833	4.4181	0.1667	4.0493	0.1667	4.1964	0.1389	4.0183	0.1111	3.8571	0.2500		0.1429
4.7783	0.0833	3.6699	0.0833	4.3135	0.1667	3.7120	0.1667	3.9000	0.1389	3.8863	0.1389	3.7921	0.2222		0.1429
4.4837	0.0833	3.6339	0.0833	4.1006	0.1667	3.8330	0.1667	4.0822	0.1389	3.7891	0.1111	3.9843	0.2500		0.1429
fc6_rbf_accuracy:0.1746

fc7_linear
Giang		Hai  		Long 		Minh 		Thuan		Thuy 		Tuyen		Final accuracy
loss	acc 	loss	acc 	loss	acc 	loss	acc 	loss	acc 	loss	acc 	loss	acc 	
4.7067	0.0833	4.4143	0.0833	3.9701	0.0556	4.0709	0.2500	4.3862	0.1111	3.9001	0.1667	4.0524	0.1389		0.1270
4.5047	0.0833	3.8232	0.1111	3.6215	0.1667	3.9915	0.2500	4.0106	0.1389	3.8801	0.0833	3.5931	0.2500		0.1548
4.1863	0.0556	3.4988	0.1111	3.4298	0.1111	3.1417	0.1944	3.9992	0.1667	3.2606	0.0833	3.4116	0.2778		0.1429
4.0806	0.0556	3.2693	0.0833	3.3632	0.0833	3.2631	0.1944	3.3965	0.1667	3.0700	0.1111	3.2275	0.2500		0.1349
3.9226	0.0556	3.0550	0.1111	3.2686	0.1944	3.1454	0.2500	3.2784	0.1667	3.0719	0.1111	3.1810	0.3056		0.1706
3.9223	0.0833	3.0535	0.0833	3.2140	0.1944	3.2173	0.2500	3.3583	0.1389	2.9599	0.1111	3.2090	0.3056		0.1667
fc7_linear_accuracy:0.1825

fc7_rbf
Giang		Hai  		Long 		Minh 		Thuan		Thuy 		Tuyen		Final accuracy
loss	acc 	loss	acc 	loss	acc 	loss	acc 	loss	acc 	loss	acc 	loss	acc 	
4.3443	0.0833	4.4428	0.1667	3.7641	0.0833	3.4678	0.2222	3.6486	0.1111	3.4804	0.1667	3.5166	0.1389		0.1389
4.3633	0.0833	3.8802	0.0833	4.1486	0.1667	3.4292	0.1667	3.7443	0.1111	3.5813	0.0833	3.4521	0.1667		0.1230
4.1906	0.0833	3.5292	0.0833	3.9423	0.1111	3.3973	0.1944	3.9288	0.1389	3.4322	0.1389	3.5324	0.2222		0.1389
4.3489	0.0833	3.6697	0.0833	3.8132	0.1667	3.5063	0.2500	3.6849	0.1667	3.3320	0.1389	3.6489	0.2222		0.1587
4.2333	0.0833	3.5010	0.0833	3.7262	0.1389	3.5300	0.2500	3.6368	0.1944	3.4930	0.1111	3.6730	0.2778		0.1627
4.3661	0.0278	3.2974	0.0833	3.6385	0.1111	3.4919	0.2500	3.7647	0.1667	3.3362	0.1111	3.5733	0.2222		0.1389
fc7_rbf_accuracy:0.1865

prob
Giang		Hai  		Long 		Minh 		Thuan		Thuy 		Tuyen		Final accuracy
loss	acc 	loss	acc 	loss	acc 	loss	acc 	loss	acc 	loss	acc 	loss	acc 	
2.8219	0.0833	2.6055	0.0278	2.6808	0.0833	2.3885	0.0833	2.4559	0.1111	2.4507	0.0833	2.2405	0.1667		0.0913
3.3908	0.1111	2.9176	0.0833	3.1662	0.0000	2.5361	0.2778	2.7057	0.1667	2.7619	0.2500	2.4934	0.1389		0.1468
3.8933	0.0278	3.1282	0.1111	3.4752	0.0833	2.8499	0.2500	2.7466	0.1667	2.8718	0.2222	2.7464	0.2222		0.1548
4.2441	0.0278	3.0675	0.1389	3.9256	0.1111	2.9588	0.2500	3.8467	0.2222	3.2012	0.1667	3.3361	0.2500		0.1667
4.5465	0.0278	3.2933	0.1389	3.9979	0.1111	3.3078	0.2778	3.7262	0.2222	3.1085	0.1944	3.6480	0.2500		0.1746
4.5891	0.0278	3.1938	0.1389	3.9721	0.0833	3.5018	0.2778	3.5329	0.1944	3.2270	0.1667	3.5973	0.2500		0.1627
prob_accuracy:0.1944

