     3      3      0      0      0      0      1      0      0      0     11      0
     0      5      0      0      0      0      0      0      0     12      0      1
     0      0     17      0      0      0      1      0      0      0      0      0
     0      0      0     12      1      0      1      0      0      0      3      1
     0      0      0      0      9      0      0      0      0      0      3      6
     0      0      0      0      0      2     16      0      0      0      0      0
     0      0      0      0      0      0     18      0      0      0      0      0
     0      5      0      0      0      0      0      3      0     10      0      0
     0      0      0      0      0      0      0      0      3     15      0      0
     0      0      0      0      0      0      0      0      0     18      0      0
     0      0      0      2      0      0      0      0      0      0     13      3
     0      0      0      0      5      0      0      0      0      0      0     13
