    18      0      0      0      0      0      0      0      0      0      0      0
     0     12      0      1      0      0      0      1      4      0      0      0
     0      0     17      0      1      0      0      0      0      0      0      0
     0      0      0      5     12      1      0      0      0      0      0      0
     0      0      0      0     18      0      0      0      0      0      0      0
     0      0      0      0      0     18      0      0      0      0      0      0
     0      0      0      0      0      4     14      0      0      0      0      0
     0      3      0      0      0      0      0      7      8      0      0      0
     0      0      0      0      0      0      0      0     18      0      0      0
     0      5      0      0      0      0      0      0      9      4      0      0
     0      0      0      6     12      0      0      0      0      0      0      0
     0      0      0      0     18      0      0      0      0      0      0      0
