     0     15      0      1      2      0      0      0      0      0      0      0
     0     18      0      0      0      0      0      0      0      0      0      0
     0      0     18      0      0      0      0      0      0      0      0      0
     0      0      0     15      3      0      0      0      0      0      0      0
     0      1      0      3     14      0      0      0      0      0      0      0
     0      7      6      4      0      0      0      0      1      0      0      0
     0      3     10      3      1      0      0      0      1      0      0      0
     0     15      0      3      0      0      0      0      0      0      0      0
     0     11      0      0      0      0      0      0      7      0      0      0
     0     18      0      0      0      0      0      0      0      0      0      0
     0      0      0     15      3      0      0      0      0      0      0      0
     0      3      0      3      9      0      0      0      0      0      0      3
