    16      0      0      0      0      1      1      0      0      0      0      0
     0     18      0      0      0      0      0      0      0      0      0      0
     0      0     18      0      0      0      0      0      0      0      0      0
     0      0      0     11      3      0      0      0      0      0      4      0
     0      0      0      0     10      0      0      0      0      0      0      8
     0      0      0      0      0      3     15      0      0      0      0      0
     0      0      0      0      0      0     18      0      0      0      0      0
     0      0      0      0      0      0      0     18      0      0      0      0
     0      0      0      0      0      0      0      0     18      0      0      0
     0      0      0      0      0      0      0      0      0     18      0      0
     0      0      0      1      1      0      0      0      0      0     14      2
     0      0      0      0      3      0      0      0      0      0      0     15
