    15      0      0      0      0      0      0      0      0      0      0      0
     0      4      0      0      0      0      0      0      0     11      0      0
     0      0     15      0      0      0      0      0      0      0      0      0
     0      0      0     15      0      0      0      0      0      0      0      0
     0      0      0      0     13      0      0      0      0      0      0      2
     0      0      0      0      0     15      0      0      0      0      0      0
     0      0      0      0      0      0     15      0      0      0      0      0
     0      0      0      0      0      0      0      5      2      8      0      0
     0      0      0      0      0      0      0      0     15      0      0      0
     0      0      0      0      0      0      0      0      0     15      0      0
     0      0      0      7      0      0      0      0      0      0      8      0
     0      0      0      0      6      0      0      0      0      0      0      9
