    43      1      0      0      0      1      0      0      0      0      0      0
     0     35      0      0      0      1      0      0      0      9      0      0
     0      0     44      0      0      1      0      0      0      0      0      0
     0      0      0     38      0      1      0      0      0      0      6      0
     0      0      1      0     42      1      0      0      0      0      0      1
     0      0      0      0      0     45      0      0      0      0      0      0
     0      0      0      0      0      2     43      0      0      0      0      0
     0      0      0      0      0      0      0     45      0      0      0      0
     0      0      0      0      0      0      0      0     45      0      0      0
     0      0      0      0      0      0      0      0      0     45      0      0
     0      0      0      0      0      0      0      0      0      0     45      0
     0      0      0      0      0      0      0      0      0      0      0     45
