     0      1      0      1      8      0      0      0      0      0      0      8
     0     18      0      0      0      0      0      0      0      0      0      0
     0      0     18      0      0      0      0      0      0      0      0      0
     0      0      0     14      3      0      0      0      0      0      0      1
     0      2      2      0     12      0      0      0      0      0      0      2
     0      0      0      1      1     16      0      0      0      0      0      0
     0      3      2      6      3      0      0      0      3      0      0      1
     0     18      0      0      0      0      0      0      0      0      0      0
     0     18      0      0      0      0      0      0      0      0      0      0
     0     16      2      0      0      0      0      0      0      0      0      0
     0      0      2     11      3      0      0      0      0      0      1      1
     0      3      3      0      6      0      0      0      0      0      0      6
