    18      0      0      0      0      0      0      0      0      0      0      0
     0     13      0      0      0      0      0      0      5      0      0      0
     0      0     18      0      0      0      0      0      0      0      0      0
     0      0      0     11      7      0      0      0      0      0      0      0
     0      0      0      0     17      0      0      0      0      0      0      1
     0      0      0      0      0     18      0      0      0      0      0      0
     0      0      0      0      0      7     11      0      0      0      0      0
     0      7      0      0      0      0      0      2      9      0      0      0
     0      3      0      0      0      0      0      0     15      0      0      0
     0     12      0      0      0      0      0      0      5      1      0      0
     0      0      0     13      5      0      0      0      0      0      0      0
     0      0      0      2     16      0      0      0      0      0      0      0
