output/result_backup/table_22Jan2019_clean_1_pre_3/K5_K1_22-01-2019_01.52.52

fc6_linear
Binh 		Giang		Hung 		Tan  		Thuan		Final accuracy
loss	acc 	loss	acc 	loss	acc 	loss	acc 	loss	acc 	
1.3602	0.4571	0.8410	0.6286	2.8168	0.3484	1.1712	0.6762	1.8144	0.4167		0.5054
1.4045	0.4214	0.8885	0.6000	2.7521	0.3419	1.1992	0.6952	1.8702	0.4000		0.4917
1.3826	0.4357	0.9220	0.6000	2.7901	0.3355	1.2569	0.6667	1.8975	0.4000		0.4876
1.4101	0.4214	0.9421	0.5810	2.8047	0.3290	1.2437	0.6762	1.8546	0.4000		0.4815
1.4130	0.4143	0.9445	0.5810	2.8163	0.3290	1.2421	0.6667	1.8058	0.4000		0.4782
1.4024	0.4214	0.9445	0.5810	2.8047	0.3290	1.2746	0.6571	1.8098	0.4000		0.4777
1.4059	0.4143	0.9507	0.5810	2.8164	0.3226	1.2633	0.6667	1.8253	0.4000		0.4769
fc6_linear_accuracy:0.5092

fc6_rbf
Binh 		Giang		Hung 		Tan  		Thuan		Final accuracy
loss	acc 	loss	acc 	loss	acc 	loss	acc 	loss	acc 	
1.5274	0.3929	1.0327	0.5238	2.2584	0.3226	1.5044	0.5524	1.6126	0.3750		0.4333
1.4810	0.4000	1.0628	0.4857	2.2323	0.3419	1.4855	0.5714	1.5753	0.3750		0.4348
1.4384	0.4071	1.1100	0.4952	2.1782	0.3419	1.4887	0.5619	1.5796	0.3750		0.4362
1.4947	0.4071	1.1054	0.4952	2.2183	0.3355	1.4943	0.5619	1.5582	0.3750		0.4350
1.4946	0.4071	1.1509	0.4381	2.2310	0.3290	1.5158	0.5619	1.5358	0.3750		0.4222
1.4880	0.4071	1.1181	0.4667	2.2088	0.3290	1.5084	0.5524	1.5311	0.3750		0.4260
1.4904	0.4071	1.1199	0.4667	2.1897	0.3419	1.5129	0.5619	1.5464	0.3750		0.4305
fc6_rbf_accuracy:0.4439

fc7_linear
Binh 		Giang		Hung 		Tan  		Thuan		Final accuracy
loss	acc 	loss	acc 	loss	acc 	loss	acc 	loss	acc 	
1.2301	0.4714	0.9012	0.6571	2.7410	0.3032	1.2525	0.6762	1.7305	0.3667		0.4949
1.2657	0.4357	0.8851	0.5810	2.7165	0.3161	1.2444	0.6667	1.8544	0.3500		0.4699
1.2612	0.4500	0.9268	0.5524	2.7225	0.3226	1.2676	0.6667	1.8901	0.3500		0.4683
1.2645	0.4500	0.9418	0.5524	2.7452	0.3226	1.3120	0.6476	1.8871	0.3583		0.4662
1.2757	0.4571	0.9382	0.5524	2.7604	0.3161	1.3178	0.6476	1.8645	0.3917		0.4730
1.2789	0.4500	0.9458	0.5524	2.7601	0.3161	1.3259	0.6571	1.8314	0.3833		0.4718
1.2742	0.4571	0.9486	0.5524	2.7536	0.3161	1.3232	0.6476	1.8390	0.3917		0.4730
fc7_linear_accuracy:0.5038

fc7_rbf
Binh 		Giang		Hung 		Tan  		Thuan		Final accuracy
loss	acc 	loss	acc 	loss	acc 	loss	acc 	loss	acc 	
1.4540	0.3929	1.0311	0.5429	2.3107	0.3032	1.5125	0.6000	1.6877	0.3833		0.4445
1.4369	0.4000	1.0182	0.5238	2.2712	0.3161	1.4907	0.5905	1.6609	0.3917		0.4444
1.3973	0.4071	1.0697	0.5238	2.2628	0.3161	1.5140	0.6000	1.6250	0.3750		0.4444
1.4470	0.4071	1.1006	0.5143	2.2958	0.3097	1.5400	0.5619	1.6345	0.3833		0.4353
1.4334	0.4071	1.1198	0.5143	2.2999	0.3032	1.5333	0.5905	1.6156	0.4000		0.4430
1.4380	0.4071	1.1072	0.5143	2.2707	0.3032	1.5500	0.5619	1.5963	0.3917		0.4356
1.4303	0.4071	1.0948	0.5143	2.2920	0.3032	1.5418	0.5810	1.5819	0.3833		0.4378
fc7_rbf_accuracy:0.4532

prob
Binh 		Giang		Hung 		Tan  		Thuan		Final accuracy
loss	acc 	loss	acc 	loss	acc 	loss	acc 	loss	acc 	
1.3616	0.5214	0.8563	0.6571	1.9576	0.5484	0.8816	0.6476	1.5955	0.5333		0.5816
1.3819	0.4929	0.8739	0.6286	2.2611	0.4645	1.0085	0.6286	1.7910	0.5167		0.5462
1.3131	0.5000	0.9437	0.6095	2.5497	0.4387	0.9889	0.6286	1.9355	0.5167		0.5387
1.2659	0.5214	0.9233	0.6286	2.6574	0.4258	1.0185	0.6381	2.0794	0.5083		0.5444
1.3476	0.5071	0.9243	0.6381	2.6246	0.4387	0.9768	0.6571	2.1032	0.5000		0.5482
1.3422	0.5071	0.9226	0.6381	2.6471	0.4387	0.9742	0.6571	2.0621	0.5083		0.5499
1.3456	0.5071	0.9240	0.6381	2.6622	0.4387	0.9959	0.6476	2.0525	0.5083		0.5480
prob_accuracy:0.5835

