    18      0      0      0      0      0      0      0      0      0      0      0
     0      3      0      0      0      0      0      0      0     15      0      0
     0      0     18      0      0      0      0      0      0      0      0      0
     0      0      0     15      0      0      1      0      0      0      2      0
     0      0      0      1     17      0      0      0      0      0      0      0
     0      0      0      0      0      0     18      0      0      0      0      0
     0      0      0      0      0      0     18      0      0      0      0      0
     0      0      0      0      0      0      0     11      2      5      0      0
     0      0      0      0      0      0      0      1     15      2      0      0
     0      0      0      0      0      0      0      0      0     18      0      0
     0      0      0      1      0      0      0      0      0      0     16      1
     0      0      0      0     13      0      0      0      0      0      0      5
