    45      0      0      0      0      0      0      0      0      0      0      0
     0     45      0      0      0      0      0      0      0      0      0      0
     0      0     45      0      0      0      0      0      0      0      0      0
     1      0      0     14      0      0      0      0      0      0     30      0
     2      0      0      0      0      0      0      0      0      0      0     43
     0      0      0      0      0     45      0      0      0      0      0      0
     0      0      0      0      0     24     21      0      0      0      0      0
     0     12      0      0      0      0      0     31      2      0      0      0
     0      0      0      0      0      0      0      0     44      1      0      0
     0     38      0      0      0      0      0      0      0      7      0      0
     1      0      0      0      0      0      0      0      0      0     44      0
     0      0      0      0      0      0      0      0      0      0      0     45
