output/result_backup/table_23Jan2019_clean_1_pre_3_first_16_fc6_2048_fc7_2048/K3_K3_22-01-2019_21.59.46

fc6_linear
Binh 		Giang		Hung 		Tan  		Thuan		Final accuracy
loss	acc 	loss	acc 	loss	acc 	loss	acc 	loss	acc 	
0.0892	0.9630	0.1714	0.9333	0.2159	0.9097	0.0667	1.0000	0.0477	0.9917		0.9595
0.0771	0.9704	0.1617	0.9333	0.1897	0.9290	0.0585	1.0000	0.0536	0.9833		0.9632
0.0725	0.9704	0.1471	0.9429	0.1736	0.9355	0.0553	1.0000	0.0475	0.9917		0.9681
0.0700	0.9704	0.1395	0.9524	0.1682	0.9355	0.0560	1.0000	0.0505	0.9833		0.9683
0.0684	0.9778	0.1423	0.9429	0.1766	0.9419	0.0558	1.0000	0.0492	0.9917		0.9708
fc6_linear_accuracy:0.9728

fc6_rbf
Binh 		Giang		Hung 		Tan  		Thuan		Final accuracy
loss	acc 	loss	acc 	loss	acc 	loss	acc 	loss	acc 	
0.1256	0.9630	0.1384	0.9524	0.3041	0.8645	0.1217	0.9500	0.0680	0.9750		0.9410
0.0992	0.9630	0.1272	0.9619	0.2354	0.8968	0.0937	0.9800	0.0611	0.9833		0.9570
0.0911	0.9630	0.1329	0.9619	0.2806	0.9032	0.0701	1.0000	0.0605	0.9833		0.9623
0.1275	0.9481	0.1547	0.9524	0.1926	0.9161	0.0689	1.0000	0.2657	0.9250		0.9483
0.1000	0.9630	0.1293	0.9619	0.1902	0.9161	0.0686	1.0000	0.0611	0.9833		0.9649
fc6_rbf_accuracy:0.9649

fc7_linear
Binh 		Giang		Hung 		Tan  		Thuan		Final accuracy
loss	acc 	loss	acc 	loss	acc 	loss	acc 	loss	acc 	
0.0723	0.9778	0.1343	0.9714	0.2232	0.9161	0.0891	0.9800	0.0515	0.9833		0.9657
0.0691	0.9778	0.1401	0.9429	0.1959	0.9226	0.0722	0.9900	0.0538	0.9833		0.9633
0.0662	0.9778	0.1364	0.9429	0.1783	0.9290	0.0628	0.9900	0.0519	0.9833		0.9646
0.0669	0.9778	0.1367	0.9524	0.1681	0.9419	0.0634	0.9900	0.0548	0.9833		0.9691
0.0663	0.9778	0.1368	0.9524	0.1769	0.9355	0.0621	0.9900	0.0532	0.9833		0.9678
fc7_linear_accuracy:0.9729

fc7_rbf
Binh 		Giang		Hung 		Tan  		Thuan		Final accuracy
loss	acc 	loss	acc 	loss	acc 	loss	acc 	loss	acc 	
0.1156	0.9630	0.1255	0.9619	0.2918	0.8710	0.1523	0.9200	0.0666	0.9750		0.9382
0.0875	0.9704	0.1271	0.9619	0.2295	0.8968	0.0985	0.9800	0.0659	0.9750		0.9568
0.0808	0.9704	0.1380	0.9619	0.2028	0.9097	0.0828	0.9800	0.0672	0.9750		0.9594
0.0805	0.9704	0.1278	0.9619	0.1831	0.9226	0.0794	0.9800	0.1143	0.9750		0.9620
0.0744	0.9704	0.1318	0.9619	0.1802	0.9226	0.0788	0.9800	0.0619	0.9833		0.9636
fc7_rbf_accuracy:0.9636

prob
Binh 		Giang		Hung 		Tan  		Thuan		Final accuracy
loss	acc 	loss	acc 	loss	acc 	loss	acc 	loss	acc 	
0.1012	0.9704	0.1291	0.9714	0.2405	0.8903	0.1751	0.9400	0.1892	0.9333		0.9411
0.0490	0.9926	0.1079	0.9714	0.2494	0.8903	0.1285	0.9500	0.0894	0.9583		0.9525
0.0325	0.9926	0.1505	0.9429	0.2206	0.9097	0.1262	0.9300	0.0865	0.9583		0.9467
0.0326	0.9852	0.1287	0.9619	0.1283	0.9355	0.0938	0.9600	0.0748	0.9583		0.9602
0.0258	0.9926	0.1208	0.9619	0.1257	0.9355	0.0623	0.9900	0.0712	0.9583		0.9677
prob_accuracy:0.9696

