    90      0      0      0      0      0      0      0      0      0      0      0
     0     90      0      0      0      0      0      0      0      0      0      0
     0      0     90      0      0      0      0      0      0      0      0      0
     0      0      0     74      0      0      0      0      0      0     16      0
     0      0      0      0     84      0      0      0      0      0      0      6
     0      0      0      0      0     88      2      0      0      0      0      0
     0      0      0      0      0      0     90      0      0      0      0      0
     0      0      0      0      0      0      0     89      0      1      0      0
     0      0      0      0      0      0      0      0     90      0      0      0
     0      1      0      0      0      0      0      0      2     87      0      0
     0      0      0      5      0      0      0      0      0      0     83      2
     0      0      0      0      3      0      0      0      0      0      0     87
