    90      0      0      0      0      0      0      0      0      0      0      0
     0     73      0      0      0      0      0      1      5     11      0      0
     0      0     90      0      0      0      0      0      0      0      0      0
     0      0      0     79      0      0      0      0      0      0     11      0
     0      0      0      0     81      0      0      0      0      0      0      9
     0      0      0      0      0     89      1      0      0      0      0      0
     0      0      0      0      0      0     90      0      0      0      0      0
     0      1      0      0      0      0      0     88      0      1      0      0
     0      4      0      0      0      0      0      2     79      5      0      0
     0     10      0      0      0      0      0      0      3     77      0      0
     0      0      0     11      0      0      0      0      0      0     79      0
     0      0      0      0      6      0      0      0      0      0      0     84
