    90      0      0      0      0      0      0      0      0      0      0      0
     0     66      0      0      0      0      0      4      5     15      0      0
     0      0     90      0      0      0      0      0      0      0      0      0
     0      0      0     67      0      0      0      0      0      0     23      0
     0      0      0      0     79      0      0      0      0      0      0     11
     0      0      0      0      0     89      1      0      0      0      0      0
     0      0      0      0      0      0     90      0      0      0      0      0
     0      4      0      0      0      0      0     81      3      2      0      0
     0      1      0      0      0      0      0      4     76      9      0      0
     0      7      0      0      0      0      0      0      3     80      0      0
     0      0      0     13      0      0      0      0      0      0     75      2
     0      0      0      0     22      0      0      0      0      0      0     68
