    10      2      0      0      2      3      0      1      0      0      0      0
     0      8      0      0      0      0      0      1      0      9      0      0
     0      0      0      0      0      0     18      0      0      0      0      0
     0      0      0     16      1      0      0      1      0      0      0      0
     0      0      0      3     11      0      2      0      0      0      0      2
     0      0      0      0      0     11      7      0      0      0      0      0
     0      0      0      0      0      0     18      0      0      0      0      0
     0      0      0      0      0      0      0     10      0      8      0      0
     0      3      0      0      0      0      0      0      7      8      0      0
     0      1      0      0      0      0      0      0      0     17      0      0
     0      0      0     13      1      1      2      1      0      0      0      0
     0      0      0      3      9      0      2      0      0      0      0      4
