output/result/K1_K1_2019-01-30_10.30

fc6_linear
Giang		Hai  		Long 		Minh 		Thuan		Thuy 		Tuyen		Final accuracy
loss	acc 	loss	acc 	loss	acc 	loss	acc 	loss	acc 	loss	acc 	loss	acc 	
1.7071	0.4722	1.3647	0.5556	0.9781	0.6111	1.4150	0.4722	3.1367	0.3333	1.7677	0.5556	1.5065	0.6389		0.5198
1.4011	0.5278	1.1177	0.6667	0.9993	0.6389	1.7568	0.5833	2.6475	0.4167	1.8983	0.5278	1.2243	0.6111		0.5675
1.5732	0.5000	1.0927	0.6389	0.9652	0.6111	1.3080	0.6111	2.8433	0.3611	1.7026	0.4444	1.9173	0.5833		0.5357
1.5676	0.5556	0.9515	0.7222	1.1011	0.6111	1.2385	0.6111	2.9277	0.4722	1.9705	0.4722	1.7208	0.6389		0.5833
1.4340	0.6111	0.9887	0.6944	1.0401	0.5833	1.4350	0.5556	3.0233	0.3056	1.8031	0.4722	1.5490	0.6389		0.5516
1.5025	0.5278	1.0505	0.7222	1.0394	0.5833	1.3514	0.5833	2.8696	0.4444	1.8181	0.4444	1.6263	0.6389		0.5635
fc6_linear_accuracy:0.6071

fc6_rbf
Giang		Hai  		Long 		Minh 		Thuan		Thuy 		Tuyen		Final accuracy
loss	acc 	loss	acc 	loss	acc 	loss	acc 	loss	acc 	loss	acc 	loss	acc 	
1.3279	0.6111	1.1497	0.6111	1.0024	0.5000	1.4135	0.5000	2.3282	0.3611	1.7490	0.5000	1.3154	0.5833		0.5238
1.3473	0.4722	1.0378	0.6389	0.9414	0.5556	1.3056	0.5833	2.2993	0.4444	1.6606	0.5000	1.3336	0.6111		0.5437
1.4540	0.4167	1.0584	0.6667	0.8945	0.6111	1.1734	0.6389	2.5767	0.3889	1.5393	0.4722	1.4154	0.5556		0.5357
1.4629	0.4444	0.9462	0.7222	0.9361	0.6389	1.1245	0.5833	3.1089	0.4444	1.6591	0.4444	1.4990	0.5556		0.5476
1.4734	0.4722	0.9581	0.6944	1.0563	0.6111	1.2045	0.5833	3.2343	0.4167	1.6136	0.4444	1.4972	0.6111		0.5476
1.5224	0.4167	1.0393	0.7222	0.8457	0.6111	1.1531	0.5833	3.0982	0.4444	1.5734	0.4444	1.4043	0.6111		0.5476
fc6_rbf_accuracy:0.5952

fc7_linear
Giang		Hai  		Long 		Minh 		Thuan		Thuy 		Tuyen		Final accuracy
loss	acc 	loss	acc 	loss	acc 	loss	acc 	loss	acc 	loss	acc 	loss	acc 	
1.4921	0.4722	1.6325	0.5833	0.9862	0.5556	1.6011	0.4722	2.8963	0.4167	1.5983	0.5556	1.5376	0.6111		0.5238
1.5251	0.6389	1.0829	0.6944	0.9436	0.6111	1.6422	0.4722	3.0132	0.4167	1.9647	0.4722	1.6163	0.5833		0.5556
1.9291	0.4167	1.0201	0.6944	1.0078	0.6111	1.3898	0.6111	2.9103	0.3333	1.6925	0.5000	1.7875	0.6111		0.5397
1.4833	0.6111	1.0421	0.6944	1.0627	0.6389	1.2405	0.6389	2.8325	0.4167	1.8330	0.4167	1.7736	0.6111		0.5754
1.3646	0.6389	1.0119	0.6389	1.0644	0.6389	1.3643	0.6111	2.8471	0.3611	1.7329	0.4722	1.6216	0.6111		0.5675
1.3942	0.5833	1.0328	0.7222	0.9935	0.6111	1.3066	0.6111	2.8466	0.3611	1.7764	0.4722	1.6117	0.6389		0.5714
fc7_linear_accuracy:0.6071

fc7_rbf
Giang		Hai  		Long 		Minh 		Thuan		Thuy 		Tuyen		Final accuracy
loss	acc 	loss	acc 	loss	acc 	loss	acc 	loss	acc 	loss	acc 	loss	acc 	
1.4301	0.4722	1.1822	0.5833	0.9837	0.5000	1.3737	0.5278	2.3751	0.3889	1.5636	0.4722	1.4207	0.5556		0.5000
1.3332	0.5000	0.9850	0.6944	0.9094	0.5556	1.2736	0.5556	2.3996	0.3889	1.6699	0.4167	1.3146	0.5833		0.5278
1.6648	0.5000	1.0337	0.6667	0.8076	0.7222	1.1181	0.5833	2.8592	0.3611	1.5443	0.4722	1.4519	0.5833		0.5556
1.6741	0.5278	0.9929	0.6944	0.8800	0.6944	1.0464	0.6667	3.0897	0.4167	1.7305	0.4444	1.4956	0.5833		0.5754
1.4943	0.5833	0.9902	0.6667	0.9733	0.6389	1.1113	0.6111	3.3685	0.3611	1.6659	0.4444	1.5433	0.5833		0.5556
1.5020	0.5556	1.0504	0.6944	0.8981	0.6944	1.1237	0.6111	3.3381	0.3611	1.6973	0.4722	1.4404	0.5833		0.5675
fc7_rbf_accuracy:0.5913

prob
Giang		Hai  		Long 		Minh 		Thuan		Thuy 		Tuyen		Final accuracy
loss	acc 	loss	acc 	loss	acc 	loss	acc 	loss	acc 	loss	acc 	loss	acc 	
1.5641	0.4444	1.4053	0.5278	1.5139	0.5000	1.6642	0.3611	2.6320	0.2222	1.7489	0.3056	1.5492	0.3333		0.3849
1.3247	0.5556	0.9880	0.6667	1.0066	0.5278	1.1032	0.5556	3.0060	0.3611	1.4690	0.4167	1.0904	0.5278		0.5159
1.4744	0.5556	0.8676	0.6944	0.9820	0.5833	1.6084	0.4444	3.3676	0.3333	1.7952	0.5278	1.3818	0.5278		0.5238
1.1255	0.5833	0.8139	0.6667	0.9873	0.5833	1.3218	0.5833	3.7146	0.3611	2.0603	0.4444	1.0728	0.5556		0.5397
1.0938	0.6111	0.9487	0.6111	1.1848	0.6389	1.7741	0.6111	3.8126	0.3611	1.8355	0.3889	1.1721	0.5833		0.5437
1.2284	0.5278	0.9825	0.6944	0.9640	0.6667	1.3274	0.6111	3.8097	0.3611	2.1109	0.4722	1.2198	0.6111		0.5635
prob_accuracy:0.5833

