    18      0      0      0      0      0      0      0      0      0      0      0
     0     17      0      0      0      0      0      0      0      1      0      0
     0      0     18      0      0      0      0      0      0      0      0      0
     0      1      0     11      6      0      0      0      0      0      0      0
     1      0      0      0     16      0      0      0      0      0      0      1
     0      0      0      0      0     18      0      0      0      0      0      0
     0      0      0      0      0      0     18      0      0      0      0      0
     0     10      0      0      0      0      0      0      8      0      0      0
     0      9      0      0      0      0      0      0      8      1      0      0
     0     10      0      0      0      0      0      0      0      8      0      0
     0      0      0      4      4      0      1      0      0      0      8      1
     0      0      0      0      6      0      0      0      0      0      0     12
