     0      0      0     15      0      0      0      0      0      0      0      0
     0      8      0      0      0      0      0      0      4      3      0      0
     0      0     11      2      0      0      2      0      0      0      0      0
     0      0      0     15      0      0      0      0      0      0      0      0
     0      0      0      6      9      0      0      0      0      0      0      0
     0      0      0      9      0      4      0      0      0      0      0      2
     0      0      0     15      0      0      0      0      0      0      0      0
     0      0      0      0      0      0      0      0     13      2      0      0
     0      2      0      0      0      0      0      0     11      2      0      0
     0      3      0      0      0      0      0      0      6      6      0      0
     0      0      0     15      0      0      0      0      0      0      0      0
     0      0      0      8      7      0      0      0      0      0      0      0
