    11      0      0      0      1      2      0      0      0      2      0      2
     0      0      0      0      0      0      0      0      0     18      0      0
     0      0     13      0      0      0      5      0      0      0      0      0
     0      0      0     14      1      1      1      0      0      0      0      1
     0      0      0      1     14      0      2      0      0      0      0      1
     0      0      0      0      0      6     12      0      0      0      0      0
     0      0      0      0      0      0     18      0      0      0      0      0
     0      0      0      0      0      0      0      8      0     10      0      0
     0      0      0      0      0      0      0      0      7     11      0      0
     0      0      0      0      0      0      0      0      0     18      0      0
     0      0      0     11      0      0      6      0      0      0      0      1
     0      0      0      3      9      0      0      0      0      0      0      6
