    45      0      0      0      0      0      0      0      0      0      0      0
     0     41      0      0      0      0      0      0      0      4      0      0
     0      0     45      0      0      0      0      0      0      0      0      0
     0      0      0     39      0      0      0      0      0      0      6      0
     2      0      0      0     42      0      0      0      0      0      0      1
     0      0      0      0      0     45      0      0      0      0      0      0
     0      0      0      0      0      0     45      0      0      0      0      0
     0      0      0      0      0      0      0     44      1      0      0      0
     0      0      0      0      0      0      0      0     43      2      0      0
     0      4      0      0      0      0      0      1      0     40      0      0
     0      0      0      0      0      0      0      0      0      0     44      1
     1      0      0      0      1      0      0      0      0      0      0     43
