    45      0      0      0      0      0      0      0      0      0      0      0
     0     29      0      0      0      0      0      1      5     10      0      0
     0      0     45      0      0      0      0      0      0      0      0      0
     0      0      0     40      0      0      0      0      0      0      5      0
     3      0      0     11     26      5      0      0      0      0      0      0
     0      0      0      0      0     45      0      0      0      0      0      0
     0      0      0      0      0     18     27      0      0      0      0      0
     0      2      0      0      0      0      0     33      9      1      0      0
     0      0      0      0      0      0      0      3     41      1      0      0
     0      7      0      0      0      0      0      0      7     31      0      0
     0      0      0     34      1      0      0      0      0      0     10      0
     6      0      0     12     25      0      0      0      0      1      1      0
