     0     13      4      0      1      0      0      0      0      0      0      0
     0     18      0      0      0      0      0      0      0      0      0      0
     0      0     18      0      0      0      0      0      0      0      0      0
     0      0      0     15      3      0      0      0      0      0      0      0
     0      0      1      3     12      0      0      0      2      0      0      0
     0      5     12      0      0      0      0      0      1      0      0      0
     0      0     15      0      0      0      2      0      0      0      0      1
     0     13      0      5      0      0      0      0      0      0      0      0
     0     15      0      0      0      0      0      0      3      0      0      0
     0     18      0      0      0      0      0      0      0      0      0      0
     0      0      0     15      3      0      0      0      0      0      0      0
     0      0      0      3     10      0      0      0      3      0      0      2
