    90      0      0      0      0      0      0      0      0      0      0      0
     0     71      0      0      0      0      0      0      5     14      0      0
     0      0     90      0      0      0      0      0      0      0      0      0
     0      0      0     76      0      0      0      0      0      0     14      0
     0      0      0      0     74      0      0      0      0      0      0     16
     0      0      0      0      0     89      1      0      0      0      0      0
     0      0      0      0      0      2     88      0      0      0      0      0
     0      1      0      0      0      0      0     87      0      2      0      0
     0      3      0      0      0      0      0      0     79      8      0      0
     0      5      0      0      0      0      0      1      3     81      0      0
     0      0      0      3      0      0      0      0      0      0     84      3
     0      0      0      0     13      0      0      0      0      0      0     77
