output/table_26Jan2019_fc6_1024_fc7_1024/K1_K5_2019-01-26_12.56

fc6_linear
Binh 		Giang		Hung 		Tan  		Thuan		Final accuracy
loss	acc 	loss	acc 	loss	acc 	loss	acc 	loss	acc 	
3.4982	0.2074	4.9734	0.3238	4.5611	0.4267	5.8102	0.2000	4.6393	0.3083		0.2932
2.4124	0.2296	3.3298	0.3429	2.2085	0.3867	3.1793	0.4900	3.2409	0.5250		0.3948
2.4200	0.2444	3.0012	0.3810	2.0760	0.3933	3.0836	0.5300	2.9953	0.5417		0.4181
2.3319	0.2667	2.8617	0.3619	1.9934	0.4267	3.0357	0.5200	3.0901	0.5417		0.4234
2.4018	0.2667	2.8834	0.3714	1.9630	0.4333	3.0918	0.5300	3.0883	0.5417		0.4286
2.3897	0.2593	2.8857	0.3714	1.9785	0.4333	2.9872	0.5300	3.0497	0.5417		0.4271
2.3864	0.2593	2.8747	0.3810	1.9644	0.4333	2.9977	0.5300	3.0346	0.5417		0.4290
fc6_linear_accuracy:0.4290

fc6_rbf
Binh 		Giang		Hung 		Tan  		Thuan		Final accuracy
loss	acc 	loss	acc 	loss	acc 	loss	acc 	loss	acc 	
3.7237	0.3778	4.2865	0.3333	3.1582	0.5600	4.5171	0.4100	3.0387	0.3750		0.4112
2.4773	0.4000	3.5973	0.3238	1.9462	0.4867	3.2400	0.5900	3.1378	0.5417		0.4684
2.3863	0.4000	3.1017	0.2952	1.9627	0.4400	3.0988	0.5400	2.7045	0.6583		0.4667
2.3394	0.3852	2.9473	0.3238	1.9318	0.4667	2.9994	0.5300	2.7518	0.5417		0.4495
2.3364	0.4000	2.8505	0.3238	1.7244	0.4800	2.9701	0.5300	2.8496	0.5417		0.4551
2.3345	0.3852	2.8255	0.3238	1.8260	0.4667	2.9385	0.5300	2.8356	0.5417		0.4495
2.3214	0.3778	2.8664	0.3238	1.8570	0.4600	2.8911	0.5400	2.8051	0.5417		0.4487
fc6_rbf_accuracy:0.4684

fc7_linear
Binh 		Giang		Hung 		Tan  		Thuan		Final accuracy
loss	acc 	loss	acc 	loss	acc 	loss	acc 	loss	acc 	
3.4151	0.3630	5.2186	0.3619	2.8618	0.3067	5.9705	0.2000	4.5119	0.2667		0.2996
1.9450	0.4741	3.0178	0.3905	1.8261	0.4267	2.8601	0.5100	2.8336	0.5167		0.4636
2.0793	0.4148	2.7792	0.3905	1.7378	0.4533	2.8741	0.5500	2.6028	0.5333		0.4684
2.1080	0.4000	2.6983	0.3810	1.7330	0.4600	2.9196	0.5300	2.6992	0.5250		0.4592
2.1239	0.3926	2.6415	0.3905	1.6975	0.4667	2.9385	0.5300	2.7474	0.5250		0.4609
2.1375	0.3778	2.6835	0.3810	1.7035	0.4667	2.8596	0.5400	2.7066	0.5333		0.4597
2.1585	0.3704	2.6512	0.3810	1.6976	0.4667	2.8551	0.5400	2.6865	0.5250		0.4566
fc7_linear_accuracy:0.4684

fc7_rbf
Binh 		Giang		Hung 		Tan  		Thuan		Final accuracy
loss	acc 	loss	acc 	loss	acc 	loss	acc 	loss	acc 	
2.7677	0.4815	4.4489	0.3905	2.6083	0.4067	5.1737	0.2100	3.2193	0.3083		0.3594
2.2520	0.4370	3.2585	0.3429	1.8078	0.4533	3.0225	0.5200	2.9756	0.5083		0.4523
2.2050	0.3704	2.7840	0.3619	1.6957	0.4600	2.8629	0.5300	2.3861	0.6083		0.4661
2.2260	0.3556	2.7076	0.3524	1.6923	0.4600	2.8108	0.5200	2.6139	0.5250		0.4426
2.2459	0.3407	2.6477	0.3619	1.6240	0.4800	2.8092	0.5300	2.4468	0.5917		0.4609
2.2510	0.3407	2.6713	0.3619	1.6404	0.4733	2.8142	0.5300	2.4932	0.5250		0.4462
2.2385	0.3407	2.6570	0.3619	1.6317	0.4733	2.7854	0.5300	2.4962	0.5250		0.4462
fc7_rbf_accuracy:0.4661

prob
Binh 		Giang		Hung 		Tan  		Thuan		Final accuracy
loss	acc 	loss	acc 	loss	acc 	loss	acc 	loss	acc 	
1.5143	0.2593	1.3974	0.4190	1.4655	0.3133	1.7082	0.3500	1.6032	0.3083		0.3300
2.8579	0.3630	2.2972	0.4381	1.8526	0.4533	3.4822	0.5000	2.5413	0.5250		0.4559
3.1834	0.3556	2.7012	0.4000	2.3125	0.4600	4.0044	0.5300	3.1849	0.5250		0.4541
3.8222	0.2741	2.8161	0.4381	2.3309	0.4733	4.2977	0.5100	3.4140	0.5333		0.4458
3.7818	0.3185	2.9985	0.4286	2.5876	0.4600	4.3412	0.5500	3.5240	0.5333		0.4581
3.8641	0.3111	3.0342	0.4190	2.4701	0.4867	4.4987	0.5400	3.6566	0.5333		0.4580
3.9835	0.2815	3.0640	0.4190	2.5603	0.4800	4.5809	0.5400	3.6764	0.5333		0.4508
prob_accuracy:0.4581

