    18      0      0      0      0      0      0      0      0      0      0      0
     0     15      0      0      0      0      0      1      0      2      0      0
     0      0     18      0      0      0      0      0      0      0      0      0
     0      0      0     17      1      0      0      0      0      0      0      0
     0      0      0      0     18      0      0      0      0      0      0      0
     0      0      0      0      0      7     11      0      0      0      0      0
     0      0      0      0      0      0     18      0      0      0      0      0
     0      0      0      0      0      0      0     17      1      0      0      0
     0      0      0      0      0      0      0      0     18      0      0      0
     0      3      0      0      0      0      0      0      0     15      0      0
     0      0      0      3      0      0      0      0      0      0     12      3
     0      0      0      0     12      0      0      0      0      0      0      6
