     9      0      0      9      0      0      0      0      0      0      0      0
     0     18      0      0      0      0      0      0      0      0      0      0
     0      0     18      0      0      0      0      0      0      0      0      0
     0      0      0     15      3      0      0      0      0      0      0      0
     0      0      0      0      9      0      0      0      0      0      3      6
     0      0      0      1      0      0     17      0      0      0      0      0
     0      0      0      0      0      0     18      0      0      0      0      0
     0     15      0      0      0      0      0      1      0      2      0      0
     0      2      0      0      0      0      0      1      3     12      0      0
     0     12      0      0      0      0      0      0      0      6      0      0
     0      0      0      7      3      0      0      0      0      0      8      0
     0      0      0      0      5      0      0      0      0      0      3     10
