     2      0      0      0     13      0      0      0      0      0      0      0
     0      2      0      0      0      0      0      1      0     12      0      0
     0      0     14      1      0      0      0      0      0      0      0      0
     0      0      3      9      0      2      0      0      0      0      1      0
     0      0      2      4      9      0      0      0      0      0      0      0
     0      0      3      0      0     12      0      0      0      0      0      0
     0      0      3      0      0      8      4      0      0      0      0      0
     0      0      0      0      0      0      0      2      0     13      0      0
     0      0      0      0      0      0      0      1      5      9      0      0
     0      0      0      0      0      0      0      0      0     15      0      0
     0      0      4      8      0      0      0      1      0      0      2      0
     0      0      3      0     11      1      0      0      0      0      0      0
