    13      0      0      2      0      0      0      0      0      0      0      0
     0      5      0      0      0      0      0      0      2      8      0      0
     0      0     15      0      0      0      0      0      0      0      0      0
     0      0      0     15      0      0      0      0      0      0      0      0
     0      0      0      5     10      0      0      0      0      0      0      0
     0      0      0      0      6      2      6      0      1      0      0      0
     0      0      0      3      0      0     12      0      0      0      0      0
     0      0      0      0      0      0      0      1      6      8      0      0
     0      0      0      0      0      0      0      0      8      7      0      0
     0      0      0      0      0      0      0      0      1     14      0      0
     0      0      0      9      0      0      0      0      0      0      6      0
     0      0      0      1     10      0      0      0      0      0      0      4
