    18      0      0      0      0      0      0      0      0      0      0      0
     0      0      0      0      0      0      0      1      0     17      0      0
     0      0     18      0      0      0      0      0      0      0      0      0
     0      0      0     16      2      0      0      0      0      0      0      0
     0      0      0      0     18      0      0      0      0      0      0      0
     0      0      0      0      0     18      0      0      0      0      0      0
     0      0      0      0      0      2     16      0      0      0      0      0
     0      0      0      0      0      0      0     11      1      6      0      0
     0      0      0      0      0      0      0      0     17      1      0      0
     0      0      0      0      0      0      0      0      0     18      0      0
     0      0      0     11      2      0      0      0      0      0      5      0
     0      0      0      0     16      0      0      0      0      0      0      2
