    90      0      0      0      0      0      0      0      0      0      0      0
     0     75      0      0      0      0      0      2      3     10      0      0
     0      0     90      0      0      0      0      0      0      0      0      0
     0      0      0     57      0      0      0      0      0      0     33      0
     0      0      0      0     81      0      0      0      0      0      0      9
     0      0      0      0      0     88      2      0      0      0      0      0
     0      0      0      0      0      0     90      0      0      0      0      0
     0      1      0      0      0      0      0     87      0      2      0      0
     0      1      0      0      0      0      0      1     80      8      0      0
     0      4      0      0      0      0      0      2      3     81      0      0
     0      0      0      6      0      0      1      0      0      0     82      1
     0      0      0      0     16      0      0      0      0      0      0     74
