    90      0      0      0      0      0      0      0      0      0      0      0
     0     90      0      0      0      0      0      0      0      0      0      0
     0      0     90      0      0      0      0      0      0      0      0      0
     0      0      0     88      0      0      0      0      0      0      2      0
     0      0      0      0     90      0      0      0      0      0      0      0
     0      0      0      0      0     90      0      0      0      0      0      0
     0      0      0      0      0      0     90      0      0      0      0      0
     0      0      0      0      0      0      0     90      0      0      0      0
     0      0      0      0      0      0      0      0     90      0      0      0
     0      0      0      0      0      0      0      0      0     90      0      0
     0      0      0      2      0      0      0      0      0      0     88      0
     0      0      0      0      0      0      0      0      0      0      0     90
