    90      0      0      0      0      0      0      0      0      0      0      0
     0     65      0      0      0      0      0     10      3     12      0      0
     0      0     90      0      0      0      0      0      0      0      0      0
     0      0      0     51      0      0      0      0      0      0     39      0
     0      0      0      0     73      0      0      0      0      0      0     17
     0      0      0      0      0     87      3      0      0      0      0      0
     0      0      0      0      0      1     89      0      0      0      0      0
     0      3      0      0      0      0      0     82      0      5      0      0
     0      1      0      0      0      0      0      2     74     13      0      0
     0      5      0      0      0      0      0      2      2     81      0      0
     0      0      0      8      0      0      0      0      0      0     78      4
     0      0      0      0     22      0      0      0      0      0      0     68
