    90      0      0      0      0      0      0      0      0      0      0      0
     0     17      0      0      0      0      0      0      0     73      0      0
     0      0     90      0      0      0      0      0      0      0      0      0
     0      0      0     21      0      0      0      0      0      0     68      1
     0      0      0      0     36      0      0      0      0      0      1     53
     0      0      0      0      0     88      2      0      0      0      0      0
     0      0      0      0      0      7     83      0      0      0      0      0
     0      3      0      0      1      0      0     18      3     65      0      0
     0      0      0      0      0      0      0      0     32     58      0      0
     0      0      0      0      0      0      0      0      0     90      0      0
     0      0      0      5      0      0      0      0      0      0     80      5
     0      0      0      0      5      0      0      0      0      0      0     85
