    43      0      0      1      0      1      0      0      0      0      0      0
     0     27      0      0      0      0      0      2      0     16      0      0
     0      0     45      0      0      0      0      0      0      0      0      0
     0      0      0     45      0      0      0      0      0      0      0      0
     0      0      0      0     21      0      1      0      0      0      0     23
     0      0      0      0      0     44      1      0      0      0      0      0
     0      0      0      0      0      0     45      0      0      0      0      0
     0      1      0      0      0      0      0     40      2      2      0      0
     0      0      0      0      0      0      0      0     45      0      0      0
     0      0      0      0      0      0      0      0      0     45      0      0
     0      0      0     45      0      0      0      0      0      0      0      0
     0      0      0      0      0      0      0      0      0      0      0     45
