     0      8      0      0      5      0      0      0      5      0      0      0
     0     17      0      0      0      0      0      0      1      0      0      0
     0      0     18      0      0      0      0      0      0      0      0      0
     0      0      0     18      0      0      0      0      0      0      0      0
     0      0      0      2      9      0      0      0      0      0      0      7
     0      3      2      1      1      6      0      0      3      0      0      2
     0      0      6      9      0      0      0      0      0      0      0      3
     0     18      0      0      0      0      0      0      0      0      0      0
     0     12      0      0      0      0      0      0      6      0      0      0
     0     18      0      0      0      0      0      0      0      0      0      0
     0      0      0     18      0      0      0      0      0      0      0      0
     0      0      0      3      8      0      0      0      0      0      0      7
