    11      0      0      0      4      0      1      0      0      0      0      2
     0      1      0      0      0      0      0      1      0     16      0      0
     0      0      1      0      8      0      8      0      0      0      0      1
     0      0      0      6      2      0      8      0      0      0      0      2
     0      0      0      0     12      0      0      0      0      0      0      6
     0      0      0      0      0      5     13      0      0      0      0      0
     0      0      0      0      0      0     18      0      0      0      0      0
     0      0      0      0      0      0      1      1      0     16      0      0
     0      0      0      0      0      0      3      0      7      8      0      0
     0      0      0      0      0      0      0      0      0     18      0      0
     0      0      0      4      3      0      4      1      0      0      0      6
     0      0      0      0     13      0      1      0      0      0      0      4
