    12      0      0      0      3      0      0      0      0      0      0      3
     0      0      0      0      0      0      0      4      0     14      0      0
     0      0      3      0      0      0      3      0      0      0      0     12
     0      0      0      3      1      0      5      0      0      0      3      6
     0      0      0      0      0      0      2      0      0      0      0     16
     0      0      0      0      0      0     18      0      0      0      0      0
     0      0      0      0      0      0     18      0      0      0      0      0
     0      0      0      0      0      0      1      6      0     11      0      0
     0      1      0      0      0      0      3      0      5      9      0      0
     0      0      0      0      0      0      0      1      0     17      0      0
     0      0      0      1      0      0      4      1      0      0      1     11
     0      0      0      0      0      0      0      0      0      0      0     18
