output/result/K3_K3_2019-05-14_20.45

fc6_linear
Giang		Hai  		Long 		Minh 		Thuy 		Tuyen		Final accuracy
loss	acc 	loss	acc 	loss	acc 	loss	acc 	loss	acc 	loss	acc 	
1.4825	0.5463	1.3669	0.6852	0.7900	0.7315	1.2203	0.6389	1.3421	0.7130	1.0972	0.7407		0.6759
1.5253	0.5556	1.2637	0.7407	0.6542	0.8148	1.1416	0.6389	1.0184	0.7037	0.6244	0.8056		0.7099
1.5752	0.5833	1.1630	0.7500	0.6426	0.7593	0.9960	0.6481	1.3553	0.7037	0.5715	0.8426		0.7145
1.6133	0.5463	1.3748	0.6759	0.6270	0.8148	1.2625	0.6389	1.4737	0.6852	0.5924	0.8704		0.7052
1.7140	0.5278	1.1810	0.7222	0.6107	0.8148	1.0952	0.6204	1.3561	0.7130	0.6882	0.8241		0.7037
1.5620	0.5463	1.1541	0.7222	0.5782	0.8333	1.0797	0.6389	1.3462	0.7037	0.6453	0.8426		0.7145
fc6_linear_accuracy:0.7330

fc6_rbf
Giang		Hai  		Long 		Minh 		Thuy 		Tuyen		Final accuracy
loss	acc 	loss	acc 	loss	acc 	loss	acc 	loss	acc 	loss	acc 	
1.5069	0.5833	1.0148	0.6667	0.7018	0.7500	1.0323	0.6204	1.2334	0.6111	0.9040	0.6667		0.6497
1.2230	0.5833	1.0172	0.7685	0.6575	0.7778	0.9452	0.5926	1.0096	0.6481	0.8095	0.7685		0.6898
1.1754	0.5741	0.9257	0.7500	0.6806	0.7870	0.8112	0.6019	1.0802	0.7037	0.6081	0.8148		0.7052
1.0843	0.5741	1.0103	0.7037	0.5749	0.7963	0.9006	0.6111	1.0287	0.7130	0.6563	0.7685		0.6944
1.2759	0.5833	0.9486	0.7407	0.5721	0.7963	0.8226	0.6204	1.0584	0.7222	0.6015	0.7685		0.7052
1.2593	0.5833	0.9890	0.6944	0.5619	0.7870	0.8235	0.5741	1.0329	0.7037	0.6031	0.7778		0.6867
fc6_rbf_accuracy:0.7176

fc7_linear
Giang		Hai  		Long 		Minh 		Thuy 		Tuyen		Final accuracy
loss	acc 	loss	acc 	loss	acc 	loss	acc 	loss	acc 	loss	acc 	
1.3392	0.5926	1.3147	0.6481	0.8799	0.7037	1.3069	0.6481	1.4468	0.7222	1.2068	0.6481		0.6605
1.3998	0.5926	1.1255	0.7593	0.7866	0.7407	0.8395	0.6852	1.2305	0.7593	0.7427	0.7685		0.7176
1.6291	0.5556	1.0915	0.7870	0.6994	0.7407	0.8691	0.7037	1.4175	0.7037	0.5113	0.8426		0.7222
1.6247	0.5741	1.1585	0.7407	0.5822	0.8241	0.9366	0.6759	1.4314	0.7037	0.6124	0.8519		0.7284
1.7571	0.5648	1.0134	0.7685	0.6039	0.8148	0.9854	0.6111	1.3313	0.6944	0.5818	0.8426		0.7160
1.7160	0.5463	0.9990	0.7593	0.5805	0.8241	0.9180	0.6574	1.4292	0.6944	0.5879	0.8519		0.7222
fc7_linear_accuracy:0.7531

fc7_rbf
Giang		Hai  		Long 		Minh 		Thuy 		Tuyen		Final accuracy
loss	acc 	loss	acc 	loss	acc 	loss	acc 	loss	acc 	loss	acc 	
1.4443	0.6019	1.0811	0.6944	0.7082	0.7685	1.0712	0.6204	1.2397	0.6296	0.9989	0.6574		0.6620
1.2069	0.6389	0.9789	0.7778	0.6681	0.7778	0.8732	0.5926	0.9688	0.6574	0.7873	0.7593		0.7006
1.1406	0.5926	0.9069	0.7685	0.6457	0.7685	0.7471	0.6574	1.0154	0.7130	0.5967	0.7778		0.7130
1.0598	0.6111	1.0386	0.6667	0.5344	0.7778	0.8337	0.6019	0.9721	0.7130	0.6253	0.7593		0.6883
1.1943	0.6481	0.9312	0.7130	0.5593	0.8056	0.7594	0.6389	1.0670	0.7222	0.5717	0.7778		0.7176
1.2502	0.6019	0.9420	0.7130	0.5487	0.8056	0.7239	0.6389	1.0263	0.7222	0.5498	0.7870		0.7114
fc7_rbf_accuracy:0.7330

prob
Giang		Hai  		Long 		Minh 		Thuy 		Tuyen		Final accuracy
loss	acc 	loss	acc 	loss	acc 	loss	acc 	loss	acc 	loss	acc 	
1.7497	0.3056	1.5986	0.3333	1.6502	0.3333	1.6156	0.3981	1.8280	0.3796	1.3645	0.4722		0.3704
1.1192	0.5741	1.0204	0.6204	0.8484	0.6389	0.9591	0.6296	0.9362	0.6019	0.7602	0.7222		0.6312
1.0488	0.5741	1.1692	0.6111	0.6660	0.7315	0.7553	0.6944	0.8243	0.6389	0.5977	0.7407		0.6651
0.8131	0.6667	1.1404	0.6389	0.4806	0.7870	0.9829	0.6296	0.7371	0.7037	0.4770	0.7407		0.6944
1.2618	0.5556	1.0114	0.6481	0.8678	0.7685	1.0225	0.6389	1.0337	0.7037	0.4605	0.7963		0.6852
1.0888	0.6296	1.0072	0.6944	0.5454	0.7963	0.8097	0.6296	0.8070	0.7037	0.4219	0.7778		0.7052
prob_accuracy:0.7253

