    18      0      0      0      0      0      0      0      0      0      0      0
     0     12      0      0      0      0      0      0      0      6      0      0
     0      0     18      0      0      0      0      0      0      0      0      0
     0      0      0     15      3      0      0      0      0      0      0      0
     0      0      0      0     18      0      0      0      0      0      0      0
     0      0      0      0      0     18      0      0      0      0      0      0
     0      0      0      0      0      2     16      0      0      0      0      0
     0      0      0      0      0      0      0     17      0      1      0      0
     0      0      0      0      0      0      0      0     18      0      0      0
     0      0      0      0      0      0      0      0      0     18      0      0
     0      0      0     14      2      0      0      0      0      0      2      0
     0      0      0      0     17      0      0      0      0      0      0      1
