     9      3      0      1      0      0      5      0      0      0      0      0
     0      6      0      0      0      0      0      0      0     12      0      0
     0      0     12      0      0      0      5      1      0      0      0      0
     0      0      0     12      0      0      6      0      0      0      0      0
     0      0      0      0      7      0      2      0      0      0      0      9
     0      0      0      0      0      0     18      0      0      0      0      0
     0      0      0      0      0      0     18      0      0      0      0      0
     0      3      0      0      0      0      0      1      0     14      0      0
     0      1      0      0      0      0      1      1      7      8      0      0
     0      3      0      0      0      0      0      0      0     15      0      0
     0      0      0      3      0      0      5      0      0      0     10      0
     0      0      0      0      1      0      1      0      0      0      0     16
