    15      0      0      0      0      0      0      0      0      0      0      0
     0     10      0      0      0      0      0      1      0      4      0      0
     0      0     11      0      1      2      1      0      0      0      0      0
     0      0      0      7      0      6      1      1      0      0      0      0
     0      0      0      0      9      6      0      0      0      0      0      0
     0      0      0      0      0     15      0      0      0      0      0      0
     0      0      0      0      0     14      1      0      0      0      0      0
     0      1      0      0      0      0      0      4      2      8      0      0
     0      2      0      0      0      0      0      0     13      0      0      0
     0      6      0      0      0      0      0      0      0      9      0      0
     0      0      0      8      0      5      2      0      0      0      0      0
     0      0      0      0      7      8      0      0      0      0      0      0
