output/result/K5_K1_2019-02-01_01.52

fc6_linear
Giang		Hai  		Long 		Minh 		Thuan		Thuy 		Tuyen		Final accuracy
loss	acc 	loss	acc 	loss	acc 	loss	acc 	loss	acc 	loss	acc 	loss	acc 	
5.1626	0.1667	6.2081	0.1389	6.1782	0.2500	4.3581	0.1389	6.9700	0.0833	4.4985	0.1389	7.6786	0.0833		0.1429
5.6676	0.1111	4.5370	0.2500	4.4172	0.3056	4.3642	0.2500	4.6992	0.1111	5.3890	0.1111	4.9114	0.1667		0.1865
3.9804	0.2500	4.8288	0.1389	3.9776	0.1667	4.0735	0.3333	3.9557	0.1389	4.6046	0.1111	5.6288	0.0833		0.1746
4.5244	0.1944	4.0218	0.1667	4.4453	0.2500	3.8846	0.0833	4.9123	0.0833	4.0740	0.1667	5.6734	0.0833		0.1468
3.7670	0.2500	3.5371	0.2500	4.6973	0.1111	2.8481	0.1111	4.0151	0.1111	3.8228	0.1667	5.2580	0.0833		0.1548
3.8765	0.2222	3.6851	0.2222	4.6329	0.1667	3.0083	0.1389	5.4204	0.0833	3.8173	0.1944	5.0723	0.0833		0.1587
fc6_linear_accuracy:0.2341

fc6_rbf
Giang		Hai  		Long 		Minh 		Thuan		Thuy 		Tuyen		Final accuracy
loss	acc 	loss	acc 	loss	acc 	loss	acc 	loss	acc 	loss	acc 	loss	acc 	
3.1404	0.2500	3.7658	0.1944	3.9257	0.2500	3.2488	0.2778	4.8967	0.0833	3.1963	0.1667	5.4192	0.0833		0.1865
3.5710	0.1667	2.8215	0.2500	3.4480	0.3333	2.9108	0.2500	3.3026	0.1944	3.2484	0.1111	3.7203	0.0833		0.1984
3.0844	0.2500	3.0235	0.1944	3.0042	0.3333	2.4083	0.2778	3.0162	0.3056	2.8939	0.1667	3.7171	0.0833		0.2302
2.6899	0.2500	3.9095	0.0833	3.2892	0.2500	2.5458	0.1944	3.3707	0.2500	2.8641	0.1944	3.5675	0.1667		0.1984
3.3229	0.2500	3.1643	0.2500	3.4161	0.3056	2.4550	0.1667	3.5927	0.1389	3.1019	0.2222	3.1460	0.3333		0.2381
3.4395	0.2778	3.1446	0.2222	3.2960	0.2500	2.4303	0.2222	3.6301	0.0833	2.8385	0.1944	3.3010	0.1111		0.1944
fc6_rbf_accuracy:0.2857

fc7_linear
Giang		Hai  		Long 		Minh 		Thuan		Thuy 		Tuyen		Final accuracy
loss	acc 	loss	acc 	loss	acc 	loss	acc 	loss	acc 	loss	acc 	loss	acc 	
5.2314	0.2222	4.8733	0.2500	4.4519	0.2500	4.1125	0.1944	5.8773	0.1111	4.3243	0.0833	5.4843	0.1389		0.1786
5.4732	0.0833	4.2804	0.2500	4.3061	0.1389	3.9227	0.2500	3.6718	0.3056	4.6329	0.1944	4.3877	0.1389		0.1944
4.7128	0.2222	4.6729	0.2778	3.6900	0.1944	2.6443	0.3056	3.9940	0.1389	3.9844	0.2222	4.4843	0.0833		0.2063
4.0422	0.2222	3.6534	0.2222	3.8937	0.1667	3.1579	0.2500	4.3071	0.1389	4.1095	0.2222	4.5777	0.0833		0.1865
4.0384	0.2222	3.5715	0.2222	3.7468	0.1389	2.7450	0.1944	4.2535	0.1111	3.8168	0.2222	4.2439	0.0833		0.1706
4.0124	0.2222	3.5357	0.2500	3.3721	0.1389	2.7422	0.1667	4.2052	0.1944	3.7983	0.2222	4.1340	0.0833		0.1825
fc7_linear_accuracy:0.2460

fc7_rbf
Giang		Hai  		Long 		Minh 		Thuan		Thuy 		Tuyen		Final accuracy
loss	acc 	loss	acc 	loss	acc 	loss	acc 	loss	acc 	loss	acc 	loss	acc 	
3.2263	0.2778	3.3682	0.2778	3.4022	0.2500	3.2905	0.1944	4.2176	0.1111	2.8884	0.1667	3.9327	0.1667		0.2063
2.8710	0.2500	2.8773	0.1944	2.9404	0.1944	2.6200	0.2778	3.1318	0.2778	2.8232	0.2222	3.2006	0.2500		0.2381
3.1493	0.1944	2.7853	0.2500	3.5523	0.1389	2.5544	0.2222	2.7889	0.2500	2.9637	0.2222	3.0428	0.1944		0.2103
3.1612	0.2778	2.9719	0.2500	2.9668	0.2500	2.5020	0.2500	3.4837	0.2222	3.0197	0.2500	2.8474	0.2222		0.2460
3.3343	0.2500	3.2989	0.2500	3.0472	0.2500	2.5348	0.2222	3.8830	0.2222	3.2052	0.2500	3.4977	0.1944		0.2341
3.2699	0.2222	3.2013	0.2222	3.0047	0.2778	2.6430	0.2500	3.6663	0.2500	2.9886	0.2500	3.4423	0.1944		0.2381
fc7_rbf_accuracy:0.2698

prob
Giang		Hai  		Long 		Minh 		Thuan		Thuy 		Tuyen		Final accuracy
loss	acc 	loss	acc 	loss	acc 	loss	acc 	loss	acc 	loss	acc 	loss	acc 	
2.4595	0.0833	2.4873	0.0833	2.4294	0.0833	2.4671	0.1389	2.5060	0.0833	2.4672	0.0833	2.4852	0.0833		0.0913
2.9534	0.1667	3.1035	0.1667	2.8073	0.1667	2.8616	0.1389	3.4921	0.1389	2.4891	0.1667	3.2074	0.1667		0.1587
3.9724	0.1667	3.6140	0.2500	3.4266	0.2222	3.0538	0.2222	4.5809	0.1389	3.0110	0.1944	3.8282	0.1389		0.1905
5.2670	0.1667	4.8730	0.2500	3.7020	0.2222	3.6064	0.1944	5.0573	0.1389	3.7603	0.2500	4.1929	0.1667		0.1984
4.6580	0.1667	5.7174	0.2222	4.2717	0.2222	3.3332	0.2500	6.4518	0.1111	4.4295	0.2500	4.7198	0.1667		0.1984
4.6086	0.2222	5.0881	0.2778	3.9669	0.2222	3.4669	0.2500	5.7900	0.1389	4.3457	0.3056	4.5755	0.1667		0.2262
prob_accuracy:0.2262

