    18      0      0      0      0      0      0      0      0      0      0      0
     0      9      0      0      0      0      0      6      0      3      0      0
     0      0     18      0      0      0      0      0      0      0      0      0
     0      0      0     14      0      0      0      0      0      0      4      0
     0      0      0      0      0      0      0      0      0      0      0     18
     0      0      0      0      0     17      1      0      0      0      0      0
     0      0      0      0      0      0     18      0      0      0      0      0
     0      0      0      0      0      0      0     17      1      0      0      0
     0      0      0      0      0      0      0      0     18      0      0      0
     0      4      0      0      0      0      0      2      0     12      0      0
     0      0      0      0      0      0      0      0      0      0     18      0
     0      0      0      0      0      0      0      0      0      0      0     18
