    45      0      0      0      0      0      0      0      0      0      0      0
     0     27      0      0      0      0      0      0      3     15      0      0
     0      0     45      0      0      0      0      0      0      0      0      0
     0      0      0     44      0      0      0      0      0      0      1      0
     0      0      0      0     44      1      0      0      0      0      0      0
     0      0      0      0      0     45      0      0      0      0      0      0
     0      0      0      0      0     34     11      0      0      0      0      0
     0      6      0      0      0      0      0     31      4      4      0      0
     0      1      0      0      0      0      0      2     39      3      0      0
     0      1      0      0      0      0      0      0      0     44      0      0
     0      0      0     19      1      0      0      0      0      0     25      0
     1      0      0      4     35      0      0      0      0      1      1      3
