output/result_backup/table_2019_02_12_original_pre_3_12gestures_fc6_1024_fc7_1024_from_pretrained/K3_K3_2019-02-10_17.45

fc6_linear
Giang		Hai  		Long 		Minh 		Thuan		Thuy 		Tuyen		Final accuracy
loss	acc 	loss	acc 	loss	acc 	loss	acc 	loss	acc 	loss	acc 	loss	acc 	
1.1725	0.5278	1.5047	0.6944	0.7987	0.6944	1.6400	0.6667	4.2643	0.1944	1.6096	0.5556	1.0434	0.6944		0.5754
1.4701	0.4722	1.1798	0.6667	0.7339	0.7778	2.0271	0.6667	3.6193	0.3889	1.2803	0.6944	1.0278	0.6389		0.6151
1.2554	0.5278	1.4494	0.6111	0.5841	0.8056	1.2576	0.7500	3.4424	0.3889	1.0795	0.7778	1.0538	0.6944		0.6508
1.3375	0.5000	1.1693	0.6667	0.5674	0.7778	1.3490	0.6667	3.0213	0.4167	1.1112	0.7500	0.9174	0.6667		0.6349
1.2062	0.6111	1.0159	0.6944	0.6041	0.7778	1.4044	0.6667	2.7524	0.4167	1.0365	0.7500	0.8151	0.6944		0.6587
1.3220	0.5278	0.8937	0.7222	0.5851	0.8056	1.3162	0.6944	2.7695	0.4167	0.9763	0.7500	0.8827	0.6944		0.6587
fc6_linear_accuracy:0.6825

fc6_rbf
Giang		Hai  		Long 		Minh 		Thuan		Thuy 		Tuyen		Final accuracy
loss	acc 	loss	acc 	loss	acc 	loss	acc 	loss	acc 	loss	acc 	loss	acc 	
1.3190	0.5833	1.0185	0.6667	0.8991	0.6667	1.1000	0.7222	2.6745	0.2500	1.0633	0.6389	1.0528	0.6667		0.5992
1.1917	0.6667	0.9126	0.6667	0.6961	0.6944	1.4442	0.5833	2.4309	0.3056	0.9369	0.6667	0.9441	0.6389		0.6032
1.1732	0.5833	0.9550	0.6667	0.6762	0.6944	1.3595	0.6111	2.3688	0.3889	0.7618	0.7500	0.8998	0.6111		0.6151
1.1768	0.6111	0.8996	0.7222	0.5921	0.7778	1.1492	0.5556	3.2009	0.3056	0.9028	0.6944	0.7407	0.6389		0.6151
1.0537	0.6111	0.8868	0.7500	0.5683	0.7500	1.4811	0.6389	2.5328	0.4444	0.8918	0.7222	0.7092	0.7222		0.6627
1.0765	0.6389	0.9549	0.7222	0.5798	0.7500	1.3696	0.6111	2.6932	0.4444	0.8425	0.7222	0.6934	0.7222		0.6587
fc6_rbf_accuracy:0.6905

fc7_linear
Giang		Hai  		Long 		Minh 		Thuan		Thuy 		Tuyen		Final accuracy
loss	acc 	loss	acc 	loss	acc 	loss	acc 	loss	acc 	loss	acc 	loss	acc 	
1.8751	0.5833	1.5991	0.6111	0.9472	0.7500	2.0251	0.6667	4.2233	0.3889	1.3028	0.7500	1.0920	0.6667		0.6310
1.4065	0.5833	1.2100	0.6111	0.5916	0.7222	1.9465	0.6667	3.2827	0.3889	1.1999	0.6944	0.8723	0.7222		0.6270
1.5359	0.5833	1.1758	0.6389	0.5759	0.7500	1.6519	0.6667	3.8121	0.3889	1.1343	0.7222	0.6805	0.7500		0.6429
1.4213	0.5556	1.2457	0.6111	0.6435	0.7222	1.4488	0.6667	3.1113	0.4444	1.1464	0.7222	0.7048	0.7778		0.6429
1.2452	0.5833	1.0428	0.6944	0.6094	0.7500	1.4630	0.6667	3.0415	0.4444	1.1487	0.7222	0.7496	0.7778		0.6627
1.1894	0.6111	1.0097	0.6667	0.6031	0.7778	1.4720	0.6944	2.9285	0.4167	1.1225	0.7222	0.7425	0.7500		0.6627
fc7_linear_accuracy:0.6786

fc7_rbf
Giang		Hai  		Long 		Minh 		Thuan		Thuy 		Tuyen		Final accuracy
loss	acc 	loss	acc 	loss	acc 	loss	acc 	loss	acc 	loss	acc 	loss	acc 	
1.5034	0.4722	1.0655	0.6111	0.9106	0.6944	1.2244	0.5556	1.9693	0.4444	0.9017	0.7500	0.9416	0.7222		0.6071
1.3251	0.6667	1.1202	0.6111	0.7291	0.7222	1.1647	0.6667	2.3059	0.4167	0.9854	0.6944	0.9452	0.6667		0.6349
1.2555	0.5833	1.1250	0.7222	0.6413	0.7222	1.3495	0.6111	2.3675	0.4167	0.7759	0.7500	0.7237	0.7778		0.6548
1.1981	0.6389	1.0834	0.7500	0.6380	0.7222	1.1156	0.6389	3.0881	0.4444	0.8840	0.6667	0.6314	0.7500		0.6587
1.1428	0.5833	1.0400	0.7222	0.5875	0.7778	1.3412	0.6389	2.8751	0.4444	0.9624	0.7222	0.6897	0.7500		0.6627
1.1046	0.6111	1.0699	0.6944	0.5819	0.7778	1.3683	0.6111	2.8670	0.4444	0.9582	0.7222	0.6731	0.7500		0.6587
fc7_rbf_accuracy:0.6905

prob
Giang		Hai  		Long 		Minh 		Thuan		Thuy 		Tuyen		Final accuracy
loss	acc 	loss	acc 	loss	acc 	loss	acc 	loss	acc 	loss	acc 	loss	acc 	
1.0858	0.5556	0.8728	0.6389	0.8314	0.6944	0.9046	0.5833	2.8489	0.3611	0.9542	0.6389	1.0537	0.5833		0.5794
1.3012	0.5000	1.0305	0.5556	0.6409	0.7222	1.0350	0.6111	3.0581	0.4167	0.9489	0.5833	0.8354	0.6667		0.5794
1.2045	0.5556	0.8022	0.6389	0.8775	0.6667	1.0578	0.5833	3.3348	0.3611	0.7625	0.6944	0.8723	0.7222		0.6032
1.0057	0.5833	0.9043	0.7222	0.5969	0.7778	1.3709	0.5833	3.1285	0.3889	0.8707	0.6667	0.5520	0.7222		0.6349
1.2174	0.5556	0.7612	0.6944	0.5818	0.7778	1.6312	0.6111	3.3555	0.3889	1.3836	0.6389	0.7558	0.6944		0.6230
1.1840	0.4722	0.7672	0.7222	0.6361	0.7500	1.7104	0.5833	3.4424	0.3889	1.0765	0.6944	0.6202	0.7222		0.6190
prob_accuracy:0.6468

