    18      0      0      0      0      0      0      0      0      0      0      0
     0     12      0      0      0      0      0      0      2      4      0      0
     0      0     17      0      0      0      0      0      1      0      0      0
     0      0      0      4     12      2      0      0      0      0      0      0
     0      0      0      0     18      0      0      0      0      0      0      0
     0      0      0      0      0     18      0      0      0      0      0      0
     0      0      0      0      0      4     14      0      0      0      0      0
     0      4      0      0      0      0      0      6      4      4      0      0
     0      0      0      0      0      0      0      0     18      0      0      0
     0      0      0      0      0      0      0      0      4     14      0      0
     0      0      0      2     16      0      0      0      0      0      0      0
     0      0      0      0     17      0      0      0      0      0      0      1
