output/experiments/K1_K1_25-01-2019_02.35.04

fc6_linear
Binh 		Giang		Hung 		Tan  		Thuan		Final accuracy
loss	acc 	loss	acc 	loss	acc 	loss	acc 	loss	acc 	
2.1297	0.5857	2.0065	0.6571	0.3210	0.9355	0.9765	0.7143	0.7733	0.7833		0.7352
1.9294	0.6071	1.6177	0.6095	0.2759	0.9484	0.6921	0.7810	0.3035	0.9000		0.7692
2.0054	0.5857	1.7040	0.6286	0.2457	0.9419	0.5605	0.8381	0.2760	0.9000		0.7789
1.7713	0.5714	1.5681	0.6381	0.2567	0.9419	0.5120	0.8476	0.2214	0.9000		0.7798
1.4754	0.6214	1.5581	0.6571	0.2586	0.9419	0.4880	0.8286	0.2085	0.9250		0.7948
1.5512	0.6071	1.5473	0.6667	0.2322	0.9484	0.4598	0.8381	0.2043	0.9250		0.7971
1.5498	0.6143	1.5471	0.6571	0.2296	0.9484	0.4893	0.8381	0.2008	0.9167		0.7949
fc6_linear_accuracy:0.7971

fc6_rbf
Binh 		Giang		Hung 		Tan  		Thuan		Final accuracy
loss	acc 	loss	acc 	loss	acc 	loss	acc 	loss	acc 	
1.1517	0.7214	1.7125	0.6286	0.3341	0.8903	0.4250	0.7810	0.5456	0.8167		0.7676
1.1753	0.7357	1.6484	0.6667	0.2546	0.9419	0.3845	0.8286	0.3410	0.8750		0.8096
1.2069	0.7214	1.5781	0.6857	0.2427	0.9419	0.3575	0.8476	0.3062	0.8750		0.8143
1.1124	0.7286	1.5565	0.6667	0.2352	0.9548	0.3141	0.8762	0.2817	0.8917		0.8236
1.0450	0.7357	1.5164	0.6857	0.2411	0.9484	0.3220	0.8762	0.2659	0.9250		0.8342
1.0630	0.7286	1.5150	0.6762	0.2374	0.9548	0.3167	0.8667	0.2571	0.9333		0.8319
1.0737	0.7286	1.5045	0.6667	0.2374	0.9484	0.3271	0.8762	0.2536	0.9417		0.8323
fc6_rbf_accuracy:0.8342

fc7_linear
Binh 		Giang		Hung 		Tan  		Thuan		Final accuracy
loss	acc 	loss	acc 	loss	acc 	loss	acc 	loss	acc 	
0.8786	0.7500	1.4876	0.8000	0.1262	0.9613	0.4378	0.8476	0.4788	0.8417		0.8401
0.9262	0.7143	1.1328	0.8095	0.0721	0.9871	0.4710	0.8190	0.2059	0.9417		0.8543
1.0113	0.7000	1.0312	0.8095	0.0692	0.9806	0.3889	0.8286	0.1792	0.9333		0.8504
0.8461	0.7071	0.9734	0.8095	0.0668	0.9806	0.3432	0.8476	0.1807	0.9333		0.8557
0.8140	0.7143	0.9993	0.8095	0.0750	0.9806	0.3663	0.8381	0.1734	0.9417		0.8568
0.8367	0.7000	0.9669	0.8095	0.0723	0.9806	0.3541	0.8476	0.1723	0.9500		0.8576
0.8287	0.7071	0.9675	0.8095	0.0701	0.9806	0.3697	0.8381	0.1708	0.9500		0.8571
fc7_linear_accuracy:0.8576

fc7_rbf
Binh 		Giang		Hung 		Tan  		Thuan		Final accuracy
loss	acc 	loss	acc 	loss	acc 	loss	acc 	loss	acc 	
0.7983	0.7429	1.4976	0.8000	0.2319	0.9032	0.3870	0.8095	0.3574	0.8583		0.8228
0.8566	0.7286	1.0652	0.8095	0.0962	0.9742	0.4015	0.8286	0.2485	0.9000		0.8482
0.8507	0.7286	1.0191	0.8095	0.0839	0.9806	0.3580	0.8381	0.2102	0.9167		0.8547
0.7569	0.7429	0.9773	0.8190	0.0782	0.9806	0.2945	0.8571	0.1993	0.9167		0.8633
0.7340	0.7429	0.9583	0.8190	0.0818	0.9871	0.3074	0.8571	0.1892	0.9333		0.8679
0.7707	0.7429	0.9434	0.8190	0.0765	0.9871	0.2966	0.8571	0.1890	0.9167		0.8646
0.7697	0.7429	0.9368	0.8190	0.0772	0.9871	0.3068	0.8571	0.1870	0.9167		0.8646
fc7_rbf_accuracy:0.8679

prob
Binh 		Giang		Hung 		Tan  		Thuan		Final accuracy
loss	acc 	loss	acc 	loss	acc 	loss	acc 	loss	acc 	
0.8426	0.6571	1.2522	0.6286	0.3462	0.9355	0.5492	0.8667	0.6548	0.7167		0.7609
0.9079	0.6643	1.4676	0.5905	0.1262	0.9806	0.2259	0.9429	0.3134	0.8750		0.8107
0.7104	0.7214	1.4263	0.6571	0.0756	0.9871	0.2237	0.9333	0.4168	0.8417		0.8281
1.0247	0.6429	1.2803	0.6762	0.0815	0.9806	0.2646	0.8952	0.2616	0.8833		0.8157
0.8684	0.6500	1.3830	0.6857	0.1126	0.9548	0.2501	0.8952	0.2584	0.9000		0.8172
0.9994	0.6429	1.4089	0.6762	0.0647	0.9935	0.2596	0.8952	0.2621	0.8917		0.8199
1.0332	0.6786	1.3809	0.6857	0.0659	0.9935	0.2311	0.9048	0.2598	0.8833		0.8292
prob_accuracy:0.8292

