    16      0      0      0      2      0      0      0      0      0      0      0
     0      5      0      0      0      0      0      1      0     12      0      0
     0      0     18      0      0      0      0      0      0      0      0      0
     0      0      0     14      3      0      1      0      0      0      0      0
     0      0      0      0     14      0      0      0      0      0      0      4
     0      0      0      0      0      7     11      0      0      0      0      0
     0      0      0      0      0      0     18      0      0      0      0      0
     0      0      0      0      0      0      0     10      0      8      0      0
     0      0      0      0      0      0      0      1     16      1      0      0
     0      0      0      0      0      0      0      0      0     18      0      0
     0      0      0     14      3      0      0      0      0      0      1      0
     0      0      0      0     11      0      0      0      0      0      0      7
