    18      0      0      0      0      0      0      0      0      0      0      0
     0     12      0      0      0      0      0      1      4      1      0      0
     0      0     18      0      0      0      0      0      0      0      0      0
     0      0      0      2      0      0      0      0      0      0     16      0
     0      0      0      0      8      0      0      0      0      0      0     10
     0      0      0      0      0     18      0      0      0      0      0      0
     0      0      0      0      0      0     18      0      0      0      0      0
     0      0      0      0      0      0      0     18      0      0      0      0
     0      0      0      0      0      0      0      0     18      0      0      0
     0      0      0      0      0      0      0      0      5     13      0      0
     0      0      0      0      0      0      0      0      0      0     17      1
     0      0      0      0      0      0      0      0      0      0      0     18
