    90      0      0      0      0      0      0      0      0      0      0      0
     0     75      0      0      0      0      0      0      3     12      0      0
     0      0     90      0      0      0      0      0      0      0      0      0
     0      0      0     72      0      0      0      0      0      0     18      0
     0      0      0      0     77      0      0      0      0      0      0     13
     0      0      0      0      0     85      5      0      0      0      0      0
     0      0      0      0      0      0     90      0      0      0      0      0
     0      1      0      0      0      0      0     89      0      0      0      0
     0      2      0      0      0      0      0      2     81      5      0      0
     0      6      0      0      0      0      0      0      4     80      0      0
     0      0      0     10      0      0      0      0      0      0     79      1
     0      0      0      0      7      0      0      0      0      0      0     83
