    15      0      0      0      0      0      0      0      0      0      0      0
     0     11      0      0      0      0      0      0      0      4      0      0
     0      0     15      0      0      0      0      0      0      0      0      0
     0      0      0     11      0      0      0      0      0      0      4      0
     0      0      0      0     11      0      0      0      0      0      0      4
     0      0      0      0      0      9      6      0      0      0      0      0
     0      0      0      0      0      0     15      0      0      0      0      0
     0      3      0      0      0      0      0      3      2      7      0      0
     0      0      0      0      0      0      0      0      7      8      0      0
     0      0      0      0      0      0      0      0      0     15      0      0
     0      0      0      3      0      0      0      0      0      0      9      3
     0      0      0      0      0      0      0      0      0      0      0     15
