    18      0      0      0      0      0      0      0      0      0      0      0
     0     17      0      0      0      0      0      0      0      1      0      0
     0      0     18      0      0      0      0      0      0      0      0      0
     0      0      0     18      0      0      0      0      0      0      0      0
     0      0      0      0     18      0      0      0      0      0      0      0
     0      0      0      0      0     10      8      0      0      0      0      0
     0      0      0      0      0      0     18      0      0      0      0      0
     0      6      0      0      0      0      0     12      0      0      0      0
     0      4      0      0      0      0      0     12      2      0      0      0
     0      4      0      0      0      0      0      0      0     14      0      0
     0      0      0     10      1      0      0      0      0      0      7      0
     0      0      0      0     17      0      0      0      0      0      0      1
