    18      0      0      0      0      0      0      0      0      0      0      0
     0      5      0      0      0      0      1      0      0     11      1      0
     0      0     18      0      0      0      0      0      0      0      0      0
     0      0      0     14      4      0      0      0      0      0      0      0
     0      0      0      0     18      0      0      0      0      0      0      0
     0      0      0      0      0      8     10      0      0      0      0      0
     0      0      0      0      0      0     18      0      0      0      0      0
     0      0      0      0      0      0      0     10      0      8      0      0
     0      0      0      0      0      0      0      1      6     11      0      0
     0      0      0      0      0      0      0      0      0     18      0      0
     0      0      0      3      4      0      0      0      0      0     10      1
     0      0      0      0      6      0      0      0      0      0      0     12
