     2      0      0      9      1      0      0      0      0      0      0      3
     0      1      0      0      0      0      0      0      0     14      0      0
     0      0     14      0      0      0      1      0      0      0      0      0
     0      0      0     15      0      0      0      0      0      0      0      0
     0      0      0      4      8      2      0      0      0      0      0      1
     0      0      0      0      0     12      0      0      0      0      0      3
     0      0      0      4      1      8      0      0      0      0      2      0
     0      0      0      0      0      1      0      0      0     14      0      0
     0      0      0      0      0      0      0      0      0     15      0      0
     0      1      0      0      0      0      0      0      0     14      0      0
     0      0      0     14      1      0      0      0      0      0      0      0
     0      0      0      2      9      1      0      0      0      0      0      3
