    45      0      0      0      0      0      0      0      0      0      0      0
     0     41      0      0      0      0      0      1      1      2      0      0
     0      0     45      0      0      0      0      0      0      0      0      0
     0      0      0     44      0      0      0      0      0      0      1      0
     0      0      0      0     42      0      0      0      0      0      0      3
     0      0      0      0      0     44      1      0      0      0      0      0
     0      0      0      0      0      0     45      0      0      0      0      0
     0      0      0      0      0      0      0     44      0      1      0      0
     0      0      0      0      0      0      0      0     44      1      0      0
     0      7      0      0      0      0      0      1      2     35      0      0
     0      0      0      1      0      0      0      0      0      0     43      1
     1      0      0      0      0      0      0      0      0      0      0     44
