    45      0      0      0      0      0      0      0      0      0      0      0
     0     16      0      0      0      0      0      1      2     26      0      0
     0      0     45      0      0      0      0      0      0      0      0      0
     0      0      0     44      0      0      1      0      0      0      0      0
     0      0      0      0     32      0      0      0      0      0      0     13
     0      0      0      0      0     44      1      0      0      0      0      0
     0      0      0      0      0      0     45      0      0      0      0      0
     0      1      0      0      0      0      0     32      7      5      0      0
     0      0      0      0      0      0      0      0     40      5      0      0
     0      0      0      0      0      0      0      0      3     42      0      0
     0      0      0     42      0      0      2      0      0      0      1      0
     1      0      0      1      9      0      0      0      0      0      0     34
