    18      0      0      0      0      0      0      0      0      0      0      0
     0     18      0      0      0      0      0      0      0      0      0      0
     0      0     18      0      0      0      0      0      0      0      0      0
     0      0      0     18      0      0      0      0      0      0      0      0
     0      0      0      0     18      0      0      0      0      0      0      0
     0      0      0      0      0      7     11      0      0      0      0      0
     0      0      0      0      0      0     18      0      0      0      0      0
     0      3      0      0      0      0      0     13      0      2      0      0
     0      4      0      0      0      0      0      1     10      3      0      0
     0      3      0      0      0      0      0      0      0     15      0      0
     0      0      0      6      0      0      0      0      0      0     12      0
     0      0      0      0     15      0      0      0      0      0      0      3
