    45      0      0      0      0      0      0      0      0      0      0      0
     0     43      2      0      0      0      0      0      0      0      0      0
     0      2     43      0      0      0      0      0      0      0      0      0
     0      0      0     39      0      0      0      0      0      0      6      0
     0      0      0      0     27      0      0      0      0      0      0     18
     0      0      0      0      0     45      0      0      0      0      0      0
     0      0      0      0      0      1     44      0      0      0      0      0
     0      0      0      0      0      0      0     45      0      0      0      0
     0      0      0      0      0      0      0      0     45      0      0      0
     0     17      0      0      0      0      0      0      0     28      0      0
     0      0      0      0      0      0      0      0      0      0     45      0
     0      0      0      0      1      0      0      0      0      0      0     44
