output/result_backup/table_23Jan2019_clean_1_pre_3_first_16_fc6_2048_fc7_2048/K5_K3_23-01-2019_01.40.05

fc6_linear
Binh 		Giang		Hung 		Tan  		Thuan		Final accuracy
loss	acc 	loss	acc 	loss	acc 	loss	acc 	loss	acc 	
0.4046	0.8593	0.6979	0.8000	0.6099	0.8000	0.5477	0.8600	0.3268	0.8917		0.8422
0.3660	0.8593	0.7280	0.8381	0.5743	0.7806	0.5243	0.8800	0.4240	0.8750		0.8466
0.3595	0.8593	0.6618	0.8381	0.5775	0.7871	0.5005	0.8900	0.5154	0.8500		0.8449
0.3512	0.8667	0.6510	0.8286	0.5813	0.7742	0.5181	0.8800	0.5603	0.8417		0.8382
0.3473	0.8741	0.6400	0.8286	0.5901	0.7806	0.5060	0.8900	0.4884	0.8500		0.8447
fc6_linear_accuracy:0.8588

fc6_rbf
Binh 		Giang		Hung 		Tan  		Thuan		Final accuracy
loss	acc 	loss	acc 	loss	acc 	loss	acc 	loss	acc 	
0.3896	0.8444	0.7946	0.7429	0.7122	0.7419	0.6551	0.8300	0.5808	0.7833		0.7885
0.3665	0.8741	0.8804	0.7238	0.7228	0.7484	0.6633	0.7800	0.7229	0.7583		0.7769
0.3872	0.8519	0.8739	0.7238	0.7144	0.7419	0.6103	0.8000	0.8556	0.7417		0.7719
0.3539	0.8741	0.8815	0.7048	0.7337	0.7419	0.5362	0.8000	0.8353	0.7583		0.7758
0.3570	0.8667	0.9482	0.7048	0.7624	0.7290	0.5523	0.8000	0.8672	0.7333		0.7668
fc6_rbf_accuracy:0.7957

fc7_linear
Binh 		Giang		Hung 		Tan  		Thuan		Final accuracy
loss	acc 	loss	acc 	loss	acc 	loss	acc 	loss	acc 	
0.3827	0.8519	0.6446	0.8381	0.6604	0.7806	0.8953	0.7900	0.3035	0.9083		0.8338
0.3462	0.8815	0.7052	0.8381	0.6228	0.8065	0.8608	0.7700	0.3949	0.8833		0.8359
0.3449	0.8815	0.6708	0.8476	0.6234	0.8065	0.8306	0.7900	0.4534	0.8500		0.8351
0.3419	0.8667	0.6489	0.8476	0.6174	0.8000	0.8269	0.8000	0.4301	0.8750		0.8379
0.3377	0.8741	0.6400	0.8476	0.6093	0.8000	0.8194	0.7900	0.4509	0.8500		0.8323
fc7_linear_accuracy:0.8488

fc7_rbf
Binh 		Giang		Hung 		Tan  		Thuan		Final accuracy
loss	acc 	loss	acc 	loss	acc 	loss	acc 	loss	acc 	
0.3639	0.8667	0.6800	0.7714	0.6946	0.7419	0.9844	0.7100	0.3934	0.8750		0.7930
0.3646	0.8667	0.7022	0.7524	0.7027	0.7677	0.9337	0.7200	0.6114	0.8500		0.7914
0.3525	0.8667	0.7318	0.7333	0.6844	0.7548	0.9074	0.7400	0.7424	0.8167		0.7823
0.3470	0.8667	0.7294	0.7333	0.6844	0.7613	0.9133	0.7300	0.7214	0.8333		0.7849
0.3435	0.8667	0.7347	0.7429	0.7364	0.7484	0.8962	0.7400	0.7876	0.8250		0.7846
fc7_rbf_accuracy:0.8042

prob
Binh 		Giang		Hung 		Tan  		Thuan		Final accuracy
loss	acc 	loss	acc 	loss	acc 	loss	acc 	loss	acc 	
0.3698	0.8667	0.5123	0.8095	0.5085	0.7935	0.2618	0.8900	0.2760	0.8917		0.8503
0.2638	0.8963	0.3015	0.8952	0.4930	0.8129	0.1964	0.9400	0.3068	0.8667		0.8822
0.2214	0.9037	0.3144	0.8857	0.5083	0.8065	0.1828	0.9400	0.2978	0.9000		0.8872
0.2289	0.9037	0.2782	0.9048	0.5113	0.8194	0.1705	0.9400	0.4462	0.8417		0.8819
0.2273	0.9111	0.3773	0.8762	0.5059	0.8258	0.1580	0.9400	0.5106	0.8417		0.8790
prob_accuracy:0.8963

