    18      0      0      0      0      0      0      0      0      0      0      0
     0     12      0      0      0      0      0      0      1      5      0      0
     0      0     18      0      0      0      0      0      0      0      0      0
     0      0      0     18      0      0      0      0      0      0      0      0
     0      0      0      0     18      0      0      0      0      0      0      0
     0      0      0      0      0     18      0      0      0      0      0      0
     0      0      0      0      0      0     18      0      0      0      0      0
     0      2      0      0      0      0      0      8      8      0      0      0
     0      0      0      0      0      0      0      0     16      2      0      0
     0      0      0      0      0      0      0      0      0     18      0      0
     0      0      0      4      1      0      0      0      0      0     13      0
     0      0      0      0     14      0      0      0      0      0      0      4
