     3      0      0      0      5     26      0      0      0      6      0      5
     0      0      0      0      0      2      0      0      0     43      0      0
     0      0     12      0      3     29      0      0      0      1      0      0
     0      0      0     39      0      3      0      0      0      1      2      0
     0      0      0      0      9      9      0      0      0      0      0     27
     0      0      0      0      2     35      0      0      0      0      0      8
     0      0      0      1      0     29      4      0      0      2      0      9
     0      0      0      0      0      0      0     31      0     14      0      0
     0      0      0      0      0      1      0      0     10     34      0      0
     0      0      0      0      0      0      0      0      0     45      0      0
     0      0      0     32      0      0      0      0      0      0     13      0
     0      0      0      0      0      2      0      0      0      0      0     43
