    18      0      0      0      0      0      0      0      0      0      0      0
     2      7      0      0      0      0      0      0      0      9      0      0
     0      0     18      0      0      0      0      0      0      0      0      0
     0      0      0     17      0      0      0      0      0      0      0      1
     0      0      0      0     18      0      0      0      0      0      0      0
     0      0      0      0      0      7     11      0      0      0      0      0
     0      0      0      0      0      0     18      0      0      0      0      0
     0      0      0      0      0      0      0     18      0      0      0      0
     0      0      0      0      0      0      0      0     17      1      0      0
     0      0      0      0      0      0      0      0      0     18      0      0
     0      0      0     17      1      0      0      0      0      0      0      0
     0      0      0      0      8      0      0      0      0      0      0     10
