    18      0      0      0      0      0      0      0      0      0      0      0
     0      5      0      0      0      0      0      2      0     11      0      0
     0      0     18      0      0      0      0      0      0      0      0      0
     0      0      0     17      1      0      0      0      0      0      0      0
     0      0      0      0     18      0      0      0      0      0      0      0
     0      0      0      0      0     15      3      0      0      0      0      0
     0      0      0      1      0      0     17      0      0      0      0      0
     0      0      0      0      0      0      0     14      1      3      0      0
     0      1      0      0      0      0      0      0     17      0      0      0
     0      1      0      0      0      0      0      1      0     16      0      0
     0      0      0      2      1      0      0      0      0      0     15      0
     0      0      0      0     18      0      0      0      0      0      0      0
