    10      0      0      0      2      0      0      0      6      0      0      0
     0      0      0      0      0      0      0      0      1     17      0      0
     0      0      6      0      0      0     11      0      1      0      0      0
     0      0      0      5      1      0      1      0      0      0      9      2
     0      0      0      0     13      0      0      0      0      0      3      2
     0      0      0      0      0      8      5      0      5      0      0      0
     0      0      0      0      0      0     18      0      0      0      0      0
     0      0      0      0      0      0      0      1      1     16      0      0
     0      0      0      0      0      0      0      0     12      6      0      0
     0      0      0      0      0      0      0      0      0     18      0      0
     0      0      0      3      1      0      0      0      0      0     12      2
     0      0      0      0     11      0      0      0      0      0      3      4
