    90      0      0      0      0      0      0      0      0      0      0      0
     0     75      0      0      0      0      0      0      3     12      0      0
     0      0     90      0      0      0      0      0      0      0      0      0
     0      0      0     71      0      0      0      0      0      0     19      0
     0      0      0      0     84      0      0      0      0      0      0      6
     0      0      0      0      0     88      2      0      0      0      0      0
     0      0      0      0      0      0     90      0      0      0      0      0
     0      1      0      0      0      0      0     89      0      0      0      0
     0      2      0      0      0      0      0      0     87      1      0      0
     0      2      0      0      0      0      0      1      5     82      0      0
     0      0      0     10      0      0      0      0      0      0     79      1
     0      0      0      0     15      0      0      0      0      0      0     75
