    15      0      0      0      0      0      0      0      0      0      0      3
     0      0      0      0      0      0      1      0      0     17      0      0
     0      0     17      0      0      0      1      0      0      0      0      0
     0      0      0     10      2      0      2      0      0      0      3      1
     0      0      0      1      9      0      1      0      0      0      1      6
     0      0      0      0      0      0     18      0      0      0      0      0
     0      0      0      0      0      0     18      0      0      0      0      0
     0      0      0      0      0      0      0     10      0      8      0      0
     0      0      0      0      0      0      0      0     12      6      0      0
     0      0      0      0      0      0      0      0      0     18      0      0
     0      0      0      6      2      0      2      0      0      0      7      1
     0      0      0      3      1      0      0      0      0      0      0     14
