     0      0      0     15      0      0      0      0      0      0      0      0
     0      5      0      0      1      0      0      0      4      5      0      0
     0      0     10      0      0      0      3      0      0      0      2      0
     0      0      0      8      0      0      1      0      0      0      6      0
     0      0      0      3     11      1      0      0      0      0      0      0
     0      0      0      0      1      8      3      0      0      0      3      0
     0      0      0      0      1      4      6      0      0      0      4      0
     0      0      0      0      0      0      1      0      7      7      0      0
     0      0      0      0      0      0      0      0      5     10      0      0
     0      1      0      0      0      0      0      0      3     11      0      0
     0      0      0     11      0      0      0      0      0      0      4      0
     0      0      0      0     13      0      0      0      0      0      0      2
