    18      0      0      0      0      0      0      0      0      0      0      0
     0     12      0      2      0      0      0      2      2      0      0      0
     0      0     12      0      0      0      0      6      0      0      0      0
     0      0      0      7     11      0      0      0      0      0      0      0
     0      0      0      0     18      0      0      0      0      0      0      0
     0      0      0      0      0     18      0      0      0      0      0      0
     0      0      0      0      0      8     10      0      0      0      0      0
     0      5      0      0      0      0      0     12      1      0      0      0
     0      2      0      0      0      0      0      0     15      1      0      0
     0      6      0      0      0      0      0      0      2     10      0      0
     0      0      0      9      9      0      0      0      0      0      0      0
     0      0      0      0     18      0      0      0      0      0      0      0
