    12      0      0      4      0     26      0      0      0      0      3      0
     0      0      0      0      0     10      0      1      0     34      0      0
     0      0     12      0      0     10      0     23      0      0      0      0
     0      0      0     29      0      3      0      1      0      1     11      0
     0      0      0      0     12     16      0      0      0      0      0     17
     0      0      0      0      0     45      0      0      0      0      0      0
     0      0      0      0      0     39      0      6      0      0      0      0
     0      0      0      0      0      0      0     39      0      6      0      0
     0      0      0      0      0      0      0     18      1     22      0      4
     0      0      0      0      0      0      0      1      0     44      0      0
     0      0      0     15      0      2      0      0      0      0     28      0
     0      0      0      0      0      0      0      0      0      0      0     45
