     0      0      0      1      2      8      0      0      0      0      0      7
     0     17      0      0      0      0      0      0      1      0      0      0
     0      0     17      0      0      1      0      0      0      0      0      0
     0      0      0     12      5      0      1      0      0      0      0      0
     0      0      0      0     16      0      0      0      0      0      0      2
     0      0      0      0      0     17      1      0      0      0      0      0
     0      0      0      0      1      2     15      0      0      0      0      0
     0     18      0      0      0      0      0      0      0      0      0      0
     0     13      0      0      0      0      0      0      5      0      0      0
     0     18      0      0      0      0      0      0      0      0      0      0
     0      0      2      9      6      0      0      0      1      0      0      0
     0      0      0      0      9      0      0      0      0      0      0      9
