    18      0      0      0      0      0      0      0      0      0      0      0
     0     13      0      0      0      0      0      0      0      5      0      0
     0      0     16      0      1      0      1      0      0      0      0      0
     0      0      0     12      4      0      2      0      0      0      0      0
     0      0      0      0     18      0      0      0      0      0      0      0
     0      0      0      0      0     16      2      0      0      0      0      0
     0      0      0      0      0      0     18      0      0      0      0      0
     0     12      0      0      0      0      0      0      1      5      0      0
     0      1      0      0      0      0      0      0     17      0      0      0
     0      6      0      0      0      0      0      0      0     12      0      0
     0      0      0      9      2      0      2      0      0      0      5      0
     0      0      0      0     15      0      0      0      0      0      0      3
