    17      0      0      0      1      0      0      0      0      0      0      0
     0     15      0      0      0      0      0      1      0      2      0      0
     0      0     18      0      0      0      0      0      0      0      0      0
     0      0      0     14      4      0      0      0      0      0      0      0
     0      0      0      0     18      0      0      0      0      0      0      0
     0      0      0      0      0     18      0      0      0      0      0      0
     0      0      0      0      0      8      7      0      3      0      0      0
     0      2      0      0      0      0      0     11      2      3      0      0
     0      1      0      0      0      0      0      0     17      0      0      0
     0      9      0      0      0      0      0      2      0      7      0      0
     0      0      0     13      4      0      0      1      0      0      0      0
     0      0      0      0     18      0      0      0      0      0      0      0
