    18      0      0      0      0      0      0      0      0      0      0      0
     1     14      0      0      0      0      0      0      1      2      0      0
     0      0     18      0      0      0      0      0      0      0      0      0
     0      0      0     15      1      0      0      0      0      0      0      2
     0      0      0      2     11      0      0      0      0      0      1      4
     0      0      0      0      0     16      2      0      0      0      0      0
     0      0      0      0      0      0     18      0      0      0      0      0
     0     14      0      0      0      0      0      2      2      0      0      0
     0      0      0      0      0      0      0      0     18      0      0      0
     0      7      0      0      0      0      0      0      3      8      0      0
     0      0      0      9      1      0      0      0      0      0      6      2
     0      0      0      0      8      0      0      0      0      0      0     10
