    90      0      0      0      0      0      0      0      0      0      0      0
     0     87      0      0      0      0      0      0      1      2      0      0
     0      0     90      0      0      0      0      0      0      0      0      0
     0      0      0     77      0      0      0      0      0      0     13      0
     0      0      0      0     84      0      0      0      0      0      0      6
     0      0      0      0      0     87      3      0      0      0      0      0
     0      0      0      0      0      0     90      0      0      0      0      0
     0      0      0      0      0      0      0     89      0      1      0      0
     0      0      0      0      0      0      0      0     90      0      0      0
     0      2      0      0      0      0      0      0      2     86      0      0
     0      0      0      8      0      0      0      0      0      0     81      1
     0      0      0      1      5      0      0      0      0      0      0     84
