    90      0      0      0      0      0      0      0      0      0      0      0
     0     90      0      0      0      0      0      0      0      0      0      0
     0      0     90      0      0      0      0      0      0      0      0      0
     0      0      0     74      0      0      0      0      0      0     16      0
     0      0      0      0     73      0      0      0      0      0      0     17
     0      0      0      0      0     88      2      0      0      0      0      0
     0      0      0      0      0      0     90      0      0      0      0      0
     0      0      0      0      0      0      0     90      0      0      0      0
     0      1      0      0      0      0      0      0     89      0      0      0
     0      2      0      0      0      0      0      0      2     86      0      0
     0      0      0      6      0      0      0      0      0      0     83      1
     0      0      0      0     10      0      0      0      0      0      0     80
