    90      0      0      0      0      0      0      0      0      0      0      0
     0     53      0      0      0      0      0      6      9     22      0      0
     0      0     90      0      0      0      0      0      0      0      0      0
     0      0      0     37      0      0      0      0      0      0     53      0
     0      0      0      0     84      0      0      0      0      0      0      6
     0      0      0      0      0     84      6      0      0      0      0      0
     0      0      0      0      0      0     90      0      0      0      0      0
     0      0      0      0      0      0      0     87      0      3      0      0
     0      1      0      0      0      0      0      0     89      0      0      0
     0      0      0      0      0      0      0      0      0     90      0      0
     0      0      0      0      0      0      0      0      0      0     90      0
     0      0      0      0     32      0      0      0      0      0      0     58
