     0     18      0      0      0      0      0      0      0      0      0      0
     0     18      0      0      0      0      0      0      0      0      0      0
     0      0     15      0      0      0      0      0      3      0      0      0
     0      3      0     14      1      0      0      0      0      0      0      0
     0      6      0      3      7      0      0      0      2      0      0      0
     0     13      1      3      0      0      0      0      1      0      0      0
     0      7      0      7      0      0      0      0      4      0      0      0
     0     18      0      0      0      0      0      0      0      0      0      0
     0     14      0      0      0      0      0      0      4      0      0      0
     0     18      0      0      0      0      0      0      0      0      0      0
     0      5      0     10      2      0      0      0      1      0      0      0
     0      9      0      3      4      0      0      0      1      0      0      1
