output/result/K4_K5_2019-02-01_00.13

fc6_linear
Giang		Hai  		Long 		Minh 		Thuan		Thuy 		Tuyen		Final accuracy
loss	acc 	loss	acc 	loss	acc 	loss	acc 	loss	acc 	loss	acc 	loss	acc 	
6.0740	0.1389	7.1634	0.0833	5.3610	0.0833	3.3848	0.2500	4.4854	0.2222	4.7255	0.1944	4.7867	0.1667		0.1627
3.8704	0.3333	4.3663	0.1667	4.7264	0.1667	2.0761	0.3611	4.3314	0.2500	3.9612	0.2500	3.2007	0.3611		0.2698
2.2700	0.2778	4.2699	0.1389	3.1801	0.2778	2.9125	0.5833	3.6730	0.3056	3.4578	0.2500	2.8546	0.3333		0.3095
3.3732	0.3056	2.9556	0.1389	2.9445	0.2500	2.0450	0.3889	3.1622	0.1944	2.3733	0.2222	1.8499	0.5000		0.2857
3.4888	0.2222	3.0452	0.1944	2.4860	0.2778	2.3916	0.3889	2.8408	0.3056	1.9209	0.3611	2.4895	0.3889		0.3056
3.4890	0.2222	3.7540	0.1389	2.8377	0.2500	2.3789	0.3889	3.8532	0.1667	1.7475	0.4167	2.9822	0.3889		0.2817
fc6_linear_accuracy:0.3730

fc6_rbf
Giang		Hai  		Long 		Minh 		Thuan		Thuy 		Tuyen		Final accuracy
loss	acc 	loss	acc 	loss	acc 	loss	acc 	loss	acc 	loss	acc 	loss	acc 	
3.7351	0.1111	4.2663	0.0833	3.5451	0.0833	2.3422	0.3611	2.9473	0.2500	3.5862	0.3611	3.3612	0.1667		0.2024
2.9242	0.1944	3.5021	0.0833	4.0082	0.1944	1.7444	0.4167	3.3714	0.1944	2.8761	0.3056	2.2218	0.3611		0.2500
2.2218	0.2500	2.6632	0.1944	2.7071	0.1944	2.7541	0.3056	2.2128	0.1667	1.8958	0.4722	1.6149	0.5000		0.2976
2.0677	0.3056	2.0520	0.3056	2.1015	0.1944	1.4788	0.6389	1.9900	0.3056	2.0188	0.3611	1.9645	0.4167		0.3611
1.9977	0.3333	2.2905	0.1667	2.1020	0.3056	1.5890	0.5000	2.1742	0.3056	2.1837	0.4444	1.6031	0.5278		0.3690
2.5314	0.2778	3.0935	0.0833	3.0189	0.1389	1.3573	0.5833	2.4618	0.3056	2.4041	0.4444	2.3020	0.3056		0.3056
fc6_rbf_accuracy:0.4127

fc7_linear
Giang		Hai  		Long 		Minh 		Thuan		Thuy 		Tuyen		Final accuracy
loss	acc 	loss	acc 	loss	acc 	loss	acc 	loss	acc 	loss	acc 	loss	acc 	
4.6822	0.1944	4.8062	0.1111	5.3188	0.0833	3.6076	0.2500	3.4463	0.1944	3.2792	0.3333	3.5864	0.2500		0.2024
2.6813	0.3889	3.8814	0.2778	4.8659	0.1667	2.0162	0.5278	3.9984	0.1389	2.5405	0.3611	2.8355	0.2778		0.3056
2.6385	0.2500	3.2550	0.2500	3.0802	0.3056	2.2412	0.4722	2.7962	0.3889	1.8564	0.4167	2.4095	0.3889		0.3532
2.0930	0.4444	2.3409	0.4167	2.8305	0.1944	1.5765	0.5833	2.4598	0.3611	2.3800	0.1667	2.3045	0.3333		0.3571
2.1935	0.4722	2.3217	0.4167	2.2587	0.2778	1.9271	0.5278	2.6493	0.3333	2.6672	0.5278	1.9730	0.4722		0.4325
2.0968	0.4444	2.1823	0.2778	2.3746	0.2222	1.5549	0.5278	2.7981	0.3611	2.0286	0.5000	1.8607	0.3611		0.3849
fc7_linear_accuracy:0.4524

fc7_rbf
Giang		Hai  		Long 		Minh 		Thuan		Thuy 		Tuyen		Final accuracy
loss	acc 	loss	acc 	loss	acc 	loss	acc 	loss	acc 	loss	acc 	loss	acc 	
3.3854	0.1944	3.9054	0.0833	3.7189	0.1667	2.9282	0.1667	2.6173	0.2500	3.1667	0.2500	2.5422	0.3333		0.2063
1.7792	0.4167	2.3487	0.4167	2.9261	0.0833	1.4960	0.4722	2.3330	0.2222	1.6394	0.5278	1.6345	0.4722		0.3730
1.7664	0.5278	1.9409	0.2500	2.1321	0.3056	1.1465	0.6944	2.1112	0.3889	1.4180	0.5000	1.5814	0.4722		0.4484
1.6373	0.5278	1.8023	0.3889	1.9972	0.3333	1.0266	0.6667	1.9073	0.4167	1.7642	0.5000	1.4425	0.5833		0.4881
1.6586	0.5278	2.0400	0.3611	2.0809	0.3889	1.2362	0.6389	2.1469	0.4167	1.9213	0.5000	1.4265	0.6111		0.4921
1.6404	0.5278	1.9069	0.3056	2.0804	0.3333	1.1934	0.6111	2.0378	0.3889	2.0795	0.3333	1.5290	0.5556		0.4365
fc7_rbf_accuracy:0.5119

prob
Giang		Hai  		Long 		Minh 		Thuan		Thuy 		Tuyen		Final accuracy
loss	acc 	loss	acc 	loss	acc 	loss	acc 	loss	acc 	loss	acc 	loss	acc 	
2.4374	0.1667	2.4678	0.0833	2.4613	0.2500	2.4429	0.1944	2.4690	0.1944	2.4398	0.2778	2.4594	0.1389		0.1865
1.7424	0.4444	1.7715	0.3611	1.9248	0.3333	1.5681	0.5000	2.2187	0.2500	1.6844	0.3333	1.9036	0.3611		0.3690
1.1632	0.5278	1.4284	0.4167	1.5176	0.4167	1.0353	0.5556	2.4929	0.3611	1.0803	0.6389	1.2898	0.4167		0.4762
1.0813	0.5278	1.3611	0.4444	1.5709	0.3611	0.7738	0.5556	2.7900	0.3889	0.9950	0.6944	1.0956	0.5278		0.5000
1.0466	0.5556	1.3837	0.4444	1.7578	0.1389	0.6543	0.6667	2.9443	0.3611	0.9562	0.6111	1.1069	0.4722		0.4643
1.0516	0.5833	1.4154	0.3611	1.6089	0.3056	0.7407	0.5833	3.1275	0.3611	1.0284	0.5278	1.1712	0.4167		0.4484
prob_accuracy:0.5317

