    17      0      0      0      1      0      0      0      0      0      0      0
     0      8      0      0      0      0      0      1      0      9      0      0
     0      0     18      0      0      0      0      0      0      0      0      0
     0      0      0     14      4      0      0      0      0      0      0      0
     0      0      0      1     17      0      0      0      0      0      0      0
     0      0      0      0      0     18      0      0      0      0      0      0
     0      0      0      0      0      5     13      0      0      0      0      0
     0      1      0      0      0      0      0     14      2      1      0      0
     0      0      0      0      0      0      0      0     18      0      0      0
     0      3      0      0      0      0      0      1      0     14      0      0
     0      0      0     13      5      0      0      0      0      0      0      0
     0      0      0      0     18      0      0      0      0      0      0      0
