    15      0      0      0      0      0      0      0      0      0      0      0
     0     15      0      0      0      0      0      0      0      0      0      0
     0      0     15      0      0      0      0      0      0      0      0      0
     0      0      0     15      0      0      0      0      0      0      0      0
     0      0      0      0      8      0      0      0      0      0      0      7
     0      0      0      0      0     15      0      0      0      0      0      0
     0      0      0      0      0      0     15      0      0      0      0      0
     0      0      0      0      0      0      0     15      0      0      0      0
     0      0      0      0      0      0      0      0     15      0      0      0
     0      0      0      0      0      0      0      2      1     12      0      0
     0      0      0      3      0      0      0      0      0      0     12      0
     0      0      0      0      0      0      0      0      0      0      0     15
