    18      0      0      0      0      0      0      0      0      0      0      0
     0      9      0      0      0      0      0      0      0      9      0      0
     0      0     17      0      1      0      0      0      0      0      0      0
     1      0      0     13      3      0      1      0      0      0      0      0
     0      0      0      0     17      0      0      0      0      0      1      0
     0      0      0      0      0     18      0      0      0      0      0      0
     0      0      0      0      0      6     12      0      0      0      0      0
     0      4      0      0      0      0      0      0      1     13      0      0
     0      1      0      0      0      0      0      0     17      0      0      0
     0      3      0      0      0      0      0      0      0     15      0      0
     0      0      0      7      1      0      0      0      1      0      6      3
     0      0      0      0     16      0      0      0      0      0      0      2
