    18      0      0      0      0      0      0      0      0      0      0      0
     0      0      0      0      0      0      0      0      1     17      0      0
     0      0     18      0      0      0      0      0      0      0      0      0
     0      0      0     12      5      0      1      0      0      0      0      0
     0      0      0      0     18      0      0      0      0      0      0      0
     0      0      0      0      0     17      1      0      0      0      0      0
     0      0      0      0      0      3     15      0      0      0      0      0
     0      0      0      0      0      0      0      1      1     16      0      0
     0      0      0      0      0      0      0      0     17      1      0      0
     0      0      0      0      0      0      0      0      1     17      0      0
     0      0      0      9      5      0      1      0      0      0      3      0
     0      0      0      0     18      0      0      0      0      0      0      0
