    44      1      0      0      0      0      0      0      0      0      0      0
     0     45      0      0      0      0      0      0      0      0      0      0
     0      0     41      1      1      2      0      0      0      0      0      0
     0      0      0     44      0      0      0      0      0      0      1      0
     0      0      0      0     19      0      0      0      0      0      0     26
     0      0      0      1      0     43      1      0      0      0      0      0
     0      0      0      0      0      0     45      0      0      0      0      0
     0      0      0      0      0      0      0     45      0      0      0      0
     0      0      0      0      0      0      0      0     45      0      0      0
     0      0      0      0      0      0      0      0      0     45      0      0
     0      0      0      0      0      0      0      0      0      0     45      0
     0      0      0      0      0      0      0      0      0      0      0     45
