     0     11      0      1      3      0      0      0      3      0      0      0
     0     15      0      0      0      0      0      0      3      0      0      0
     0      0     18      0      0      0      0      0      0      0      0      0
     0      0      0     15      0      0      0      0      3      0      0      0
     0      4      0      3      7      0      0      0      4      0      0      0
     0      3      4      8      0      0      0      0      3      0      0      0
     0      1      1      7      3      0      0      0      6      0      0      0
     0     10      0      0      0      0      0      0      8      0      0      0
     0      5      0      0      0      0      0      0     13      0      0      0
     0     15      0      0      0      0      0      0      3      0      0      0
     0      0      0     14      1      0      0      0      3      0      0      0
     0      4      0      3      7      0      0      0      4      0      0      0
