     0     12      0      0      0      0      0      0      6      0      0      0
     0     17      0      0      0      0      0      0      1      0      0      0
     0      1     15      0      2      0      0      0      0      0      0      0
     0      0      3      9      6      0      0      0      0      0      0      0
     0      0      3      0     15      0      0      0      0      0      0      0
     0      0      5      0     10      0      0      0      3      0      0      0
     0      0      3      8      7      0      0      0      0      0      0      0
     0     18      0      0      0      0      0      0      0      0      0      0
     0     12      0      0      0      0      0      0      6      0      0      0
     0     18      0      0      0      0      0      0      0      0      0      0
     0      0      3      9      6      0      0      0      0      0      0      0
     0      0      3      0     15      0      0      0      0      0      0      0
