    80      0      0     10      0      0      0      0      0      0      0      0
     0     54      0      4      6      0      0     14     12      0      0      0
     0      0     63      0      0      0      6     21      0      0      0      0
     0      0      0     67     13      0      1      0      0      0      9      0
     0      0      0     15     72      0      3      0      0      0      0      0
     0      0      0      0      2     74     14      0      0      0      0      0
     0      0      0      0      0      1     88      1      0      0      0      0
     0     21      0      0      1      0      0     23     45      0      0      0
     0     20      0      0      0      0      0      6     64      0      0      0
     0     72      0      0      0      0      0      1     13      4      0      0
     0      0      0     65     10      0      1      0      0      0     14      0
     0      0      0     17     73      0      0      0      0      0      0      0
