    13      1      0      1      0      0      0      0      0      0      0      0
     0     12      0      0      0      0      0      0      0      3      0      0
     0      0     15      0      0      0      0      0      0      0      0      0
     0      0      0     15      0      0      0      0      0      0      0      0
     0      0      0      0     15      0      0      0      0      0      0      0
     0      0      0      0      0      6      9      0      0      0      0      0
     0      0      0      0      0      0     15      0      0      0      0      0
     0      8      0      0      0      0      0      3      2      2      0      0
     0      0      0      0      0      0      0      1     11      3      0      0
     0      6      0      0      0      0      0      0      0      9      0      0
     0      0      0      6      0      0      0      0      0      0      9      0
     0      0      0      0     15      0      0      0      0      0      0      0
