    15      0      0      0      0      0      0      0      0      0      0      0
     0      0      0      0      0      0      0      0      0     15      0      0
     0      0     15      0      0      0      0      0      0      0      0      0
     0      0      0     11      4      0      0      0      0      0      0      0
     0      0      0      0     14      1      0      0      0      0      0      0
     0      0      0      0      0     13      2      0      0      0      0      0
     0      0      0      0      0      0     15      0      0      0      0      0
     0      0      0      0      0      0      0      0      0     15      0      0
     0      0      0      0      0      0      0      0      1     14      0      0
     0      0      0      0      0      0      0      0      0     15      0      0
     0      0      0     11      2      0      1      0      0      0      0      1
     0      0      0      0      9      1      1      0      0      0      0      4
