    18      0      0      0      0      0      0      0      0      0      0      0
     0      2      0      0      0      0      0      3      1     12      0      0
     0      0     18      0      0      0      0      0      0      0      0      0
     0      0      0     18      0      0      0      0      0      0      0      0
     0      0      0      0     18      0      0      0      0      0      0      0
     0      0      0      0      0     11      7      0      0      0      0      0
     0      0      0      0      0      0     18      0      0      0      0      0
     0      0      0      0      0      0      0     17      1      0      0      0
     0      0      0      0      0      0      0      0     17      1      0      0
     0      0      0      0      0      0      0      0      2     16      0      0
     0      0      0      6      1      0      0      0      0      0      9      2
     0      0      0      0     12      0      0      0      0      0      0      6
