    18      0      0      0      0      0      0      0      0      0      0      0
     0      9      0      0      0      0      0      1      2      5      0      1
     0      0     18      0      0      0      0      0      0      0      0      0
     0      0      0     18      0      0      0      0      0      0      0      0
     0      0      0      0     16      0      0      0      0      0      0      2
     0      0      0      0      0      3     15      0      0      0      0      0
     0      0      0      0      0      0     18      0      0      0      0      0
     0      2      0      0      1      0      0      6      5      2      0      2
     0      2      0      0      0      0      0      0     12      4      0      0
     0      2      0      0      0      0      0      0      0     16      0      0
     0      0      0     15      2      0      0      0      0      0      1      0
     0      0      0      0     14      0      0      0      0      0      0      4
