    18      0      0      0      0      0      0      0      0      0      0      0
     0      4      0      0      0      0      0      0      5      9      0      0
     0      0     18      0      0      0      0      0      0      0      0      0
     0      0      0     18      0      0      0      0      0      0      0      0
     0      0      0      0     17      0      0      0      0      0      0      1
     0      0      0      0      0     16      2      0      0      0      0      0
     0      0      0      0      0      0     18      0      0      0      0      0
     0      0      0      0      0      0      0     10      3      5      0      0
     0      0      0      0      0      0      0      0     17      1      0      0
     0      0      0      0      0      0      0      0      2     16      0      0
     0      0      0     14      1      0      0      0      0      0      2      1
     0      0      0      0      4      0      0      0      0      0      0     14
