    15      0      0      0      0      0      0      0      0      0      0      0
     0      7      0      0      0      0      0      0      0      8      0      0
     0      0     15      0      0      0      0      0      0      0      0      0
     0      0      0      0      0      0      0      0      0      0     15      0
     0      0      0      0      2      0      0      0      0      0      1     12
     0      0      0      0      0     14      1      0      0      0      0      0
     0      0      0      0      0      4     10      0      0      0      0      1
     0      8      0      0      0      0      0      0      2      5      0      0
     0      2      0      0      0      0      0      0      8      5      0      0
     0      1      0      0      0      0      0      0      0     14      0      0
     0      0      0      0      0      0      0      0      0      0     14      1
     0      0      0      0      0      0      0      0      0      0      0     15
