    18      0      0      0      0      0      0      0      0      0      0      0
     0     18      0      0      0      0      0      0      0      0      0      0
     0      0     18      0      0      0      0      0      0      0      0      0
     0      0      0     18      0      0      0      0      0      0      0      0
     0      0      0      0      9      0      0      0      0      0      0      9
     0      0      0      0      0     18      0      0      0      0      0      0
     0      0      0      0      0      2     16      0      0      0      0      0
     0      0      0      0      0      0      0     18      0      0      0      0
     0      0      0      0      0      0      0      0     18      0      0      0
     0      0      0      0      0      0      0      3      1     14      0      0
     0      0      0      9      0      0      0      0      0      0      9      0
     0      0      0      0      1      0      0      0      0      0      0     17
