    18      0      0      0      0      0      0      0      0      0      0      0
     0      8      0      0      0      0      0      0      4      6      0      0
     0      0     18      0      0      0      0      0      0      0      0      0
     0      0      0      8      0      0      0      0      0      0     10      0
     0      0      0      0     13      0      0      0      0      0      0      5
     0      0      0      0      0     18      0      0      0      0      0      0
     0      0      0      0      0      0     18      0      0      0      0      0
     0      0      0      0      0      0      0     15      1      2      0      0
     0      0      0      0      0      0      0      0     16      2      0      0
     0      0      0      0      0      0      0      0      1     17      0      0
     0      0      0      0      0      0      0      0      0      0     18      0
     0      0      0      0      5      0      0      0      0      0      0     13
