    15      0      0      0      0      0      0      0      0      0      0      0
     0     12      0      0      0      0      0      0      0      3      0      0
     0      0     15      0      0      0      0      0      0      0      0      0
     0      0      0      0      0      0      0      0      0      0     15      0
     0      0      0      0      8      0      0      0      0      0      3      4
     0      0      0      0      0     15      0      0      0      0      0      0
     0      0      0      0      0      0     15      0      0      0      0      0
     0      4      0      0      1      0      0     10      0      0      0      0
     0      1      0      0      0      0      0      1     10      3      0      0
     0      0      0      0      0      0      0      0      0     15      0      0
     0      0      0      0      0      0      0      0      0      0     15      0
     0      0      0      0      0      0      0      0      0      0      2     13
