     0      7      0     11      0      0      0      0      0      0      0      0
     0     18      0      0      0      0      0      0      0      0      0      0
     0      0     18      0      0      0      0      0      0      0      0      0
     0      0      0     18      0      0      0      0      0      0      0      0
     0      0      0      3     13      0      0      0      0      0      0      2
     0      0      1     14      0      3      0      0      0      0      0      0
     0      1      0     10      0      0      7      0      0      0      0      0
     0     18      0      0      0      0      0      0      0      0      0      0
     0      6      0      0      0      0      0      0     12      0      0      0
     0     17      0      0      0      0      0      0      1      0      0      0
     0      0      0     17      0      0      0      0      0      0      0      1
     0      0      0      4      8      0      0      0      0      0      0      6
