    44      0      0      0      0      1      0      0      0      0      0      0
     0     33      4      0      0      0      0      3      0      5      0      0
     0      1     43      1      0      0      0      0      0      0      0      0
     1      1      1     41      0      0      0      0      0      0      1      0
     0      0      0      0     38      0      0      0      0      0      0      7
     0      2      0      0      0     42      1      0      0      0      0      0
     0      0      0      0      0      0     45      0      0      0      0      0
     0      0      0      0      0      0      0     45      0      0      0      0
     0      0      0      0      0      0      0      0     45      0      0      0
     0      1      0      0      0      0      0      0      0     44      0      0
     0      0      0      9      0      0      0      0      0      0     36      0
     0      0      0      0      5      0      0      0      0      0      0     40
