output/result_backup/table_2019_05_17_original_12gestures_6_subjects/K1_K2_2019-05-18_06.49

fc6_linear
Giang		Hai  		Long 		Minh 		Thuy 		Tuyen		Final accuracy
loss	acc 	loss	acc 	loss	acc 	loss	acc 	loss	acc 	loss	acc 	
3.8512	0.1389	4.4231	0.1111	3.4024	0.2500	4.7891	0.1944	5.0326	0.2500	3.7284	0.1389		0.1806
5.2038	0.1667	4.1691	0.2778	3.2784	0.2778	3.5956	0.2778	5.1201	0.1667	4.0274	0.0556		0.2037
4.8224	0.0833	3.5134	0.1944	3.7456	0.1944	4.3226	0.2500	4.5684	0.2500	3.5471	0.1667		0.1898
5.5590	0.0278	4.6896	0.2222	3.5677	0.1667	4.2881	0.1111	4.3144	0.1667	3.4766	0.3056		0.1667
4.8817	0.0833	3.3487	0.1667	4.0267	0.2778	4.1884	0.3056	4.4827	0.0833	3.3097	0.2222		0.1898
4.5788	0.0278	3.3833	0.1944	3.9660	0.1667	3.9094	0.3056	4.6837	0.1667	3.4614	0.1944		0.1759
fc6_linear_accuracy:0.2639

fc6_rbf
Giang		Hai  		Long 		Minh 		Thuy 		Tuyen		Final accuracy
loss	acc 	loss	acc 	loss	acc 	loss	acc 	loss	acc 	loss	acc 	
3.8000	0.0833	4.1415	0.1389	3.3355	0.0833	4.3256	0.2500	4.0566	0.1667	3.1711	0.1389		0.1435
3.9071	0.0833	2.9569	0.1667	3.0064	0.1667	3.3269	0.1111	3.7111	0.1111	3.5031	0.1111		0.1250
4.2252	0.1389	3.0522	0.0833	3.3590	0.2222	3.7307	0.2222	3.7324	0.1667	3.0841	0.1389		0.1620
4.4419	0.0556	3.3871	0.0833	3.4738	0.1944	3.8864	0.1667	3.5912	0.1667	3.4587	0.0833		0.1250
4.2970	0.0833	2.9290	0.0833	3.5389	0.1667	3.8756	0.1667	3.6302	0.1389	3.3269	0.1389		0.1296
4.1454	0.0278	3.2966	0.1389	3.7951	0.1667	4.0190	0.1944	3.5930	0.1667	3.3111	0.1389		0.1389
fc6_rbf_accuracy:0.1806

fc7_linear
Giang		Hai  		Long 		Minh 		Thuy 		Tuyen		Final accuracy
loss	acc 	loss	acc 	loss	acc 	loss	acc 	loss	acc 	loss	acc 	
3.8988	0.1389	4.1880	0.1667	3.2766	0.2222	3.6716	0.2222	4.5428	0.2500	4.1700	0.1389		0.1898
4.0862	0.1111	3.5198	0.2222	3.1758	0.2222	3.6940	0.1667	4.7536	0.2222	3.3738	0.1944		0.1898
4.6504	0.1667	2.9962	0.1389	3.6362	0.3056	3.9144	0.1667	4.3237	0.1667	3.5256	0.1944		0.1898
4.5781	0.1111	3.2444	0.1667	3.1948	0.2500	3.7733	0.2500	4.3256	0.1667	3.6081	0.1667		0.1852
4.2898	0.0833	2.9106	0.1667	3.5819	0.2500	4.0752	0.1944	4.2954	0.0833	3.3340	0.1944		0.1620
4.3475	0.0833	2.9971	0.1389	3.3306	0.1944	3.9759	0.1944	4.1766	0.1667	3.2937	0.1667		0.1574
fc7_linear_accuracy:0.2315

fc7_rbf
Giang		Hai  		Long 		Minh 		Thuy 		Tuyen		Final accuracy
loss	acc 	loss	acc 	loss	acc 	loss	acc 	loss	acc 	loss	acc 	
4.0919	0.0833	3.6214	0.0833	3.1893	0.1667	3.1674	0.1667	3.8499	0.1389	3.2215	0.1389		0.1296
3.8156	0.1944	2.6094	0.0833	2.6656	0.1667	3.5045	0.1667	3.7726	0.1667	2.8838	0.1111		0.1481
4.0904	0.1667	2.8784	0.0833	3.0146	0.2222	3.6038	0.2222	3.5252	0.1667	3.0612	0.1667		0.1713
4.4457	0.1389	3.2869	0.1111	3.3589	0.1944	3.9867	0.1667	3.1929	0.1667	3.5515	0.1389		0.1528
4.2569	0.0833	2.8843	0.1389	3.2890	0.2222	4.2045	0.1944	4.0569	0.1667	3.5038	0.1389		0.1574
4.3539	0.1111	2.9758	0.1389	3.2344	0.2222	3.7055	0.2222	4.3708	0.1667	3.4874	0.1389		0.1667
fc7_rbf_accuracy:0.1852

prob
Giang		Hai  		Long 		Minh 		Thuy 		Tuyen		Final accuracy
loss	acc 	loss	acc 	loss	acc 	loss	acc 	loss	acc 	loss	acc 	
2.6585	0.1111	2.1727	0.2500	2.0677	0.1667	2.1046	0.2222	2.4739	0.0278	2.3249	0.1389		0.1528
3.8813	0.0833	2.3795	0.1944	2.4498	0.1944	2.5535	0.1667	3.1828	0.2222	2.3820	0.2222		0.1806
4.0514	0.1111	2.4803	0.2222	2.8096	0.2500	3.3373	0.2500	4.0193	0.1667	2.8118	0.2222		0.2037
4.7799	0.0833	3.5621	0.1944	3.6978	0.1944	4.4151	0.1389	4.8780	0.1667	3.6834	0.1944		0.1620
5.8582	0.1389	3.4330	0.1111	4.0762	0.1667	4.7384	0.1944	5.5337	0.1111	3.4437	0.2222		0.1574
5.9205	0.0556	3.6570	0.1111	4.1622	0.1944	5.1065	0.1111	5.7759	0.1389	3.4262	0.2222		0.1389
prob_accuracy:0.2222

