output/result_backup/table_2019_05_17_original_12gestures_6_subjects/K1_K4_2019-05-18_11.13

fc6_linear
Giang		Hai  		Long 		Minh 		Thuy 		Tuyen		Final accuracy
loss	acc 	loss	acc 	loss	acc 	loss	acc 	loss	acc 	loss	acc 	
3.2934	0.2500	4.1269	0.2222	2.5479	0.2500	2.9989	0.3333	2.6067	0.3333	3.0021	0.2500		0.2731
2.6916	0.3333	3.9194	0.2500	2.5340	0.1944	3.2926	0.3333	1.9886	0.4722	2.7235	0.2500		0.3056
3.2076	0.3889	3.0123	0.3056	3.3536	0.2500	2.9981	0.3056	2.4349	0.3333	2.6526	0.3056		0.3148
3.2754	0.3333	2.9202	0.3056	3.5032	0.1944	2.9696	0.2778	2.8656	0.3611	2.9337	0.2500		0.2870
3.2698	0.3333	2.6861	0.3333	3.2402	0.1667	3.0577	0.2778	2.3345	0.4167	2.5150	0.2778		0.3009
2.9517	0.3333	2.7549	0.4167	3.2665	0.1111	3.0283	0.2778	2.3553	0.3611	2.4211	0.2778		0.2963
fc6_linear_accuracy:0.3611

fc6_rbf
Giang		Hai  		Long 		Minh 		Thuy 		Tuyen		Final accuracy
loss	acc 	loss	acc 	loss	acc 	loss	acc 	loss	acc 	loss	acc 	
2.5438	0.2222	3.3011	0.3056	2.6302	0.3611	2.5426	0.3333	2.3542	0.3611	2.9625	0.1389		0.2870
2.2964	0.3611	2.8493	0.3611	2.8181	0.1667	2.6701	0.3889	1.6701	0.3333	2.8512	0.2222		0.3056
2.3328	0.3056	2.3430	0.2222	2.7660	0.2222	2.8137	0.1944	2.1871	0.3333	2.3775	0.3889		0.2778
2.5753	0.3333	2.5052	0.3056	3.2559	0.2222	2.6434	0.2500	2.3714	0.3611	2.2456	0.3056		0.2963
2.6804	0.3333	2.6035	0.2222	3.1182	0.1944	2.8872	0.3333	2.2773	0.3611	2.3653	0.2778		0.2870
2.6651	0.3056	2.5091	0.2222	3.0121	0.1944	2.8898	0.4167	2.2441	0.4167	2.3323	0.2778		0.3056
fc6_rbf_accuracy:0.3843

fc7_linear
Giang		Hai  		Long 		Minh 		Thuy 		Tuyen		Final accuracy
loss	acc 	loss	acc 	loss	acc 	loss	acc 	loss	acc 	loss	acc 	
3.5618	0.2500	3.7006	0.2500	2.6495	0.2500	2.8422	0.3333	2.4758	0.3056	2.6437	0.2778		0.2778
2.6222	0.2778	3.1897	0.4167	2.6590	0.2500	3.0621	0.3333	1.8893	0.3056	2.5366	0.2500		0.3056
3.0345	0.3889	3.0348	0.2500	3.0536	0.1944	3.4466	0.2500	2.2012	0.3333	2.6382	0.3056		0.2870
3.0442	0.3333	3.0745	0.3056	2.9899	0.1667	3.0603	0.3056	2.2332	0.3333	2.4562	0.3611		0.3009
2.9536	0.3333	2.7735	0.2500	3.2400	0.3056	3.0990	0.2778	2.2453	0.3611	2.5168	0.2778		0.3009
2.9147	0.3333	2.6375	0.3611	3.1859	0.1389	3.0794	0.2500	2.1250	0.4444	2.4754	0.2778		0.3009
fc7_linear_accuracy:0.3750

fc7_rbf
Giang		Hai  		Long 		Minh 		Thuy 		Tuyen		Final accuracy
loss	acc 	loss	acc 	loss	acc 	loss	acc 	loss	acc 	loss	acc 	
2.4754	0.2500	3.1304	0.3611	2.7118	0.2778	2.4770	0.3889	2.1869	0.3056	2.5926	0.1389		0.2870
2.3170	0.4167	2.4940	0.3333	2.5518	0.2222	2.7116	0.3611	1.8451	0.3889	2.7013	0.2778		0.3333
2.5250	0.3889	2.6452	0.2500	2.9971	0.1111	2.9623	0.3056	2.0302	0.3333	2.1897	0.3333		0.2870
2.6873	0.3056	2.8112	0.3333	2.8266	0.0833	2.9402	0.2778	2.1212	0.3611	2.2025	0.3611		0.2870
2.7336	0.3333	2.6339	0.2222	3.1580	0.1111	2.9720	0.3056	1.9835	0.4167	2.2583	0.2778		0.2778
2.8082	0.3333	2.7987	0.3056	3.2986	0.1389	2.8053	0.3056	2.0823	0.3889	2.2608	0.2222		0.2824
fc7_rbf_accuracy:0.3704

prob
Giang		Hai  		Long 		Minh 		Thuy 		Tuyen		Final accuracy
loss	acc 	loss	acc 	loss	acc 	loss	acc 	loss	acc 	loss	acc 	
2.1788	0.2778	2.3136	0.2500	2.2553	0.2500	2.2233	0.3333	2.2144	0.3333	2.3498	0.2222		0.2778
2.1720	0.2500	2.5415	0.2222	2.3470	0.2222	2.4338	0.2500	2.9100	0.2500	2.6686	0.1944		0.2315
2.5057	0.3056	2.5411	0.2500	2.3086	0.1667	2.8050	0.2500	3.2043	0.2500	2.1894	0.2778		0.2500
2.7790	0.2778	3.1971	0.2500	2.5133	0.2222	2.9342	0.3056	2.7277	0.2500	2.6959	0.2500		0.2593
3.5946	0.3056	3.8718	0.1944	3.1410	0.1389	3.3354	0.3333	3.2467	0.3056	2.6818	0.2222		0.2500
3.6112	0.2778	3.3922	0.1667	3.1441	0.1667	3.2399	0.2500	3.5380	0.2500	2.5716	0.1944		0.2176
prob_accuracy:0.2917

