output/result_backup/table_2019_05_17_original_12gestures_6_subjects/K2_K3_2019-05-18_15.04

fc6_linear
Giang		Hai  		Long 		Minh 		Thuy 		Tuyen		Final accuracy
loss	acc 	loss	acc 	loss	acc 	loss	acc 	loss	acc 	loss	acc 	
4.2884	0.1667	3.0577	0.2222	3.4880	0.1944	3.9572	0.1667	4.4158	0.1667	3.5903	0.1667		0.1806
3.2124	0.1667	4.1368	0.1667	3.3686	0.2778	3.4037	0.2778	3.5966	0.3333	4.7025	0.1944		0.2361
2.8379	0.2500	3.8553	0.1667	3.5528	0.2500	3.1583	0.3611	3.0390	0.3056	4.4657	0.0833		0.2361
2.8843	0.3333	5.1686	0.0833	3.4523	0.3056	3.1226	0.3333	3.0258	0.3333	3.7573	0.1667		0.2593
2.8857	0.3056	3.3027	0.1667	3.1523	0.3611	3.6049	0.3056	3.2977	0.3056	4.7050	0.0833		0.2546
2.7259	0.2778	3.8529	0.1667	2.9827	0.3333	3.5449	0.3056	3.2236	0.3056	4.3130	0.0833		0.2454
fc6_linear_accuracy:0.3009

fc6_rbf
Giang		Hai  		Long 		Minh 		Thuy 		Tuyen		Final accuracy
loss	acc 	loss	acc 	loss	acc 	loss	acc 	loss	acc 	loss	acc 	
2.7689	0.3056	2.8862	0.2222	2.8404	0.2500	3.3154	0.0833	3.1239	0.2222	3.2010	0.2500		0.2222
2.5667	0.3333	2.9216	0.2500	2.7381	0.3333	2.8419	0.1667	2.4575	0.3056	3.0508	0.1667		0.2593
2.6024	0.3333	2.7000	0.1667	3.1235	0.3056	2.5393	0.3056	2.5459	0.3056	2.9249	0.2500		0.2778
2.7385	0.3056	3.5466	0.0833	3.0776	0.3889	2.6808	0.3333	3.4491	0.2222	2.5488	0.2500		0.2639
2.8179	0.3889	2.7440	0.2778	3.0135	0.4444	2.8477	0.3611	2.8843	0.3056	3.0572	0.1667		0.3241
2.6376	0.3333	2.8303	0.2500	2.9030	0.3611	2.7899	0.3333	2.8325	0.3889	2.8080	0.1667		0.3056
fc6_rbf_accuracy:0.3519

fc7_linear
Giang		Hai  		Long 		Minh 		Thuy 		Tuyen		Final accuracy
loss	acc 	loss	acc 	loss	acc 	loss	acc 	loss	acc 	loss	acc 	
3.3508	0.3056	3.7279	0.1944	3.2985	0.2778	2.8608	0.2500	3.0961	0.1944	3.1971	0.1944		0.2361
2.4371	0.2778	4.0103	0.1667	2.7755	0.2778	2.7053	0.2500	3.5525	0.2500	3.7862	0.2222		0.2407
2.5213	0.3056	3.4637	0.2222	3.0674	0.3056	2.4300	0.2222	2.7655	0.3056	4.1547	0.0833		0.2407
2.5572	0.2778	3.5768	0.1944	3.0151	0.3056	2.7135	0.1944	3.0189	0.3056	3.5281	0.0833		0.2269
2.3249	0.2778	3.4905	0.2222	3.0894	0.3333	2.5893	0.2500	2.9415	0.3056	3.9474	0.0833		0.2454
2.3234	0.2778	3.3429	0.2500	3.0676	0.3333	2.5491	0.2500	2.8430	0.3333	3.5766	0.1667		0.2685
fc7_linear_accuracy:0.2824

fc7_rbf
Giang		Hai  		Long 		Minh 		Thuy 		Tuyen		Final accuracy
loss	acc 	loss	acc 	loss	acc 	loss	acc 	loss	acc 	loss	acc 	
2.7345	0.2500	2.5725	0.1667	2.4450	0.3333	2.3501	0.1944	2.8853	0.1944	3.0343	0.1667		0.2176
2.4582	0.3333	2.7823	0.1944	2.6362	0.4167	2.4318	0.2222	2.9010	0.2500	2.7355	0.2778		0.2824
2.4324	0.3056	2.8675	0.1667	2.9903	0.3611	2.5133	0.1667	2.6141	0.3611	2.6700	0.1944		0.2593
2.5480	0.3056	2.9400	0.2500	2.8803	0.3889	2.5763	0.1667	2.7971	0.3333	2.5060	0.1667		0.2685
2.5460	0.2778	2.9455	0.2500	2.9116	0.3333	2.4966	0.2500	2.9568	0.3333	2.5440	0.1667		0.2685
2.8759	0.2500	2.9187	0.2222	3.0934	0.2500	2.5639	0.3056	2.6060	0.3333	2.5057	0.1667		0.2546
fc7_rbf_accuracy:0.3241

prob
Giang		Hai  		Long 		Minh 		Thuy 		Tuyen		Final accuracy
loss	acc 	loss	acc 	loss	acc 	loss	acc 	loss	acc 	loss	acc 	
2.0278	0.2778	2.2231	0.1944	2.3421	0.1944	2.4466	0.1111	2.8030	0.1944	2.2713	0.3056		0.2130
1.8195	0.3889	3.0348	0.1667	3.5197	0.1944	2.6973	0.2500	4.0047	0.1667	2.1670	0.3056		0.2454
2.2276	0.3056	3.4231	0.2222	3.5922	0.2500	2.9519	0.3333	3.8663	0.1389	2.4663	0.2222		0.2454
3.1381	0.1944	3.4084	0.2500	3.8269	0.3333	3.0956	0.3056	4.2162	0.2500	2.0532	0.3611		0.2824
2.7238	0.3333	3.7693	0.2500	4.6700	0.3611	3.1550	0.3333	4.3962	0.2500	2.1376	0.3333		0.3102
3.1091	0.3333	3.7791	0.2500	4.6182	0.3056	3.5895	0.2500	4.8053	0.2500	2.1589	0.3611		0.2917
prob_accuracy:0.3241

