output/result_backup/table_2019_05_17_original_12gestures_6_subjects/K2_K5_2019-05-18_17.32

fc6_linear
Giang		Hai  		Long 		Minh 		Thuy 		Tuyen		Final accuracy
loss	acc 	loss	acc 	loss	acc 	loss	acc 	loss	acc 	loss	acc 	
3.1186	0.1667	3.7089	0.2500	2.8048	0.1667	2.4517	0.3056	3.6104	0.1944	3.2852	0.2222		0.2176
2.9959	0.1944	2.3658	0.3333	3.1349	0.1389	2.5987	0.2222	3.1298	0.2778	3.4463	0.1667		0.2222
4.6474	0.2222	3.0288	0.2778	2.6002	0.3611	2.3082	0.3333	3.2585	0.3889	3.8925	0.1667		0.2917
3.3541	0.2778	2.4155	0.3611	2.7171	0.3333	2.3818	0.3611	3.1253	0.3056	3.5324	0.1667		0.3009
3.0144	0.3056	2.8338	0.2778	2.6189	0.3056	2.2892	0.3333	3.1919	0.3333	3.3815	0.3056		0.3102
2.9058	0.2500	2.9289	0.3056	2.9307	0.4167	2.4768	0.2778	3.2799	0.2778	3.3519	0.3611		0.3148
fc6_linear_accuracy:0.3657

fc6_rbf
Giang		Hai  		Long 		Minh 		Thuy 		Tuyen		Final accuracy
loss	acc 	loss	acc 	loss	acc 	loss	acc 	loss	acc 	loss	acc 	
2.9557	0.1944	2.5415	0.4444	2.3210	0.2778	2.3889	0.3056	2.7920	0.2222	2.5532	0.1944		0.2731
2.6382	0.2500	3.0689	0.1389	2.5218	0.2778	2.9488	0.0833	2.8537	0.2778	2.3301	0.3889		0.2361
3.1899	0.1389	2.1565	0.4167	2.2643	0.3889	2.1046	0.3611	3.3041	0.1944	2.6109	0.2778		0.2963
2.5529	0.3333	2.0549	0.4167	2.3113	0.3056	2.2005	0.3056	2.7650	0.2500	2.3825	0.3056		0.3194
2.4740	0.2500	2.3144	0.3889	2.4433	0.3056	1.9739	0.3333	2.9468	0.3056	2.6489	0.3889		0.3287
2.6430	0.2500	2.0536	0.4444	2.5273	0.3056	2.1033	0.3333	3.1943	0.2500	2.5250	0.3889		0.3287
fc6_rbf_accuracy:0.3704

fc7_linear
Giang		Hai  		Long 		Minh 		Thuy 		Tuyen		Final accuracy
loss	acc 	loss	acc 	loss	acc 	loss	acc 	loss	acc 	loss	acc 	
2.5216	0.3056	3.3298	0.1667	2.5877	0.2222	3.1272	0.2222	2.5637	0.2778	3.2227	0.2500		0.2407
2.2674	0.2222	2.3163	0.3333	2.4481	0.2500	2.7342	0.2500	2.6513	0.2778	2.5631	0.3056		0.2731
2.7238	0.1389	2.1815	0.3889	2.3605	0.3056	2.0874	0.3611	2.5540	0.2500	3.4725	0.2222		0.2778
2.7204	0.1111	2.0587	0.3056	2.2388	0.2500	2.2570	0.4167	2.6614	0.2500	2.9553	0.2778		0.2685
2.7254	0.2222	2.0660	0.2500	2.3664	0.3056	1.7539	0.3889	2.7740	0.2778	2.7399	0.2778		0.2870
2.6055	0.1944	1.9681	0.2500	2.2753	0.2778	1.8444	0.4167	2.7545	0.3056	2.6443	0.2500		0.2824
fc7_linear_accuracy:0.3380

fc7_rbf
Giang		Hai  		Long 		Minh 		Thuy 		Tuyen		Final accuracy
loss	acc 	loss	acc 	loss	acc 	loss	acc 	loss	acc 	loss	acc 	
2.3660	0.3333	2.1600	0.1667	1.9559	0.2222	2.3845	0.2500	2.3794	0.3056	2.3638	0.2500		0.2546
2.4306	0.2222	2.0464	0.3611	2.1369	0.2778	2.3335	0.2778	2.3616	0.2778	1.8591	0.5000		0.3194
2.3208	0.2222	1.9829	0.3611	2.2211	0.4167	1.9584	0.3611	2.4170	0.2500	2.4378	0.3611		0.3287
2.4810	0.3333	1.8234	0.3333	2.0982	0.2778	2.2715	0.3889	2.5480	0.2500	2.4620	0.4167		0.3333
2.3657	0.3333	1.9067	0.3611	2.2302	0.3333	1.9244	0.3611	2.6825	0.2500	2.4598	0.3333		0.3287
2.3240	0.2778	1.7853	0.3333	2.2165	0.2778	2.0900	0.3611	2.5442	0.3056	2.4187	0.3333		0.3148
fc7_rbf_accuracy:0.3843

prob
Giang		Hai  		Long 		Minh 		Thuy 		Tuyen		Final accuracy
loss	acc 	loss	acc 	loss	acc 	loss	acc 	loss	acc 	loss	acc 	
2.1113	0.2500	2.4250	0.0833	2.2308	0.1944	2.3331	0.2500	2.3263	0.1667	2.0586	0.1944		0.1898
2.3525	0.1944	2.3890	0.1667	2.1999	0.3056	2.3428	0.2222	2.5982	0.1944	2.0629	0.2500		0.2222
2.3021	0.2222	2.4686	0.1667	2.3925	0.2778	2.7481	0.2500	2.6850	0.3056	2.1192	0.2222		0.2407
3.0606	0.1944	2.4433	0.1667	2.4305	0.1389	3.1468	0.3056	3.2074	0.1667	3.1997	0.2500		0.2037
2.8507	0.1944	1.9234	0.2778	2.7852	0.2778	3.0555	0.3333	3.3873	0.3056	2.7888	0.2500		0.2731
3.0033	0.2222	2.1053	0.1944	2.6817	0.1667	3.0733	0.3056	3.7864	0.2500	3.2916	0.2500		0.2315
prob_accuracy:0.2870

