output/result_backup/table_2019_05_17_original_12gestures_6_subjects/K3_K5_2019-05-18_22.25

fc6_linear
Giang		Hai  		Long 		Minh 		Thuy 		Tuyen		Final accuracy
loss	acc 	loss	acc 	loss	acc 	loss	acc 	loss	acc 	loss	acc 	
2.9650	0.2500	4.6919	0.1944	3.9686	0.1944	1.9197	0.5278	2.2442	0.4444	2.7722	0.3333		0.3241
4.8863	0.1667	2.4331	0.3333	2.6976	0.4444	2.0581	0.5000	2.6019	0.4167	2.7858	0.3611		0.3704
2.9894	0.2500	1.7206	0.4722	2.1718	0.4722	2.0477	0.5000	1.8976	0.4722	1.8117	0.4167		0.4306
2.7606	0.1944	1.9574	0.4444	1.9895	0.5000	2.1688	0.4444	1.9130	0.4167	2.2205	0.4444		0.4074
2.4391	0.3889	1.6225	0.5556	1.8910	0.5278	1.9877	0.5000	1.6731	0.4167	2.4654	0.3889		0.4630
2.5412	0.3889	1.6190	0.5833	1.8085	0.5556	2.0144	0.5000	1.6813	0.4167	2.4806	0.4167		0.4769
fc6_linear_accuracy:0.4954

fc6_rbf
Giang		Hai  		Long 		Minh 		Thuy 		Tuyen		Final accuracy
loss	acc 	loss	acc 	loss	acc 	loss	acc 	loss	acc 	loss	acc 	
3.0201	0.3333	3.5973	0.1111	3.3599	0.2500	2.4533	0.3889	2.5731	0.3056	3.4570	0.2500		0.2731
3.1809	0.1667	3.9094	0.1389	1.9974	0.3333	2.0962	0.3889	2.3773	0.3889	2.3785	0.3056		0.2870
2.4559	0.3056	2.1438	0.4167	1.8876	0.4444	1.9121	0.3889	2.5631	0.3611	2.2136	0.4167		0.3889
2.6843	0.2500	1.9297	0.4167	1.9203	0.4444	1.8428	0.4167	1.9744	0.3889	2.0033	0.4444		0.3935
2.7351	0.2500	1.6746	0.4722	1.9195	0.4444	1.8102	0.4444	1.9154	0.2500	2.6378	0.4167		0.3796
2.4963	0.3056	1.7046	0.4722	1.7879	0.4722	1.9279	0.4167	1.7131	0.3889	2.1680	0.3889		0.4074
fc6_rbf_accuracy:0.4259

fc7_linear
Giang		Hai  		Long 		Minh 		Thuy 		Tuyen		Final accuracy
loss	acc 	loss	acc 	loss	acc 	loss	acc 	loss	acc 	loss	acc 	
2.8324	0.2500	2.4838	0.3611	2.6868	0.2500	2.2360	0.4167	2.1224	0.5000	2.2352	0.4722		0.3750
3.1186	0.1667	1.9480	0.3333	1.6361	0.4444	2.0854	0.5556	2.3958	0.4167	2.1148	0.3333		0.3750
2.4936	0.3056	1.8247	0.3611	1.8242	0.3889	1.9988	0.4444	1.9694	0.4167	2.0107	0.3611		0.3796
2.3371	0.3333	1.8825	0.3611	1.7076	0.5833	1.9931	0.5000	1.7318	0.5000	1.9354	0.3889		0.4444
2.2026	0.3333	1.7035	0.4722	1.7606	0.5278	1.8330	0.5000	1.7277	0.4722	2.2150	0.4444		0.4583
2.2050	0.3333	1.6237	0.5000	1.6850	0.5278	1.8934	0.4444	1.7463	0.4722	2.1524	0.4444		0.4537
fc7_linear_accuracy:0.4907

fc7_rbf
Giang		Hai  		Long 		Minh 		Thuy 		Tuyen		Final accuracy
loss	acc 	loss	acc 	loss	acc 	loss	acc 	loss	acc 	loss	acc 	
2.7742	0.3333	2.1515	0.2778	2.1645	0.3056	2.0036	0.4167	2.1300	0.4167	2.2284	0.3333		0.3472
2.3674	0.2778	2.2073	0.2778	1.8005	0.4722	1.8421	0.4444	2.0426	0.4167	2.1598	0.3056		0.3657
2.2292	0.3056	1.9111	0.3889	1.8159	0.4722	1.6220	0.4722	1.8768	0.4722	2.0429	0.4167		0.4213
2.4308	0.2500	1.7944	0.3056	1.6226	0.5556	1.6391	0.5278	1.7765	0.4722	1.7966	0.4722		0.4306
2.1707	0.3611	1.7457	0.4444	1.7468	0.4444	1.7137	0.4444	1.5841	0.5000	2.0826	0.4444		0.4398
2.2943	0.3333	1.6599	0.5000	1.7821	0.4444	1.7930	0.4444	1.6247	0.4444	2.0838	0.4167		0.4306
fc7_rbf_accuracy:0.4861

prob
Giang		Hai  		Long 		Minh 		Thuy 		Tuyen		Final accuracy
loss	acc 	loss	acc 	loss	acc 	loss	acc 	loss	acc 	loss	acc 	
1.8769	0.4167	2.1641	0.3056	2.3827	0.1667	1.9888	0.3333	1.9011	0.3333	1.9662	0.3056		0.3102
2.0455	0.3889	1.6621	0.3611	1.8117	0.2500	1.6741	0.2500	1.4455	0.5278	1.8916	0.3056		0.3472
1.8873	0.3333	1.6479	0.4722	1.5373	0.4167	1.5373	0.4444	1.4673	0.5278	1.8387	0.3333		0.4213
2.1912	0.3333	1.5836	0.4167	1.8581	0.3056	1.3913	0.4444	1.4422	0.6389	2.1324	0.3611		0.4167
2.3070	0.3333	1.4570	0.5278	1.6875	0.4722	1.4340	0.5556	1.7288	0.5000	1.8692	0.3611		0.4583
2.1858	0.3333	1.4105	0.5278	1.6874	0.4444	1.3045	0.5000	1.6732	0.5833	1.8867	0.3889		0.4630
prob_accuracy:0.5000

