output/result_backup/table_2019_05_17_original_12gestures_6_subjects/K3_K2_2019-05-18_19.59

fc6_linear
Giang		Hai  		Long 		Minh 		Thuy 		Tuyen		Final accuracy
loss	acc 	loss	acc 	loss	acc 	loss	acc 	loss	acc 	loss	acc 	
5.0981	0.0833	5.4456	0.1389	3.4120	0.2778	3.2996	0.2500	3.5631	0.1389	3.4551	0.2222		0.1852
4.2267	0.0833	3.8381	0.3611	2.7943	0.5556	3.1090	0.3056	3.2292	0.1389	2.2850	0.3611		0.3009
3.8999	0.0833	3.2263	0.3611	2.9667	0.4444	2.9764	0.3889	2.9447	0.1111	2.6883	0.3056		0.2824
3.9530	0.0833	3.2590	0.2778	2.5761	0.5556	2.8698	0.3611	3.1726	0.2500	2.2454	0.3889		0.3194
3.6413	0.0833	2.7434	0.3333	2.4312	0.5278	2.5119	0.4167	3.0473	0.1389	2.1113	0.3056		0.3009
3.5878	0.0833	2.7488	0.3056	2.1936	0.5000	2.4703	0.4167	3.4259	0.0833	2.1589	0.3333		0.2870
fc6_linear_accuracy:0.3426

fc6_rbf
Giang		Hai  		Long 		Minh 		Thuy 		Tuyen		Final accuracy
loss	acc 	loss	acc 	loss	acc 	loss	acc 	loss	acc 	loss	acc 	
3.8532	0.0833	4.2572	0.1944	3.2522	0.2222	3.3209	0.2222	3.1991	0.1944	3.0192	0.1667		0.1806
3.4521	0.0000	2.9115	0.3056	2.6094	0.1667	3.0181	0.2500	2.7982	0.1667	2.0749	0.2222		0.1852
3.2799	0.0833	3.0904	0.3333	2.3201	0.5000	2.8529	0.2222	2.7844	0.2222	2.1617	0.2500		0.2685
3.4286	0.0833	2.7897	0.3889	2.4373	0.4722	2.8033	0.2222	2.6914	0.1667	2.2750	0.3056		0.2731
3.3300	0.0833	2.6964	0.3611	2.2069	0.4444	2.7760	0.3333	2.7308	0.1667	2.1915	0.2500		0.2731
3.7189	0.0833	2.9502	0.3333	2.0732	0.5000	2.6422	0.2778	3.2789	0.1111	2.1714	0.2222		0.2546
fc6_rbf_accuracy:0.3056

fc7_linear
Giang		Hai  		Long 		Minh 		Thuy 		Tuyen		Final accuracy
loss	acc 	loss	acc 	loss	acc 	loss	acc 	loss	acc 	loss	acc 	
3.6351	0.0833	4.6680	0.1667	2.7991	0.3056	2.8830	0.3333	3.0650	0.1111	3.3639	0.2222		0.2037
3.3422	0.0833	2.9536	0.3056	2.3676	0.5556	2.7635	0.3889	3.0284	0.1944	2.1554	0.4444		0.3287
3.3304	0.0833	2.8203	0.3611	2.2451	0.4444	2.8611	0.2778	3.1120	0.2222	2.4591	0.3333		0.2870
3.0911	0.0833	2.8480	0.4444	2.2913	0.5000	2.6965	0.3333	2.8663	0.1944	2.1356	0.3889		0.3241
3.1887	0.0833	2.6860	0.3611	2.2755	0.3889	2.3273	0.3056	2.9713	0.2500	1.9964	0.3611		0.2917
3.2221	0.0833	2.6366	0.3889	2.0540	0.4444	2.3089	0.2778	2.9167	0.2500	1.9069	0.3889		0.3056
fc7_linear_accuracy:0.3611

fc7_rbf
Giang		Hai  		Long 		Minh 		Thuy 		Tuyen		Final accuracy
loss	acc 	loss	acc 	loss	acc 	loss	acc 	loss	acc 	loss	acc 	
3.1350	0.0833	3.8729	0.2222	2.3996	0.3333	2.5740	0.1944	2.8406	0.1389	2.8958	0.1667		0.1898
3.1062	0.0833	2.4563	0.3056	2.0095	0.3611	2.6150	0.2500	2.5905	0.1944	2.0835	0.1667		0.2269
3.0521	0.0833	2.5908	0.2500	1.9975	0.5278	2.7159	0.2500	2.6233	0.2778	2.0736	0.3056		0.2824
3.2911	0.0833	2.5149	0.3611	2.1098	0.5278	2.4920	0.2500	2.7062	0.1944	2.1626	0.2778		0.2824
3.2418	0.0833	2.4113	0.3889	2.0911	0.4167	2.4530	0.2778	2.9069	0.1944	2.2180	0.3056		0.2778
3.0283	0.0278	2.4783	0.3889	1.8500	0.5556	2.4007	0.3056	2.9171	0.1944	1.8940	0.3333		0.3009
fc7_rbf_accuracy:0.3241

prob
Giang		Hai  		Long 		Minh 		Thuy 		Tuyen		Final accuracy
loss	acc 	loss	acc 	loss	acc 	loss	acc 	loss	acc 	loss	acc 	
2.7806	0.0833	2.3987	0.2500	2.2442	0.1944	2.3590	0.2222	2.5305	0.1944	2.2243	0.2222		0.1944
3.3002	0.1111	2.3425	0.3611	2.1103	0.1667	2.4833	0.1667	3.0619	0.1667	1.9652	0.1667		0.1898
3.5360	0.1667	2.3615	0.4167	1.8644	0.3611	2.6356	0.1667	3.8477	0.1111	1.7461	0.3056		0.2546
3.6844	0.1111	2.6107	0.3889	2.0820	0.4167	2.2988	0.2500	4.0526	0.0833	2.0108	0.2778		0.2546
4.7658	0.1389	2.7298	0.3889	2.2263	0.2500	2.4031	0.1667	3.4148	0.1111	1.5665	0.3611		0.2361
4.5388	0.1389	2.5800	0.3889	2.1862	0.3056	2.4048	0.1944	4.0476	0.0833	1.8165	0.2778		0.2315
prob_accuracy:0.3009

