output/result_backup/table_2019_05_17_original_12gestures_6_subjects/K3_K1_2019-05-18_18.45

fc6_linear
Giang		Hai  		Long 		Minh 		Thuy 		Tuyen		Final accuracy
loss	acc 	loss	acc 	loss	acc 	loss	acc 	loss	acc 	loss	acc 	
3.6789	0.0833	5.5266	0.1111	4.2746	0.1944	3.9527	0.1389	4.8526	0.0833	4.3368	0.2222		0.1389
4.3230	0.1389	3.7465	0.1389	3.5654	0.1944	3.5414	0.0833	5.2241	0.1389	4.0781	0.1944		0.1481
3.7227	0.0556	3.6214	0.1389	3.6986	0.1667	3.2951	0.1389	3.7301	0.1389	3.8996	0.2222		0.1435
3.3107	0.0833	3.6667	0.1944	3.2708	0.2500	3.5538	0.1667	3.9433	0.1389	3.3051	0.1667		0.1667
3.0817	0.1389	3.3912	0.1667	3.2007	0.2778	3.2831	0.1389	3.7776	0.1389	3.3331	0.1944		0.1759
3.1254	0.0833	3.2802	0.1667	3.0804	0.2500	3.3325	0.1389	3.6831	0.1389	3.1663	0.1944		0.1620
fc6_linear_accuracy:0.1898

fc6_rbf
Giang		Hai  		Long 		Minh 		Thuy 		Tuyen		Final accuracy
loss	acc 	loss	acc 	loss	acc 	loss	acc 	loss	acc 	loss	acc 	
3.3722	0.1111	4.4475	0.0833	3.7591	0.1667	4.1603	0.1667	3.7700	0.1111	3.6907	0.1667		0.1343
2.7068	0.2500	4.0008	0.0833	3.1532	0.2222	3.4000	0.1667	3.7197	0.1111	3.4756	0.2500		0.1806
3.0427	0.1389	3.0293	0.1389	2.9612	0.2222	3.3967	0.1667	2.8417	0.1667	3.1242	0.1944		0.1713
3.0852	0.1667	3.2572	0.1111	2.7836	0.2500	3.5848	0.1667	3.1304	0.1667	3.1615	0.1667		0.1713
2.9395	0.1667	3.0438	0.1944	2.9157	0.1667	3.6407	0.1667	3.2000	0.1667	3.3083	0.0833		0.1574
3.0869	0.1389	2.8974	0.1944	2.8364	0.2500	3.5653	0.1667	3.3243	0.1667	2.9811	0.1667		0.1806
fc6_rbf_accuracy:0.2130

fc7_linear
Giang		Hai  		Long 		Minh 		Thuy 		Tuyen		Final accuracy
loss	acc 	loss	acc 	loss	acc 	loss	acc 	loss	acc 	loss	acc 	
3.2085	0.1111	3.0522	0.2222	3.3727	0.1111	3.8632	0.0556	3.9043	0.0556	3.6120	0.2222		0.1296
3.3121	0.1667	3.0472	0.1667	3.5038	0.2500	3.6054	0.1667	4.5072	0.1111	3.3676	0.2500		0.1852
3.0813	0.1389	3.1038	0.1389	3.3630	0.2500	3.3997	0.1944	3.4987	0.1111	3.2018	0.2222		0.1759
2.9797	0.1111	2.7312	0.1944	2.9940	0.2500	3.1527	0.1944	3.3301	0.1389	3.0064	0.1667		0.1759
2.8271	0.2500	2.8068	0.1389	3.1482	0.2500	3.0205	0.1944	3.2300	0.1389	2.9150	0.1667		0.1898
2.6774	0.1667	2.6590	0.1667	3.0267	0.2500	3.0201	0.1944	3.1652	0.1389	2.8346	0.1667		0.1806
fc7_linear_accuracy:0.2176

fc7_rbf
Giang		Hai  		Long 		Minh 		Thuy 		Tuyen		Final accuracy
loss	acc 	loss	acc 	loss	acc 	loss	acc 	loss	acc 	loss	acc 	
2.8298	0.1944	2.7841	0.1667	2.9428	0.1667	3.3923	0.1667	2.6648	0.3056	2.9737	0.1667		0.1944
2.7510	0.2500	2.6868	0.1944	2.8512	0.2500	3.0755	0.1944	2.7009	0.1667	3.0826	0.1944		0.2083
2.9255	0.1944	2.8062	0.1944	3.0326	0.2222	3.1827	0.1944	2.7684	0.1667	2.9346	0.1944		0.1944
2.9376	0.1389	2.6141	0.1667	2.7867	0.2500	3.2687	0.1667	3.0629	0.1667	2.8601	0.1667		0.1759
2.7744	0.1667	2.7382	0.1389	2.9189	0.2500	3.3361	0.1667	3.0682	0.1667	3.0401	0.1667		0.1759
2.8084	0.1389	2.6140	0.1667	3.0387	0.2500	3.2824	0.1667	3.1450	0.1667	3.3211	0.1111		0.1667
fc7_rbf_accuracy:0.2315

prob
Giang		Hai  		Long 		Minh 		Thuy 		Tuyen		Final accuracy
loss	acc 	loss	acc 	loss	acc 	loss	acc 	loss	acc 	loss	acc 	
2.5306	0.0833	2.6775	0.0833	2.4481	0.2222	2.9849	0.0833	2.8069	0.0833	2.8810	0.0833		0.1065
3.3671	0.1667	3.2124	0.1111	2.7212	0.0833	3.4744	0.0833	3.9220	0.1111	3.2856	0.1111		0.1111
3.1924	0.1111	2.7619	0.1111	3.7213	0.0833	3.8716	0.1389	3.4363	0.0833	3.1905	0.1111		0.1065
3.4070	0.1667	3.9811	0.0833	3.4600	0.1389	3.9363	0.0833	3.9000	0.0833	4.5345	0.1111		0.1111
3.6696	0.1389	3.2489	0.0833	3.7220	0.1389	3.3492	0.1667	4.1905	0.1111	4.3024	0.1111		0.1250
3.3889	0.1111	3.5494	0.0833	3.6300	0.1111	3.6895	0.1389	4.4678	0.0833	4.0578	0.1389		0.1111
prob_accuracy:0.1528

