output/result_backup/table_2019_05_17_original_12gestures_6_subjects/K4_K2_2019-05-19_00.51

fc6_linear
Giang		Hai  		Long 		Minh 		Thuy 		Tuyen		Final accuracy
loss	acc 	loss	acc 	loss	acc 	loss	acc 	loss	acc 	loss	acc 	
4.5551	0.1389	4.6048	0.0833	3.4161	0.1944	5.3427	0.0833	4.8017	0.1667	3.4139	0.1667		0.1389
3.8564	0.0833	3.7456	0.0833	3.2202	0.0278	3.3536	0.0833	3.7264	0.1944	2.8017	0.1111		0.0972
4.1556	0.0000	4.0970	0.0556	2.6693	0.1111	3.1118	0.1389	3.4340	0.0833	2.7866	0.1389		0.0880
3.3025	0.0833	3.7416	0.0556	3.1914	0.0833	3.2567	0.0278	3.3445	0.1667	2.6982	0.1667		0.0972
3.1097	0.0556	4.3589	0.0833	2.8782	0.0833	3.0258	0.1944	3.5878	0.1667	2.7161	0.1944		0.1296
3.0026	0.1111	3.3620	0.0833	3.3062	0.0278	3.1146	0.1667	3.3946	0.1667	2.5056	0.1944		0.1250
fc6_linear_accuracy:0.1667

fc6_rbf
Giang		Hai  		Long 		Minh 		Thuy 		Tuyen		Final accuracy
loss	acc 	loss	acc 	loss	acc 	loss	acc 	loss	acc 	loss	acc 	
3.5814	0.1389	3.7346	0.0833	2.7946	0.1111	3.7761	0.0556	4.1574	0.0278	2.8436	0.1389		0.0926
3.6234	0.0833	3.2315	0.1111	2.4685	0.2222	2.8571	0.0833	2.9634	0.1111	2.3014	0.2500		0.1435
3.1137	0.1111	3.0568	0.0833	2.7395	0.1389	2.7469	0.1111	2.9603	0.0833	2.2607	0.2778		0.1343
3.0676	0.0833	3.1820	0.0833	2.4994	0.1389	2.9366	0.1111	3.1553	0.1667	2.4267	0.2222		0.1343
2.9097	0.1111	4.2756	0.0278	2.5330	0.1111	2.8248	0.0833	3.3377	0.0000	2.6456	0.2500		0.0972
2.9511	0.0833	3.0910	0.1389	2.8832	0.0278	2.8086	0.1389	3.0355	0.0833	2.4279	0.2222		0.1157
fc6_rbf_accuracy:0.1806

fc7_linear
Giang		Hai  		Long 		Minh 		Thuy 		Tuyen		Final accuracy
loss	acc 	loss	acc 	loss	acc 	loss	acc 	loss	acc 	loss	acc 	
4.2398	0.0000	3.4722	0.0833	3.3772	0.1944	2.9222	0.1944	4.1667	0.1667	3.2441	0.1111		0.1250
3.5027	0.0833	3.8230	0.0000	2.7176	0.1667	3.5554	0.0833	3.3527	0.0833	3.0895	0.1667		0.0972
3.1552	0.0833	3.3499	0.1389	2.5701	0.2222	2.8503	0.0833	3.0650	0.1111	2.5940	0.1667		0.1343
3.4686	0.1389	3.1196	0.1389	2.7662	0.1667	2.9303	0.0833	3.3273	0.1667	2.7758	0.1389		0.1389
3.1420	0.0833	3.1667	0.0833	2.7254	0.1111	2.6391	0.1667	3.1642	0.0833	2.8468	0.1389		0.1111
3.0364	0.1389	2.9314	0.0833	2.6798	0.0556	2.5008	0.1667	3.3406	0.0556	2.7562	0.1667		0.1111
fc7_linear_accuracy:0.1713

fc7_rbf
Giang		Hai  		Long 		Minh 		Thuy 		Tuyen		Final accuracy
loss	acc 	loss	acc 	loss	acc 	loss	acc 	loss	acc 	loss	acc 	
3.7303	0.0833	2.9514	0.1667	2.7232	0.1389	2.6812	0.1667	3.8298	0.1667	2.5252	0.0278		0.1250
3.3645	0.0833	3.0747	0.1667	2.5343	0.1111	2.9566	0.0833	2.9754	0.1389	2.3894	0.1389		0.1204
3.1905	0.0833	2.8002	0.0833	2.4923	0.1389	2.6056	0.1111	3.1221	0.1667	2.3992	0.1667		0.1250
3.1584	0.0833	2.8709	0.0833	2.4229	0.1667	2.7858	0.1667	2.8625	0.1667	2.5162	0.1111		0.1296
3.1692	0.0833	2.8785	0.1111	2.4202	0.1667	2.5920	0.0833	3.0917	0.1667	2.5509	0.2500		0.1435
3.0035	0.0556	2.8639	0.1111	2.4561	0.0833	2.5678	0.1389	3.3330	0.1389	2.5026	0.2222		0.1250
fc7_rbf_accuracy:0.1667

prob
Giang		Hai  		Long 		Minh 		Thuy 		Tuyen		Final accuracy
loss	acc 	loss	acc 	loss	acc 	loss	acc 	loss	acc 	loss	acc 	
2.7934	0.1389	2.4182	0.1944	2.4822	0.1667	2.3689	0.2778	2.5212	0.1944	2.4548	0.0833		0.1759
3.4697	0.0833	3.2348	0.1667	2.8463	0.1111	2.5631	0.0833	3.0792	0.0833	2.5563	0.1944		0.1204
3.3194	0.0833	3.2301	0.0833	3.2513	0.0833	2.9925	0.0833	3.2759	0.0556	2.5424	0.1944		0.0972
3.5606	0.0833	2.9452	0.0833	3.2845	0.0556	2.6265	0.0833	3.1730	0.1389	2.6799	0.1389		0.0972
3.4134	0.0833	3.5862	0.1389	3.7051	0.0833	2.9336	0.0833	3.6478	0.0556	3.3134	0.1667		0.1019
3.4839	0.0833	3.3479	0.1111	3.3709	0.0833	3.0714	0.1111	3.6027	0.0556	2.8831	0.1667		0.1019
prob_accuracy:0.1944

