output/result_backup/table_2019_05_17_original_12gestures_6_subjects/K5_K1_2019-05-19_04.30

fc6_linear
Giang		Hai  		Long 		Minh 		Thuy 		Tuyen		Final accuracy
loss	acc 	loss	acc 	loss	acc 	loss	acc 	loss	acc 	loss	acc 	
4.1343	0.0278	3.6219	0.0833	4.4094	0.1667	3.6441	0.2500	3.2503	0.1389	3.4951	0.1111		0.1296
3.2007	0.0833	3.4916	0.0833	3.9667	0.1667	3.2081	0.1667	3.5604	0.0833	3.4438	0.1667		0.1250
2.9808	0.0833	3.2871	0.0278	3.6556	0.1667	3.0730	0.2222	3.9593	0.0833	2.6017	0.1111		0.1157
3.2584	0.0833	2.9045	0.0833	3.9493	0.1389	2.9221	0.2222	3.5060	0.0833	2.8725	0.1944		0.1343
3.0108	0.0833	2.8350	0.0833	3.2480	0.2222	2.8821	0.2222	3.3581	0.1111	2.7654	0.1667		0.1481
3.0036	0.0833	2.8334	0.0833	3.3366	0.1389	2.7984	0.2222	3.2462	0.1667	2.7608	0.1667		0.1435
fc6_linear_accuracy:0.1667

fc6_rbf
Giang		Hai  		Long 		Minh 		Thuy 		Tuyen		Final accuracy
loss	acc 	loss	acc 	loss	acc 	loss	acc 	loss	acc 	loss	acc 	
2.8385	0.0556	3.2132	0.0833	3.7450	0.1111	3.4514	0.1667	3.3127	0.0833	3.5402	0.1111		0.1019
2.7538	0.1389	2.9268	0.0833	2.8864	0.1667	3.1868	0.1667	3.9668	0.1111	2.7876	0.1667		0.1389
2.7563	0.1111	3.0979	0.0556	3.2315	0.1944	3.1059	0.1667	2.9497	0.1389	2.6148	0.1667		0.1389
2.9202	0.0833	2.7408	0.0833	3.5075	0.1111	3.6659	0.1944	2.8760	0.1944	2.7930	0.1667		0.1389
2.8067	0.0833	2.9367	0.1389	3.0042	0.1944	2.9245	0.1944	3.0475	0.1944	2.6765	0.2778		0.1806
2.7330	0.0833	2.8346	0.0833	2.9970	0.1944	2.9933	0.1111	2.9207	0.1667	2.8477	0.1667		0.1343
fc6_rbf_accuracy:0.1898

fc7_linear
Giang		Hai  		Long 		Minh 		Thuy 		Tuyen		Final accuracy
loss	acc 	loss	acc 	loss	acc 	loss	acc 	loss	acc 	loss	acc 	
3.1382	0.0833	3.0839	0.2500	3.1513	0.1111	3.1796	0.1667	3.2808	0.0278	2.8396	0.1111		0.1250
3.4146	0.1389	2.8820	0.1389	3.0386	0.1944	3.0009	0.1389	3.6112	0.0000	2.8775	0.1389		0.1250
3.0476	0.1389	2.8592	0.0833	3.1765	0.1111	2.8736	0.1111	3.3833	0.1111	2.6217	0.1389		0.1157
3.0104	0.1667	2.6043	0.0556	3.1102	0.1667	3.1152	0.1111	3.2743	0.0833	2.5984	0.1389		0.1204
2.9233	0.1667	2.6047	0.0278	2.9275	0.1667	2.7387	0.1667	3.3710	0.0833	2.6958	0.1667		0.1296
2.9925	0.1389	2.5277	0.0833	2.9411	0.1667	2.6933	0.2222	3.3751	0.0833	2.6723	0.1389		0.1389
fc7_linear_accuracy:0.1852

fc7_rbf
Giang		Hai  		Long 		Minh 		Thuy 		Tuyen		Final accuracy
loss	acc 	loss	acc 	loss	acc 	loss	acc 	loss	acc 	loss	acc 	
2.8595	0.0278	2.7631	0.1389	3.1143	0.0833	2.7307	0.1667	2.7638	0.0278	2.5867	0.1667		0.1019
2.7387	0.1667	2.6608	0.1111	2.8648	0.1667	2.8544	0.2222	2.9937	0.0556	2.6638	0.1667		0.1481
2.6856	0.0833	2.8301	0.0278	2.9379	0.1944	2.7526	0.0556	2.9156	0.2222	2.5771	0.1667		0.1250
2.8613	0.1667	2.5657	0.0278	3.0589	0.1667	2.8157	0.1111	3.0889	0.1944	2.6810	0.1389		0.1343
2.8198	0.1111	2.6698	0.1111	2.8729	0.1667	2.7200	0.1667	3.2339	0.0833	2.6678	0.1389		0.1296
2.6967	0.1667	2.6315	0.0556	2.9352	0.1667	2.7843	0.1667	3.1372	0.1667	2.6438	0.1389		0.1435
fc7_rbf_accuracy:0.1852

prob
Giang		Hai  		Long 		Minh 		Thuy 		Tuyen		Final accuracy
loss	acc 	loss	acc 	loss	acc 	loss	acc 	loss	acc 	loss	acc 	
3.0132	0.0833	2.7520	0.0833	3.3469	0.0833	3.2403	0.0833	2.8379	0.1667	3.0048	0.0833		0.0972
3.1788	0.1667	3.5851	0.0833	4.2893	0.0833	3.9757	0.0833	3.0646	0.0833	3.2986	0.1389		0.1065
3.5903	0.1667	3.3259	0.1667	4.2471	0.1111	3.4840	0.0833	3.0267	0.0556	3.2641	0.1111		0.1157
3.8033	0.1667	3.5373	0.1111	4.7327	0.1667	3.5319	0.0833	3.8076	0.1667	3.9617	0.1667		0.1435
3.4276	0.1667	3.4580	0.1111	5.4449	0.0833	3.5647	0.0833	3.7334	0.0556	3.8933	0.1667		0.1111
3.2618	0.1944	3.2553	0.1111	4.7140	0.1389	2.9896	0.0833	3.6955	0.1111	3.7232	0.1667		0.1343
prob_accuracy:0.1574

