output/result_backup/table_2019_05_17_original_12gestures_6_subjects/K5_K5_2019-05-18_00.54

fc6_linear
Giang		Hai  		Long 		Minh 		Thuy 		Tuyen		Final accuracy
loss	acc 	loss	acc 	loss	acc 	loss	acc 	loss	acc 	loss	acc 	
0.7179	0.8056	0.5192	0.8889	0.6769	0.8056	0.3438	0.9167	0.5594	0.8333	0.4974	0.8333		0.8472
0.6179	0.8333	0.4706	0.9167	0.6128	0.8056	0.3920	0.9167	0.6162	0.8333	0.2400	0.9167		0.8704
0.6043	0.8611	0.3668	0.9167	0.6032	0.8056	0.4113	0.9167	0.6056	0.8889	0.2235	0.9167		0.8843
0.5416	0.8333	0.3215	0.9167	0.5899	0.7778	0.2967	0.9167	0.5333	0.9167	0.2146	0.9444		0.8843
0.5837	0.8611	0.2674	0.9444	0.5572	0.7778	0.3206	0.9167	0.5435	0.8889	0.2177	0.9444		0.8889
0.5750	0.8611	0.2831	0.9444	0.5673	0.7778	0.2625	0.9167	0.5472	0.8889	0.2078	0.9444		0.8889
fc6_linear_accuracy:0.8981

fc6_rbf
Giang		Hai  		Long 		Minh 		Thuy 		Tuyen		Final accuracy
loss	acc 	loss	acc 	loss	acc 	loss	acc 	loss	acc 	loss	acc 	
0.7159	0.7500	0.5963	0.8611	0.7719	0.7222	0.3895	0.9167	0.7207	0.8333	0.4991	0.8889		0.8287
0.5993	0.8056	0.4137	0.9167	0.6977	0.7222	0.3691	0.9167	0.6743	0.8333	0.3243	0.9444		0.8565
0.5409	0.7222	0.3783	0.9444	0.5811	0.7500	0.2921	0.9167	0.6038	0.8333	0.2920	0.9444		0.8519
0.5440	0.8056	0.3525	0.9444	0.5699	0.7778	0.2399	0.9167	0.5790	0.8889	0.2387	0.9444		0.8796
0.5148	0.8056	0.2949	0.9444	0.6077	0.7778	0.2503	0.9167	0.6069	0.8611	0.2217	0.9444		0.8750
0.5304	0.8333	0.3113	0.9444	0.5694	0.7778	0.2247	0.9167	0.5722	0.8889	0.2085	0.9444		0.8843
fc6_rbf_accuracy:0.8843

fc7_linear
Giang		Hai  		Long 		Minh 		Thuy 		Tuyen		Final accuracy
loss	acc 	loss	acc 	loss	acc 	loss	acc 	loss	acc 	loss	acc 	
0.8219	0.7222	0.4628	0.8889	0.6512	0.7778	0.3640	0.9167	0.5593	0.8333	0.5303	0.8056		0.8241
0.6119	0.7778	0.2451	0.9722	0.6128	0.7778	0.3800	0.9167	0.6939	0.8333	0.3068	0.9167		0.8657
0.5181	0.8333	0.2719	0.9444	0.6360	0.7500	0.3725	0.9167	0.5325	0.8889	0.2361	0.9167		0.8750
0.5353	0.8333	0.2535	0.9444	0.5606	0.7778	0.2706	0.9167	0.5364	0.8889	0.2277	0.9444		0.8843
0.5371	0.8611	0.2502	0.9444	0.5948	0.7500	0.3109	0.8889	0.5377	0.8889	0.2119	0.9444		0.8796
0.5274	0.8611	0.2474	0.9722	0.5929	0.7500	0.2991	0.9167	0.5347	0.8889	0.2222	0.9444		0.8889
fc7_linear_accuracy:0.8935

fc7_rbf
Giang		Hai  		Long 		Minh 		Thuy 		Tuyen		Final accuracy
loss	acc 	loss	acc 	loss	acc 	loss	acc 	loss	acc 	loss	acc 	
0.6908	0.7500	0.5807	0.9167	0.7642	0.7500	0.4331	0.9167	0.6482	0.7778	0.4887	0.8333		0.8241
0.5826	0.7778	0.3660	0.9722	0.6660	0.7222	0.3845	0.9167	0.6628	0.8056	0.3748	0.9167		0.8519
0.5188	0.7500	0.3112	0.9722	0.6303	0.7778	0.3039	0.9167	0.5771	0.8333	0.2726	0.9444		0.8657
0.4781	0.7778	0.2150	0.9722	0.5915	0.7222	0.2332	0.9167	0.5832	0.9167	0.2224	0.9722		0.8796
0.5172	0.8056	0.2411	0.9722	0.6054	0.7500	0.2217	0.9167	0.5626	0.8611	0.2102	0.9444		0.8750
0.4898	0.8056	0.2139	0.9722	0.5691	0.7778	0.2334	0.9167	0.5269	0.9167	0.2104	0.9444		0.8889
fc7_rbf_accuracy:0.8935

prob
Giang		Hai  		Long 		Minh 		Thuy 		Tuyen		Final accuracy
loss	acc 	loss	acc 	loss	acc 	loss	acc 	loss	acc 	loss	acc 	
0.7081	0.6944	0.7104	0.7500	0.8668	0.5556	0.6052	0.7500	0.6038	0.8056	0.8754	0.5556		0.6852
0.7206	0.6667	0.3914	0.8333	0.8200	0.6389	0.3834	0.8056	0.3706	0.8056	0.6171	0.7778		0.7546
0.3843	0.8056	0.1764	0.9722	0.8415	0.6944	0.2310	0.8611	0.5380	0.7778	0.5193	0.8333		0.8241
0.6555	0.8056	0.1864	0.9444	0.7047	0.7222	0.2191	0.8333	0.3597	0.8889	0.5233	0.8333		0.8380
0.6714	0.7222	0.1022	1.0000	1.0264	0.8056	0.3166	0.9167	0.5109	0.8889	0.3100	0.8889		0.8704
0.5262	0.7500	0.0940	0.9722	0.8899	0.7500	0.1419	0.9444	0.5545	0.9167	0.2452	0.9444		0.8796
prob_accuracy:0.9028

