     0      2      3      0     13      0      0      0      0      0      0      0
     0     18      0      0      0      0      0      0      0      0      0      0
     0      0     18      0      0      0      0      0      0      0      0      0
     0      0      5      3     10      0      0      0      0      0      0      0
     0      0      3      0     15      0      0      0      0      0      0      0
     0      0      2      0      2     14      0      0      0      0      0      0
     0      0      7      0      3      6      2      0      0      0      0      0
     0     18      0      0      0      0      0      0      0      0      0      0
     0     14      0      0      0      0      0      0      4      0      0      0
     0     18      0      0      0      0      0      0      0      0      0      0
     0      1      7      0      8      0      0      0      2      0      0      0
     0      0      3      0     13      0      0      0      0      0      0      2
