     0      5      0      0      6      0      0      0      5      0      0      2
     0     17      0      0      0      0      0      0      1      0      0      0
     0      0     18      0      0      0      0      0      0      0      0      0
     0      0      0     15      3      0      0      0      0      0      0      0
     0      0      0      0     14      0      0      0      0      0      1      3
     0      0      2      0      7      9      0      0      0      0      0      0
     0      0      8      4      3      0      3      0      0      0      0      0
     0     18      0      0      0      0      0      0      0      0      0      0
     0     14      0      0      0      0      0      0      4      0      0      0
     0     18      0      0      0      0      0      0      0      0      0      0
     0      0      0     15      1      0      0      0      0      0      1      1
     0      0      0      3      9      0      0      0      0      0      0      6
