output/result_backup/table_30Jan2019_original_12gestures/K5_K5_2019-02-05_12.58

fc6_linear
Giang		Hai  		Long 		Minh 		Thuan		Thuy 		Tuyen		Final accuracy
loss	acc 	loss	acc 	loss	acc 	loss	acc 	loss	acc 	loss	acc 	loss	acc 	
0.6468	0.8056	0.7994	0.9167	0.8520	0.7778	0.5248	0.7778	2.2153	0.5556	0.6232	0.7778	0.5733	0.8056		0.7738
0.6484	0.8333	0.6296	0.8889	0.7750	0.8333	0.3666	0.9167	2.2368	0.5556	0.6047	0.9167	0.5215	0.8056		0.8214
0.5340	0.8056	0.5732	0.8889	0.6323	0.8889	0.4434	0.9167	2.2865	0.5556	0.5742	0.9167	0.5639	0.8333		0.8294
0.5278	0.8333	0.3270	0.8889	0.6472	0.8056	0.4477	0.9167	2.0370	0.5556	0.3553	0.9167	0.6082	0.8611		0.8254
0.5497	0.8333	0.2867	0.9444	0.6347	0.8333	0.2922	0.9167	1.8326	0.6389	0.4102	0.9167	0.5927	0.7778		0.8373
0.5448	0.8056	0.2872	0.9444	0.6256	0.7778	0.2122	0.9444	1.8662	0.5833	0.4402	0.9167	0.5212	0.8611		0.8333
fc6_linear_accuracy:0.8611

fc6_rbf
Giang		Hai  		Long 		Minh 		Thuan		Thuy 		Tuyen		Final accuracy
loss	acc 	loss	acc 	loss	acc 	loss	acc 	loss	acc 	loss	acc 	loss	acc 	
0.6523	0.8333	0.7428	0.8333	0.8666	0.6667	0.4709	0.8333	1.8910	0.5278	0.7553	0.7778	0.4572	0.8889		0.7659
0.6551	0.8333	0.4681	0.8889	0.7313	0.6944	0.3651	0.9444	1.6215	0.5556	0.6872	0.8611	0.4856	0.8889		0.8095
0.5999	0.8333	0.5085	0.8333	0.6796	0.7500	0.3010	0.9167	1.8372	0.5556	0.6460	0.9167	0.4576	0.8889		0.8135
0.4776	0.8056	0.3715	0.9444	0.6814	0.7500	0.2814	0.9167	1.8509	0.5556	0.4616	0.9167	0.5029	0.8611		0.8214
0.5228	0.7778	0.3405	0.9444	0.5997	0.8056	0.2262	0.9722	1.9600	0.5556	0.5070	0.8611	0.4150	0.8611		0.8254
0.4993	0.8056	0.3285	0.9444	0.5561	0.7778	0.2318	0.9722	2.0813	0.5556	0.5228	0.8889	0.4051	0.8889		0.8333
fc6_rbf_accuracy:0.8452

fc7_linear
Giang		Hai  		Long 		Minh 		Thuan		Thuy 		Tuyen		Final accuracy
loss	acc 	loss	acc 	loss	acc 	loss	acc 	loss	acc 	loss	acc 	loss	acc 	
0.5943	0.7778	1.0953	0.7500	0.9681	0.6944	0.5814	0.7500	2.2148	0.5833	0.5631	0.8333	0.5819	0.8611		0.7500
0.6556	0.8056	0.5277	0.8889	0.7117	0.8056	0.5451	0.8889	2.2829	0.5556	0.5964	0.8889	0.5736	0.8056		0.8056
0.5126	0.8056	0.5425	0.8889	0.6124	0.8889	0.4334	0.8889	2.1730	0.5556	0.6031	0.9167	0.5401	0.8611		0.8294
0.4463	0.8333	0.2878	0.9722	0.7324	0.7778	0.4231	0.9167	1.8866	0.5833	0.3442	0.9167	0.5674	0.8333		0.8333
0.5207	0.8333	0.2780	0.9444	0.5932	0.8611	0.2677	0.9167	1.9613	0.5833	0.4382	0.9167	0.6008	0.8333		0.8413
0.4758	0.8333	0.2945	0.9444	0.5595	0.7500	0.2038	0.9444	1.9443	0.6111	0.4640	0.9167	0.5596	0.8611		0.8373
fc7_linear_accuracy:0.8611

fc7_rbf
Giang		Hai  		Long 		Minh 		Thuan		Thuy 		Tuyen		Final accuracy
loss	acc 	loss	acc 	loss	acc 	loss	acc 	loss	acc 	loss	acc 	loss	acc 	
0.7240	0.7778	0.9841	0.7500	0.9154	0.6667	0.5277	0.7778	1.9566	0.5556	0.7981	0.7778	0.4470	0.8889		0.7421
0.5606	0.8333	0.4524	0.9167	0.7657	0.6389	0.3595	0.9167	1.7954	0.5278	0.6204	0.8056	0.4902	0.8889		0.7897
0.5626	0.8333	0.4487	0.8333	0.6841	0.6944	0.2869	0.9722	1.7428	0.5556	0.5231	0.8611	0.4113	0.8611		0.8016
0.5386	0.7778	0.3614	0.9444	0.6652	0.7500	0.2980	0.9444	1.8392	0.5556	0.4841	0.8611	0.5678	0.8611		0.8135
0.4985	0.7778	0.3202	0.9444	0.6363	0.7500	0.2048	0.9722	2.0832	0.5556	0.5522	0.8611	0.5117	0.8611		0.8175
0.4881	0.7778	0.3091	0.9444	0.5527	0.7778	0.2266	0.9722	1.9466	0.5556	0.5522	0.8889	0.4563	0.8611		0.8254
fc7_rbf_accuracy:0.8373

prob
Giang		Hai  		Long 		Minh 		Thuan		Thuy 		Tuyen		Final accuracy
loss	acc 	loss	acc 	loss	acc 	loss	acc 	loss	acc 	loss	acc 	loss	acc 	
1.4329	0.4722	1.4180	0.4722	1.3059	0.5000	1.3347	0.5000	3.1274	0.3056	1.1282	0.5278	1.2680	0.6111		0.4841
0.7165	0.6944	0.9308	0.7222	0.6911	0.6667	0.5192	0.7500	3.4025	0.6111	0.6064	0.7778	0.7039	0.7222		0.7063
0.5556	0.8333	0.8184	0.6944	0.8073	0.6944	0.3045	0.9167	3.1967	0.5556	0.6626	0.6667	0.8305	0.6944		0.7222
0.6466	0.6944	0.4686	0.8056	0.8211	0.7222	0.4194	0.8056	3.3871	0.4722	0.6221	0.8333	1.1194	0.7222		0.7222
0.6964	0.7222	0.5931	0.7500	0.7470	0.7500	0.1660	0.8889	3.0107	0.5833	0.2475	0.8611	1.3259	0.6944		0.7500
0.3435	0.8333	0.2609	0.9167	0.4062	0.8333	0.1339	0.9444	3.2067	0.5833	0.2753	0.9167	0.8759	0.8056		0.8333
prob_accuracy:0.8373

