     7      0      0      8      0      0      0      0      0      0      0      0
     0      7      0      0      0      0      0      0      0      8      0      0
     0      0     15      0      0      0      0      0      0      0      0      0
     0      0      0     15      0      0      0      0      0      0      0      0
     0      0      0      4      5      1      0      0      0      0      1      4
     0      0      0      0      0     15      0      0      0      0      0      0
     0      0      0      0      0      4     11      0      0      0      0      0
     0      3      0      0      0      0      0      0      6      5      0      1
     0      3      0      0      0      0      0      0      7      5      0      0
     0      0      0      0      0      0      0      0      0     15      0      0
     0      0      0     12      0      0      0      0      0      0      3      0
     1      0      0      3      1      2      0      0      0      0      0      8
