    18      0      0      0      0      0      0      0      0      0      0      0
     0      5      0      0      0      0      0      0      2     11      0      0
     0      0     18      0      0      0      0      0      0      0      0      0
     0      0      0     18      0      0      0      0      0      0      0      0
     0      0      0      0     15      0      0      0      0      0      0      3
     0      0      0      0      0     18      0      0      0      0      0      0
     0      0      0      0      0      0     18      0      0      0      0      0
     0      0      0      0      0      0      0      7      4      7      0      0
     0      0      0      0      0      0      0      0     16      2      0      0
     0      0      0      0      0      0      0      0      0     18      0      0
     0      0      0      4      1      0      0      0      0      0     12      1
     0      0      0      0      5      0      0      0      0      0      0     13
