    13      0      0      0      2      0      0      0      0      0      0      0
     0      0      0      0      0      0      0      0      1     14      0      0
     0      0     11      0      1      0      2      0      0      0      0      1
     0      0      0      7      0      1      4      0      0      0      3      0
     0      0      0      0     14      0      1      0      0      0      0      0
     0      0      0      0      0     14      1      0      0      0      0      0
     0      0      0      0      0      5     10      0      0      0      0      0
     0      0      0      0      0      0      0      2      1     12      0      0
     0      0      0      0      0      0      0      0     15      0      0      0
     0      0      0      0      0      0      0      0      1     14      0      0
     0      0      0      4      1      0      6      0      0      0      4      0
     0      0      0      0      9      0      1      0      0      0      1      4
