     0      7      0      3      5      0      0      0      0      0      0      3
     0     18      0      0      0      0      0      0      0      0      0      0
     0      0     18      0      0      0      0      0      0      0      0      0
     0      2      3     10      3      0      0      0      0      0      0      0
     0      0      2      1     12      0      0      0      0      0      0      3
     0      0      1      0      8      8      0      0      0      0      0      1
     0      0      2      2     10      1      2      0      0      0      0      1
     0     18      0      0      0      0      0      0      0      0      0      0
     0     14      0      0      0      0      0      0      4      0      0      0
     0     18      0      0      0      0      0      0      0      0      0      0
     0      3      1      8      6      0      0      0      0      0      0      0
     0      0      1      2     11      0      0      0      0      0      0      4
