    16      0      0      0      0      0      2      0      0      0      0      0
     0     15      0      0      0      0      0      0      0      3      0      0
     0      0     16      0      0      0      2      0      0      0      0      0
     0      0      0     15      1      0      0      0      0      0      0      2
     0      0      0      3      6      0      0      0      0      0      0      9
     0      0      0      0      0      0     18      0      0      0      0      0
     0      0      0      0      0      0     18      0      0      0      0      0
     0      2      0      0      0      0      0     16      0      0      0      0
     0      3      0      0      0      0      0      1     13      1      0      0
     0      0      0      0      0      0      0      0      0     18      0      0
     0      0      0      9      0      0      0      0      0      0      6      3
     0      0      0      0      3      0      0      0      0      0      3     12
