output/result_backup/table_27Jan_fc6_1024_fc7_1024_conv2a_64/K3_K1_2019-01-27_06.54

fc6_linear
Binh 		Giang		Hung 		Tan  		Thuan		Final accuracy
loss	acc 	loss	acc 	loss	acc 	loss	acc 	loss	acc 	
4.6170	0.1857	5.2812	0.2571	5.3096	0.2387	3.9092	0.3333	7.0503	0.1833		0.2396
3.7987	0.2000	5.4249	0.2000	4.4041	0.2323	3.1337	0.3810	4.8584	0.2000		0.2426
4.7694	0.2429	3.3008	0.2476	4.0819	0.2839	2.1042	0.3810	3.2910	0.2667		0.2844
3.6843	0.2500	1.7329	0.5524	4.1490	0.2000	1.9675	0.4762	3.4612	0.3250		0.3607
2.9870	0.4071	1.6620	0.5238	3.6452	0.2194	1.7698	0.5810	2.6986	0.4583		0.4379
3.2119	0.3071	1.6121	0.5333	3.4396	0.2387	1.8414	0.5143	2.4832	0.4583		0.4104
3.1542	0.3286	1.6274	0.5143	3.4301	0.2387	2.0905	0.4381	2.4623	0.4583		0.3956
3.1535	0.3357	1.6364	0.5143	3.4554	0.2387	1.5941	0.6571	2.4344	0.4583		0.4408
3.1476	0.3286	1.6634	0.5143	3.3944	0.2387	1.5655	0.7048	2.4189	0.4583		0.4489
3.1546	0.3500	1.6373	0.5238	3.4387	0.2387	1.6046	0.7048	2.3828	0.4583		0.4551
fc6_linear_accuracy:0.4813

fc6_rbf
Binh 		Giang		Hung 		Tan  		Thuan		Final accuracy
loss	acc 	loss	acc 	loss	acc 	loss	acc 	loss	acc 	
5.7240	0.1929	4.5448	0.2095	4.7696	0.2968	4.3373	0.2476	5.6946	0.2250		0.2344
4.7996	0.1643	3.3786	0.1905	3.7750	0.2710	3.6516	0.3429	4.5799	0.2500		0.2437
4.0056	0.2500	3.0273	0.3238	3.2351	0.2645	3.4566	0.4476	3.7991	0.2750		0.3122
3.2431	0.2214	1.7247	0.5333	1.9001	0.4645	1.9612	0.6857	3.3703	0.4000		0.4610
2.5985	0.3429	1.5254	0.5524	1.9749	0.4710	3.1270	0.3714	2.2347	0.4583		0.4392
2.6756	0.3857	1.5688	0.5619	1.9020	0.5613	4.1262	0.3238	2.4437	0.5000		0.4665
2.7639	0.3357	1.5625	0.5619	2.2096	0.3806	4.0984	0.3333	1.7909	0.5917		0.4407
2.7532	0.3500	1.5330	0.5810	1.9009	0.4581	3.7504	0.3238	1.6873	0.6250		0.4676
2.7399	0.3714	1.5588	0.5619	2.0877	0.4258	3.9675	0.3238	1.9605	0.5167		0.4399
2.7361	0.3714	1.5493	0.5619	2.2002	0.3806	3.5331	0.3333	1.6785	0.5917		0.4478
fc6_rbf_accuracy:0.5677

fc7_linear
Binh 		Giang		Hung 		Tan  		Thuan		Final accuracy
loss	acc 	loss	acc 	loss	acc 	loss	acc 	loss	acc 	
4.2006	0.2429	5.8073	0.1905	5.4662	0.2387	4.5457	0.2381	7.2808	0.1667		0.2154
5.7953	0.2000	4.3619	0.1714	4.6350	0.2387	3.9749	0.3238	5.0297	0.1917		0.2251
5.5951	0.1929	3.7221	0.2667	3.6615	0.2839	2.1066	0.4190	4.4324	0.2583		0.2842
3.3453	0.2214	2.1616	0.4095	2.2154	0.3613	1.3947	0.6571	3.9139	0.4000		0.4099
2.6437	0.2857	1.6607	0.5143	2.8895	0.2387	1.8570	0.6000	2.6701	0.4583		0.4194
2.8204	0.2643	1.5932	0.5048	2.8511	0.2581	1.7371	0.5905	2.3493	0.4583		0.4152
2.8385	0.2500	1.5951	0.5048	2.8341	0.2710	1.7208	0.6000	2.3301	0.4583		0.4168
2.7983	0.2500	1.6347	0.5048	2.8179	0.2710	1.7297	0.5810	2.3530	0.4583		0.4130
2.8190	0.2500	1.6264	0.5143	2.7885	0.2710	1.7565	0.5905	2.3761	0.4583		0.4168
2.7816	0.2500	1.6549	0.5048	2.8515	0.2710	1.7796	0.5810	2.3254	0.4583		0.4130
fc7_linear_accuracy:0.4554

fc7_rbf
Binh 		Giang		Hung 		Tan  		Thuan		Final accuracy
loss	acc 	loss	acc 	loss	acc 	loss	acc 	loss	acc 	
6.2448	0.1714	4.6013	0.1905	3.9376	0.2387	4.6065	0.2667	5.8096	0.1583		0.2051
6.2110	0.2357	3.3435	0.2000	3.2236	0.2903	3.7384	0.3048	5.1618	0.1833		0.2428
4.6601	0.2500	3.2591	0.3238	3.3768	0.3548	3.0470	0.3905	4.8188	0.2500		0.3138
3.0801	0.2571	1.8790	0.5333	2.0618	0.5032	1.8081	0.6381	3.7330	0.4167		0.4697
2.5638	0.2071	1.6889	0.5143	2.4435	0.3097	1.9929	0.5905	2.6065	0.4583		0.4160
2.5912	0.2571	1.7010	0.5143	2.5009	0.3290	1.8502	0.5905	2.4228	0.4583		0.4299
2.5993	0.2500	1.7341	0.5048	2.5001	0.3290	1.8142	0.6000	2.4220	0.4583		0.4284
2.5997	0.2500	1.7352	0.5143	2.4978	0.3290	1.8092	0.5905	2.4571	0.4583		0.4284
2.5950	0.2500	1.7493	0.5048	2.5139	0.3290	1.7874	0.5905	2.4490	0.4583		0.4265
2.5798	0.2571	1.7316	0.5143	2.5311	0.3290	1.7767	0.5905	2.3884	0.4583		0.4299
fc7_rbf_accuracy:0.4780

prob
Binh 		Giang		Hung 		Tan  		Thuan		Final accuracy
loss	acc 	loss	acc 	loss	acc 	loss	acc 	loss	acc 	
1.6466	0.1786	1.6168	0.2571	1.6051	0.2581	1.6159	0.2381	1.6557	0.0833		0.2030
1.6626	0.1786	1.6093	0.2381	1.6113	0.2581	1.5997	0.1905	1.7075	0.0833		0.1897
1.6125	0.1786	1.5919	0.2667	1.5905	0.3097	1.5846	0.2381	1.6524	0.2083		0.2403
1.4816	0.2643	1.9294	0.2952	1.3894	0.3419	1.1086	0.6381	1.5852	0.3083		0.3696
2.8500	0.3286	1.7571	0.5143	2.9967	0.3161	1.9509	0.5429	2.1578	0.4500		0.4304
3.0059	0.2286	1.8539	0.5143	3.4128	0.2903	1.8184	0.6095	2.6834	0.4583		0.4202
3.1513	0.2071	1.8234	0.5143	3.5508	0.2774	1.8609	0.6095	2.8114	0.4583		0.4133
3.2215	0.2071	1.9047	0.5048	3.6989	0.2903	1.8390	0.6095	2.8705	0.4583		0.4140
3.3573	0.1786	1.9459	0.4952	3.8172	0.2774	1.8593	0.6190	2.8474	0.4583		0.4057
3.3400	0.2071	2.0152	0.4857	3.8749	0.2710	1.8435	0.6286	2.9762	0.4583		0.4101
prob_accuracy:0.4562

