output/result/K1_K1_2019-02-15_18.19

fc6_linear
Giang		Hai  		Long 		Minh 		Thuan		Thuy 		Tuyen		Final accuracy
loss	acc 	loss	acc 	loss	acc 	loss	acc 	loss	acc 	loss	acc 	loss	acc 	
1.6066	0.4444	1.2499	0.6111	0.9428	0.6389	1.5440	0.3611	3.3830	0.3889	1.9122	0.6389	1.3249	0.6389		0.5317
1.2911	0.5556	1.0439	0.6667	0.9949	0.5278	1.4392	0.4444	3.0196	0.3889	1.7205	0.5556	1.4978	0.5556		0.5278
1.2414	0.6111	1.1259	0.6667	0.9241	0.5000	1.3188	0.5278	3.0216	0.4167	1.6280	0.5556	1.6738	0.6111		0.5556
1.1784	0.6111	1.0927	0.6389	1.0261	0.5833	1.3587	0.5833	3.0320	0.3889	1.6750	0.5000	1.8553	0.5556		0.5516
1.0770	0.6667	1.0572	0.6667	0.9732	0.6111	1.2557	0.5278	2.9393	0.4167	1.6559	0.5278	1.6772	0.5556		0.5675
1.1510	0.6111	1.0676	0.6667	0.9275	0.5556	1.2833	0.6389	2.9567	0.4167	1.6509	0.5278	1.6361	0.5833		0.5714
fc6_linear_accuracy:0.6151

fc6_rbf
Giang		Hai  		Long 		Minh 		Thuan		Thuy 		Tuyen		Final accuracy
loss	acc 	loss	acc 	loss	acc 	loss	acc 	loss	acc 	loss	acc 	loss	acc 	
1.4428	0.5278	1.2142	0.6111	0.9147	0.5833	1.4465	0.4444	2.4917	0.3333	1.6698	0.5556	1.4168	0.6111		0.5238
1.3052	0.5278	1.1176	0.6389	0.9599	0.5833	1.2972	0.4722	2.3099	0.3889	1.4980	0.6111	1.3709	0.5556		0.5397
1.2402	0.5000	1.0405	0.6667	0.8398	0.6389	1.2507	0.5833	2.5476	0.3056	1.5164	0.5000	1.3814	0.6389		0.5476
1.1989	0.4722	1.0807	0.6389	0.8849	0.5833	1.1777	0.5556	2.8998	0.3889	1.5740	0.5278	1.5788	0.6111		0.5397
1.0772	0.4444	1.1360	0.6667	0.9291	0.6111	1.2297	0.5556	3.1206	0.3889	1.6182	0.5000	1.4846	0.5833		0.5357
1.2460	0.5278	1.0940	0.6389	0.8343	0.6389	1.1217	0.5833	3.1586	0.3889	1.5228	0.5556	1.4964	0.6667		0.5714
fc6_rbf_accuracy:0.5833

fc7_linear
Giang		Hai  		Long 		Minh 		Thuan		Thuy 		Tuyen		Final accuracy
loss	acc 	loss	acc 	loss	acc 	loss	acc 	loss	acc 	loss	acc 	loss	acc 	
1.6390	0.4722	1.3036	0.5556	0.9940	0.6389	1.7528	0.3611	3.2432	0.3889	2.0177	0.5556	1.5475	0.5556		0.5040
1.2637	0.6389	1.1242	0.6111	0.9934	0.6111	1.5314	0.4167	2.7843	0.3611	1.7238	0.5833	1.6060	0.5556		0.5397
1.2181	0.5278	1.2157	0.6389	1.0069	0.5278	1.4098	0.5278	2.8310	0.3889	1.6580	0.5000	1.8976	0.6111		0.5317
1.1855	0.5556	1.1947	0.6389	1.0431	0.5833	1.2376	0.6111	2.9630	0.3889	1.7064	0.5000	1.8850	0.6111		0.5556
1.1239	0.5556	1.2222	0.6389	1.0073	0.6667	1.2868	0.5833	2.9413	0.3889	1.6947	0.5000	1.7769	0.5556		0.5556
1.1313	0.5556	1.1299	0.6667	0.9664	0.6111	1.2267	0.6389	2.8693	0.3889	1.6923	0.5000	1.7161	0.5556		0.5595
fc7_linear_accuracy:0.5992

fc7_rbf
Giang		Hai  		Long 		Minh 		Thuan		Thuy 		Tuyen		Final accuracy
loss	acc 	loss	acc 	loss	acc 	loss	acc 	loss	acc 	loss	acc 	loss	acc 	
1.4964	0.4444	1.2485	0.5278	0.9908	0.6111	1.5214	0.4444	2.3326	0.3611	1.9335	0.4167	1.4167	0.6111		0.4881
1.2733	0.5000	1.0974	0.6111	0.9206	0.6389	1.3013	0.5556	2.4265	0.3889	1.5542	0.5556	1.3978	0.5833		0.5476
1.2971	0.5000	1.1169	0.6667	0.8902	0.6111	1.2077	0.6111	2.6760	0.3889	1.6755	0.4167	1.4615	0.6111		0.5437
1.1552	0.4444	1.0935	0.6944	0.9329	0.5833	1.1186	0.6111	3.0130	0.4167	1.6021	0.5278	1.5775	0.5833		0.5516
1.0498	0.5556	1.1797	0.6944	0.9105	0.6389	1.1668	0.6111	3.2131	0.4167	1.6500	0.5000	1.5662	0.6389		0.5794
1.2173	0.5278	1.0936	0.6944	0.9013	0.6389	1.0937	0.6111	3.0457	0.3889	1.6461	0.5278	1.5642	0.6389		0.5754
fc7_rbf_accuracy:0.5873

prob
Giang		Hai  		Long 		Minh 		Thuan		Thuy 		Tuyen		Final accuracy
loss	acc 	loss	acc 	loss	acc 	loss	acc 	loss	acc 	loss	acc 	loss	acc 	
1.6822	0.4444	1.3596	0.5556	1.4200	0.5000	1.6831	0.3611	2.4447	0.3056	1.5777	0.4167	1.3204	0.5556		0.4484
1.0785	0.5833	1.0278	0.5556	1.0090	0.5556	1.5454	0.3889	2.9469	0.3611	1.3629	0.5833	1.0013	0.5833		0.5159
1.2454	0.4722	0.9004	0.6389	0.9752	0.6111	1.8133	0.4167	3.4460	0.3889	1.4351	0.5000	1.1418	0.5833		0.5159
1.1801	0.4722	1.1818	0.6389	1.0974	0.5000	1.2774	0.5833	3.6317	0.3611	2.1244	0.5278	1.5184	0.5833		0.5238
0.8241	0.6389	1.3197	0.5833	0.9215	0.6389	1.6381	0.5278	3.6486	0.3611	1.7119	0.5000	2.1956	0.5556		0.5437
1.0759	0.4722	0.8981	0.6944	0.9658	0.5278	1.3549	0.5833	3.8315	0.3611	1.9165	0.5000	1.3371	0.6667		0.5437
prob_accuracy:0.5992

