     0      4      0      0     11      0      0      0      0      0      0      3
     0     18      0      0      0      0      0      0      0      0      0      0
     0      0     16      2      0      0      0      0      0      0      0      0
     0      1      0     13      4      0      0      0      0      0      0      0
     0      0      3      0     15      0      0      0      0      0      0      0
     0      0      0      4     10      4      0      0      0      0      0      0
     0      1      2      2     12      1      0      0      0      0      0      0
     0     17      0      0      1      0      0      0      0      0      0      0
     0     18      0      0      0      0      0      0      0      0      0      0
     0     18      0      0      0      0      0      0      0      0      0      0
     0      0      0     10      8      0      0      0      0      0      0      0
     0      0      3      0     15      0      0      0      0      0      0      0
