    18      0      0      0      0      0      0      0      0      0      0      0
     0      7      0      0      0      0      0      0      2      8      0      1
     0      0     16      0      1      0      0      0      1      0      0      0
     0      0      0      5     10      3      0      0      0      0      0      0
     0      0      0      0     18      0      0      0      0      0      0      0
     0      0      0      0      0     18      0      0      0      0      0      0
     0      0      0      0      0      0     18      0      0      0      0      0
     0      5      0      0      0      0      0      0      4      9      0      0
     0      7      0      0      0      0      0      0      3      8      0      0
     0      1      0      0      0      0      0      0      0     17      0      0
     0      0      0      2     11      0      0      0      0      0      4      1
     0      0      0      0      9      0      0      0      0      0      0      9
