    15      0      0      0      0      0      0      0      0      0      0      0
     0      0      0      0      0      0      0      0      1     14      0      0
     0      0     15      0      0      0      0      0      0      0      0      0
     0      0      0     14      0      1      0      0      0      0      0      0
     0      0      0      2     10      3      0      0      0      0      0      0
     0      0      0      0      0     15      0      0      0      0      0      0
     0      0      0      0      0     11      4      0      0      0      0      0
     0      0      0      0      0      0      0      0      0     15      0      0
     0      0      0      0      0      0      0      0      0     15      0      0
     0      0      0      0      0      0      0      0      0     15      0      0
     0      0      0     15      0      0      0      0      0      0      0      0
     1      0      0      4      5      2      0      0      0      0      0      3
