     0      3      4      0     11      0      0      0      0      0      0      0
     0     18      0      0      0      0      0      0      0      0      0      0
     0      0     18      0      0      0      0      0      0      0      0      0
     0      1      1     12      4      0      0      0      0      0      0      0
     0      0      3      0     15      0      0      0      0      0      0      0
     0      0      3      0      9      6      0      0      0      0      0      0
     0      1      5      2     10      0      0      0      0      0      0      0
     0     18      0      0      0      0      0      0      0      0      0      0
     0     18      0      0      0      0      0      0      0      0      0      0
     0     18      0      0      0      0      0      0      0      0      0      0
     0      3      4      4      7      0      0      0      0      0      0      0
     0      1      3      0      7      0      0      0      0      0      0      7
