/home/dangmanhtruong95/Cuong/c3d_luanvan/output/result/K4_K1_2019-01-29_23.02

fc6_linear
Giang		Hai  		Long 		Minh 		Thuan		Thuy 		Tuyen		Final accuracy
loss	acc 	loss	acc 	loss	acc 	loss	acc 	loss	acc 	loss	acc 	loss	acc 	
6.8726	0.0833	5.0997	0.1667	5.2170	0.0833	4.2265	0.0833	5.3697	0.1111	5.7802	0.0833	3.1880	0.1667		0.1111
5.5575	0.0833	4.7481	0.1667	4.3178	0.1944	3.9841	0.1944	5.2217	0.1389	4.1563	0.1944	3.0168	0.2222		0.1706
5.0871	0.0833	4.1351	0.1667	4.1121	0.1667	3.4295	0.0833	4.9819	0.1667	3.7100	0.0833	2.6924	0.2222		0.1389
4.7047	0.0833	4.4433	0.1667	3.9486	0.0833	3.2376	0.1389	5.2233	0.1111	3.4003	0.1111	2.5501	0.2778		0.1389
4.2133	0.0833	4.1350	0.1667	4.3110	0.0833	3.4310	0.1667	4.0903	0.2222	3.5218	0.0278	2.5889	0.3333		0.1548
3.9744	0.1667	4.0773	0.1667	4.0239	0.1111	3.4600	0.1667	4.1293	0.2222	3.5231	0.1944	2.6275	0.2778		0.1865
fc6_linear_accuracy:0.1865

fc6_rbf
Giang		Hai  		Long 		Minh 		Thuan		Thuy 		Tuyen		Final accuracy
loss	acc 	loss	acc 	loss	acc 	loss	acc 	loss	acc 	loss	acc 	loss	acc 	
4.3420	0.1111	4.4171	0.0278	3.5626	0.1111	2.8498	0.1667	4.1391	0.0556	3.6500	0.1111	3.0244	0.1111		0.0992
3.6787	0.1667	3.8012	0.2500	3.2481	0.2222	3.1894	0.1944	3.9459	0.0833	4.1855	0.0833	3.2753	0.1667		0.1667
4.3483	0.0833	3.9316	0.1111	3.2012	0.2222	3.2784	0.1667	3.8128	0.0833	3.4479	0.2500	3.4110	0.1944		0.1587
3.9937	0.0833	3.9623	0.1667	3.0712	0.2222	3.1655	0.1667	4.5699	0.0833	3.3156	0.2222	2.8050	0.1667		0.1587
3.7364	0.0833	3.9306	0.1111	3.8059	0.1667	3.2789	0.1667	3.9300	0.1111	3.9506	0.0278	2.8204	0.1667		0.1190
3.8265	0.1389	3.8176	0.2500	3.4423	0.1944	3.2580	0.1667	3.8808	0.0833	3.9598	0.0000	2.7787	0.1944		0.1468
fc6_rbf_accuracy:0.1667

fc7_linear
Giang		Hai  		Long 		Minh 		Thuan		Thuy 		Tuyen		Final accuracy
loss	acc 	loss	acc 	loss	acc 	loss	acc 	loss	acc 	loss	acc 	loss	acc 	
4.4656	0.1667	3.8397	0.0833	5.0207	0.0833	3.0819	0.0556	4.9349	0.1111	3.6978	0.2500	3.4634	0.1111		0.1230
4.2422	0.0833	3.6438	0.1111	3.8611	0.0833	3.0057	0.1944	4.3026	0.1389	3.3458	0.2778	2.7359	0.3333		0.1746
3.7073	0.1667	3.1358	0.0833	3.3340	0.0833	2.8691	0.1667	3.9207	0.1944	3.1133	0.2500	2.4813	0.3056		0.1786
3.7435	0.0833	3.2792	0.1389	3.0591	0.1389	2.5497	0.2222	3.6193	0.1111	3.1632	0.2222	2.4527	0.2778		0.1706
3.7824	0.1389	3.1274	0.0833	3.3330	0.0833	2.6924	0.1944	3.4876	0.1944	2.9303	0.3333	2.4953	0.2778		0.1865
3.8195	0.1667	3.1352	0.1111	3.3326	0.0833	2.7433	0.1667	3.6048	0.1667	2.9491	0.3611	2.4806	0.2778		0.1905
fc7_linear_accuracy:0.1905

fc7_rbf
Giang		Hai  		Long 		Minh 		Thuan		Thuy 		Tuyen		Final accuracy
loss	acc 	loss	acc 	loss	acc 	loss	acc 	loss	acc 	loss	acc 	loss	acc 	
3.8553	0.0833	3.7443	0.1389	3.5123	0.0833	2.7422	0.2222	3.7905	0.1389	3.0587	0.1667	3.0720	0.1389		0.1389
4.0765	0.1389	3.5709	0.0833	3.2598	0.1111	2.9798	0.1389	3.8342	0.0833	2.9004	0.2500	3.0150	0.1944		0.1429
3.8839	0.0833	3.3579	0.1111	3.0058	0.1111	2.9079	0.1944	3.7900	0.0833	3.0350	0.1944	2.6338	0.2778		0.1508
3.9422	0.1667	3.6209	0.1667	2.9354	0.1667	3.4642	0.1111	3.6539	0.0833	3.2691	0.2500	2.6053	0.3056		0.1786
4.0551	0.1667	3.4689	0.1389	3.2789	0.1111	2.9735	0.1667	3.6962	0.0833	3.2258	0.2500	2.5440	0.2500		0.1667
4.0266	0.1389	3.4235	0.1389	3.2169	0.1111	2.9696	0.1944	3.7006	0.1944	3.0530	0.2500	2.5213	0.2500		0.1825
fc7_rbf_accuracy:0.1825

prob
Giang		Hai  		Long 		Minh 		Thuan		Thuy 		Tuyen		Final accuracy
loss	acc 	loss	acc 	loss	acc 	loss	acc 	loss	acc 	loss	acc 	loss	acc 	
2.7096	0.2222	3.0317	0.0833	2.8867	0.0833	2.4539	0.0833	3.9277	0.0833	2.4727	0.1944	2.6645	0.0833		0.1190
3.2494	0.0833	3.4537	0.0556	3.1295	0.1111	2.7796	0.0556	5.3391	0.0833	2.4087	0.1944	3.0251	0.0556		0.0913
3.4752	0.1111	3.9193	0.0833	3.6502	0.0833	3.0743	0.0000	5.1511	0.0833	2.7931	0.1111	2.9588	0.1667		0.0913
3.7767	0.0833	3.9777	0.0556	3.8973	0.0833	3.3008	0.0278	5.5969	0.0833	2.6525	0.2500	2.8370	0.1389		0.1032
3.8847	0.1944	4.7833	0.0556	4.0123	0.0833	3.2019	0.0278	6.1146	0.0833	2.7831	0.2222	2.8100	0.1944		0.1230
3.9601	0.1944	4.5108	0.0833	4.1812	0.0833	3.1926	0.0000	6.0345	0.0833	2.8515	0.2222	2.8737	0.2222		0.1270
prob_accuracy:0.1270

