     0      1      2      0      8      0      0      0      5      0      0      2
     0     18      0      0      0      0      0      0      0      0      0      0
     0      0     18      0      0      0      0      0      0      0      0      0
     0      0      0     16      2      0      0      0      0      0      0      0
     0      0      2      3      9      0      0      0      0      0      0      4
     0      0      0      0      1     16      1      0      0      0      0      0
     0      0      4      4      3      4      3      0      0      0      0      0
     0     18      0      0      0      0      0      0      0      0      0      0
     0     13      0      0      0      0      0      0      5      0      0      0
     0     18      0      0      0      0      0      0      0      0      0      0
     0      1      0     17      0      0      0      0      0      0      0      0
     0      0      0      3     10      0      0      0      0      0      0      5
