    15      0      0      0      0      0      0      0      0      0      0      0
     0      4      0      0      0      0      0      2      3      6      0      0
     0      0     15      0      0      0      0      0      0      0      0      0
     0      0      0     12      0      0      0      0      0      0      3      0
     0      0      0      3     11      0      0      0      0      0      0      1
     0      0      0      0      0     13      2      0      0      0      0      0
     0      0      0      0      0      0     15      0      0      0      0      0
     0      4      0      0      0      0      0      9      0      2      0      0
     0      0      0      0      0      0      0      0      7      8      0      0
     0      0      0      0      0      0      0      0      0     15      0      0
     0      0      0      8      0      0      0      0      0      0      7      0
     0      0      0      3      3      0      0      0      0      0      1      8
