    18      0      0      0      0      0      0      0      0      0      0      0
     0      3      0      0      0      0      0      0      3     12      0      0
     0      0     18      0      0      0      0      0      0      0      0      0
     0      0      0     18      0      0      0      0      0      0      0      0
     0      0      0      0     18      0      0      0      0      0      0      0
     0      0      0      0      0     18      0      0      0      0      0      0
     0      0      0      0      0      0     18      0      0      0      0      0
     0      0      0      0      0      0      0      8      3      7      0      0
     0      0      0      0      0      0      0      0     17      1      0      0
     0      0      0      0      0      0      0      0      0     18      0      0
     0      0      0      5      1      0      0      0      0      0     12      0
     0      0      0      0     18      0      0      0      0      0      0      0
