    90      0      0      0      0      0      0      0      0      0      0      0
     0     81      0      0      0      0      0      0      3      6      0      0
     0      0     90      0      0      0      0      0      0      0      0      0
     0      0      0     78      0      0      0      0      0      0     12      0
     0      0      0      0     88      0      0      0      0      0      0      2
     0      0      0      0      0     88      2      0      0      0      0      0
     0      0      0      0      0      0     90      0      0      0      0      0
     0      1      0      0      0      0      0     87      2      0      0      0
     0      4      0      0      0      0      0      0     83      3      0      0
     0      4      0      0      0      0      0      0      5     81      0      0
     0      0      0      9      0      0      1      0      0      0     77      3
     0      0      0      0      2      0      0      0      0      0      1     87
