    90      0      0      0      0      0      0      0      0      0      0      0
     0     71      0      0      0      0      0      0      8     11      0      0
     0      0     90      0      0      0      0      0      0      0      0      0
     0      0      0     66      0      0      0      0      0      0     24      0
     0      0      0      0     87      0      0      0      0      0      0      3
     0      0      0      0      0     87      3      0      0      0      0      0
     0      0      0      0      0      1     89      0      0      0      0      0
     0      1      0      0      0      0      0     86      1      2      0      0
     0      4      0      0      0      0      0      1     77      8      0      0
     0      3      0      0      0      0      0      0      6     81      0      0
     0      0      0     13      0      0      0      0      0      0     75      2
     0      0      0      0     11      1      0      0      0      0      1     77
