    85      0      0      2      3      0      0      0      0      0      0      0
     0     60      0      9      0      0      0      0     21      0      0      0
     0      0     72      0      0      0     12      0      6      0      0      0
     0      0      0     74     12      3      1      0      0      0      0      0
     0      0      0     16     63      6      5      0      0      0      0      0
     0      0      0      0      0     80     10      0      0      0      0      0
     0      0      0      0      0      5     85      0      0      0      0      0
     0     22      0      0     10      1      2      0     55      0      0      0
     0     19      0      0      3      0      0      0     68      0      0      0
     0     76      0      0      1      0      0      0     13      0      0      0
     0      0      0     75     11      2      1      0      0      0      1      0
     0      0      0     12     70      8      0      0      0      0      0      0
