    15      0      0      0      0      0      0      0      0      0      0      0
     0      6      0      0      0      0      0      2      0      7      0      0
     0      0     15      0      0      0      0      0      0      0      0      0
     0      0      0     13      0      0      0      0      0      0      2      0
     0      0      0      0     15      0      0      0      0      0      0      0
     0      0      0      0      0     14      1      0      0      0      0      0
     0      0      0      0      0      0     15      0      0      0      0      0
     0      0      0      0      0      0      0     15      0      0      0      0
     0      0      0      0      0      0      0      0     15      0      0      0
     0      0      0      0      0      0      0      0      0     15      0      0
     0      0      0      0      0      0      0      0      0      0     15      0
     0      0      0      0     12      0      0      0      0      0      0      3
