    15      0      0      0      0      0      0      0      0      0      0      0
     0      0      0      0      0      0      0      0      0     15      0      0
     0      0     15      0      0      0      0      0      0      0      0      0
     0      0      0     12      0      0      0      0      0      0      3      0
     0      0      0      3     12      0      0      0      0      0      0      0
     0      0      0      0      0     13      2      0      0      0      0      0
     0      0      0      0      0      0     15      0      0      0      0      0
     0      0      0      0      0      0      0      7      0      8      0      0
     0      0      0      0      0      0      0      3      6      6      0      0
     0      0      0      0      0      0      0      0      0     15      0      0
     0      0      0      4      0      0      0      0      0      0     11      0
     0      0      0      5      3      0      0      0      0      0      0      7
