    18      0      0      0      0      0      0      0      0      0      0      0
     0      7      0      0      1      0      0      1      2      7      0      0
     0      0     17      0      0      0      1      0      0      0      0      0
     0      0      0     16      1      0      1      0      0      0      0      0
     0      0      0      0     18      0      0      0      0      0      0      0
     0      0      0      0      0      6     12      0      0      0      0      0
     0      0      0      0      0      0     18      0      0      0      0      0
     0      2      0      0      0      0      0      8      5      3      0      0
     0      0      0      0      0      0      0      0     15      3      0      0
     0      0      0      0      0      0      0      0      0     18      0      0
     0      0      0     10      2      0      0      0      0      0      5      1
     0      0      0      0     16      0      0      0      0      0      0      2
