    90      0      0      0      0      0      0      0      0      0      0      0
     0     83      0      0      0      0      0      2      0      5      0      0
     0      0     90      0      0      0      0      0      0      0      0      0
     0      0      0     78      0      0      0      0      0      0     12      0
     0      0      0      0     83      0      0      0      0      0      0      7
     0      0      0      0      0     90      0      0      0      0      0      0
     0      0      0      0      0      0     90      0      0      0      0      0
     0      2      0      0      0      0      0     88      0      0      0      0
     0      0      0      0      0      0      0      0     90      0      0      0
     0      3      0      0      0      0      0      0      1     86      0      0
     0      0      0      6      0      0      0      0      0      0     84      0
     0      0      0      0     10      0      0      0      0      0      0     80
