    90      0      0      0      0      0      0      0      0      0      0      0
     0     68      0      0      0      0      0     18      0      4      0      0
     0      0     90      0      0      0      0      0      0      0      0      0
     0      0      0     75      0      0      0      0      0      0     15      0
     0      0      0      0     89      0      0      0      0      0      0      1
     0      0      0      0      0     87      3      0      0      0      0      0
     0      0      0      0      0      0     90      0      0      0      0      0
     0      0      0      0      0      0      0     90      0      0      0      0
     0      0      0      0      0      0      0      0     90      0      0      0
     0      1      0      0      0      0      0      2      2     85      0      0
     0      0      0     10      0      0      0      0      0      0     80      0
     0      0      0      0     32      0      0      0      0      0      0     58
