    90      0      0      0      0      0      0      0      0      0      0      0
     0     85      0      0      0      0      0      1      0      4      0      0
     0      0     90      0      0      0      0      0      0      0      0      0
     0      0      0     73      0      0      0      0      0      0     17      0
     0      0      0      0     84      0      0      0      0      0      0      6
     0      0      0      0      0     90      0      0      0      0      0      0
     0      0      0      0      0      0     90      0      0      0      0      0
     0      2      0      0      0      0      0     88      0      0      0      0
     0      0      0      0      0      0      0      0     86      4      0      0
     0      2      0      0      0      0      0      0      1     87      0      0
     0      0      0      7      0      0      0      0      0      0     83      0
     0      0      0      0     22      0      0      0      0      0      0     68
