output/result/new/K3_K1_2019-01-28_20.04

fc6_linear
Binh 		Giang		Hung 		Tan  		Thuan		Final accuracy
loss	acc 	loss	acc 	loss	acc 	loss	acc 	loss	acc 	
2.3934	0.3214	2.5654	0.2381	1.9258	0.2258	2.4160	0.2857	2.4236	0.2500		0.2642
2.6215	0.3571	1.9354	0.2857	2.3233	0.2903	1.4626	0.4762	1.6706	0.4167		0.3652
2.4801	0.3571	1.8918	0.1429	2.1746	0.3226	1.5286	0.5714	1.7572	0.4583		0.3705
2.5342	0.3214	2.3493	0.4286	2.1252	0.2903	1.5832	0.5714	1.8230	0.4583		0.4140
2.6661	0.2857	1.5758	0.4286	2.1248	0.3226	1.6633	0.6667	1.9247	0.4583		0.4324
fc6_linear_accuracy:0.4324

fc6_rbf
Binh 		Giang		Hung 		Tan  		Thuan		Final accuracy
loss	acc 	loss	acc 	loss	acc 	loss	acc 	loss	acc 	
1.5158	0.3571	1.4428	0.4286	1.4037	0.5806	1.4837	0.4762	1.3939	0.4167		0.4518
1.1746	0.3571	1.5271	0.3810	1.4818	0.5806	1.4373	0.6190	1.8145	0.3750		0.4626
1.4916	0.2857	1.6056	0.2857	1.6776	0.3226	1.5582	0.5714	1.8615	0.4583		0.3848
1.2166	0.3571	2.3806	0.2381	2.1503	0.2581	1.6519	0.6190	1.9710	0.4583		0.3861
1.3557	0.4643	1.9293	0.3333	1.5089	0.6129	1.6798	0.6190	1.9298	0.4583		0.4976
fc6_rbf_accuracy:0.4976

fc7_linear
Binh 		Giang		Hung 		Tan  		Thuan		Final accuracy
loss	acc 	loss	acc 	loss	acc 	loss	acc 	loss	acc 	
2.3238	0.1786	2.2334	0.2381	1.9705	0.3871	1.0723	0.5238	1.9859	0.2500		0.3155
2.4335	0.3214	1.9390	0.4286	1.8180	0.4194	1.2769	0.6667	1.1964	0.3750		0.4422
2.4262	0.3214	1.8886	0.4286	2.0145	0.4194	1.4792	0.6190	1.4841	0.2917		0.4160
2.4161	0.3214	2.0016	0.2857	2.0674	0.3548	1.6521	0.6190	1.5015	0.3333		0.3829
2.4233	0.3214	1.9592	0.2857	2.1221	0.3871	1.4907	0.6190	1.4801	0.4167		0.4060
fc7_linear_accuracy:0.4422

fc7_rbf
Binh 		Giang		Hung 		Tan  		Thuan		Final accuracy
loss	acc 	loss	acc 	loss	acc 	loss	acc 	loss	acc 	
1.8782	0.2500	1.7411	0.1905	1.7405	0.3871	1.3423	0.5238	1.7355	0.2500		0.3203
2.2331	0.3571	1.8696	0.4762	1.6455	0.3548	1.4887	0.3810	2.0488	0.5000		0.4138
2.2519	0.3571	1.7609	0.2857	1.6622	0.3226	1.5110	0.4286	2.0949	0.4583		0.3705
2.2468	0.3571	1.8547	0.2857	1.6981	0.3226	1.5043	0.4762	2.2238	0.5000		0.3883
2.2733	0.3571	1.8389	0.2381	1.7453	0.2903	1.5579	0.4762	2.0540	0.4583		0.3640
fc7_rbf_accuracy:0.4138

prob
Binh 		Giang		Hung 		Tan  		Thuan		Final accuracy
loss	acc 	loss	acc 	loss	acc 	loss	acc 	loss	acc 	
1.4500	0.3214	1.4852	0.3333	1.4343	0.4839	1.1406	0.6667	1.4013	0.4583		0.4527
2.3555	0.3214	1.6501	0.1905	2.3684	0.2903	0.9941	0.6190	2.1339	0.4583		0.3759
2.8760	0.3571	2.2235	0.1905	2.7025	0.3226	1.1494	0.5714	2.9271	0.4167		0.3717
3.7383	0.3214	2.1271	0.2381	3.1204	0.2903	1.2584	0.5238	3.1033	0.4583		0.3664
3.9121	0.3214	2.4246	0.2857	3.5482	0.2903	1.2521	0.5714	3.5974	0.4583		0.3854
prob_accuracy:0.4527

