    90      0      0      0      0      0      0      0      0      0      0      0
     0     79      0      0      0      0      0      5      0      6      0      0
     0      0     90      0      0      0      0      0      0      0      0      0
     0      0      0     77      0      0      0      0      0      0     13      0
     0      0      0      0     85      0      0      0      0      0      0      5
     0      0      0      0      0     89      1      0      0      0      0      0
     0      0      0      0      0      0     90      0      0      0      0      0
     0      0      0      0      0      0      0     89      0      1      0      0
     0      5      0      0      0      0      0      4     79      2      0      0
     0      1      0      0      0      0      0      0      2     87      0      0
     0      0      0     10      0      0      0      0      0      0     78      2
     0      0      0      0      6      0      0      0      0      0      0     84
