    90      0      0      0      0      0      0      0      0      0      0      0
     0     70      0      0      0      0      0      1      4     15      0      0
     0      0     90      0      0      0      0      0      0      0      0      0
     0      0      0     68      0      0      1      0      0      0     21      0
     0      0      0      0     75      0      0      0      0      0      0     15
     0      0      0      0      0     86      4      0      0      0      0      0
     0      0      0      0      0      2     88      0      0      0      0      0
     0      1      0      0      0      0      0     83      0      6      0      0
     0      5      0      0      0      0      0      7     70      8      0      0
     0      5      0      0      0      0      0      0      2     83      0      0
     0      0      0     16      1      0      0      0      0      0     69      4
     0      0      0      0     12      0      0      0      0      0      0     78
