    63      0      0     21      6      0      0      0      0      0      0      0
     0     50      0      2      4      0      0      1     26      7      0      0
     0      0     78      0      0      1      3      3      5      0      0      0
     0      0      0     54     26      0      3      0      2      0      5      0
     0      0      0      8     74      4      4      0      0      0      0      0
     0      0      0      0      0     71     19      0      0      0      0      0
     0      0      0      0      1     24     65      0      0      0      0      0
     0     19      0      0      4      0      0      0     64      3      0      0
     0     13      0      0      0      0      0      0     74      3      0      0
     0     45      0      0      0      0      0      0     21     24      0      0
     0      0      0     63     20      2      0      0      0      0      5      0
     0      0      0      7     80      2      1      0      0      0      0      0
