output/result_backup/table_05Feb2019_original_pre_3_12gestures/K4_K1_2019-02-06_20.33

fc6_linear
Giang		Hai  		Long 		Minh 		Thuan		Thuy 		Tuyen		Final accuracy
loss	acc 	loss	acc 	loss	acc 	loss	acc 	loss	acc 	loss	acc 	loss	acc 	
3.4144	0.2222	3.4264	0.0556	3.7587	0.1667	3.4018	0.1667	3.2104	0.0833	4.1930	0.2500	3.3648	0.1389		0.1548
3.2241	0.3056	3.3409	0.1667	3.1580	0.1667	3.2827	0.1944	3.5952	0.1667	3.8288	0.2500	3.0681	0.2222		0.2103
2.9914	0.2222	3.8689	0.0833	3.3963	0.1944	3.0829	0.2222	3.0688	0.1667	2.9912	0.2500	2.9485	0.2778		0.2024
3.1320	0.2500	3.4204	0.0833	3.5285	0.1111	3.1338	0.2500	2.9982	0.1944	2.9852	0.1944	2.8114	0.2500		0.1905
3.0866	0.2500	3.4506	0.1111	3.8363	0.1389	3.1926	0.1944	3.4729	0.1389	2.7622	0.2778	3.3483	0.0833		0.1706
2.8484	0.2778	3.1277	0.1667	3.7878	0.1389	3.1746	0.2500	6.0250	0.1111	2.6318	0.2222	3.3155	0.2222		0.1984
fc6_linear_accuracy:0.2381

fc6_rbf
Giang		Hai  		Long 		Minh 		Thuan		Thuy 		Tuyen		Final accuracy
loss	acc 	loss	acc 	loss	acc 	loss	acc 	loss	acc 	loss	acc 	loss	acc 	
3.2104	0.1667	3.0701	0.1667	2.7187	0.3333	2.9265	0.2500	2.3320	0.2778	2.7514	0.2500	2.5571	0.1389		0.2262
3.3437	0.1944	2.6590	0.2222	2.5648	0.1944	2.8200	0.2500	2.3827	0.2778	2.8353	0.3056	2.6938	0.1944		0.2341
2.9142	0.2222	2.9388	0.2222	2.5931	0.1944	2.8719	0.2500	2.5513	0.1111	2.5598	0.3611	2.5472	0.1389		0.2143
3.4297	0.0556	2.9348	0.2222	2.8177	0.1389	2.8542	0.2500	2.4152	0.1667	3.1141	0.1667	2.8272	0.1389		0.1627
2.9631	0.2778	2.9975	0.2222	2.9509	0.1667	2.7559	0.2500	2.5563	0.1944	2.4072	0.3056	2.7810	0.1667		0.2262
2.9442	0.2500	2.9214	0.1944	3.0419	0.1389	2.8630	0.2500	3.2836	0.1111	2.5569	0.2500	2.6176	0.1667		0.1944
fc6_rbf_accuracy:0.2738

fc7_linear
Giang		Hai  		Long 		Minh 		Thuan		Thuy 		Tuyen		Final accuracy
loss	acc 	loss	acc 	loss	acc 	loss	acc 	loss	acc 	loss	acc 	loss	acc 	
3.1714	0.2500	3.1650	0.1944	3.4636	0.1389	3.7430	0.1667	2.9590	0.1111	3.7713	0.2778	3.5621	0.1944		0.1905
3.2442	0.2778	2.8769	0.1389	3.0815	0.1111	2.9991	0.1944	2.7056	0.2778	3.9236	0.1389	2.7665	0.1944		0.1905
2.9090	0.2500	3.3462	0.1389	2.9267	0.2500	2.8690	0.2778	3.0169	0.1667	2.9124	0.1389	2.9900	0.1944		0.2024
3.2538	0.2500	3.2326	0.1389	3.2018	0.1667	2.8481	0.2778	3.1477	0.1667	3.0485	0.2778	3.2345	0.1667		0.2063
3.1126	0.2500	3.0846	0.1667	3.2870	0.1111	3.0848	0.2500	2.7890	0.1667	2.7919	0.1944	3.8258	0.0833		0.1746
2.9700	0.2222	2.8575	0.2222	3.0730	0.2222	2.9789	0.2500	2.8371	0.1389	2.7121	0.2222	3.5068	0.2222		0.2143
fc7_linear_accuracy:0.2579

fc7_rbf
Giang		Hai  		Long 		Minh 		Thuan		Thuy 		Tuyen		Final accuracy
loss	acc 	loss	acc 	loss	acc 	loss	acc 	loss	acc 	loss	acc 	loss	acc 	
3.0426	0.1944	2.8656	0.2500	3.0510	0.3333	3.0986	0.2500	2.5176	0.1667	2.4603	0.2778	2.8368	0.2500		0.2460
2.9537	0.1944	2.6118	0.2222	2.6038	0.2222	2.8173	0.2500	2.3853	0.1944	2.7869	0.2500	2.5370	0.1944		0.2183
3.2264	0.2222	2.7913	0.2222	2.6348	0.2500	2.8120	0.2500	2.9300	0.1389	2.4856	0.2778	2.5542	0.1667		0.2183
3.1256	0.2500	2.9910	0.2222	2.8500	0.1667	2.7146	0.2500	2.6576	0.1944	2.6646	0.2500	2.6277	0.1111		0.2063
2.9879	0.2222	3.0635	0.2500	2.8841	0.1667	2.9442	0.2500	2.7575	0.1667	2.6441	0.3333	2.8981	0.1667		0.2222
2.9624	0.2500	2.9613	0.2222	2.9442	0.1389	2.7510	0.2500	2.6463	0.1667	2.5905	0.2778	2.8952	0.1389		0.2063
fc7_rbf_accuracy:0.2659

prob
Giang		Hai  		Long 		Minh 		Thuan		Thuy 		Tuyen		Final accuracy
loss	acc 	loss	acc 	loss	acc 	loss	acc 	loss	acc 	loss	acc 	loss	acc 	
2.2658	0.1667	2.4931	0.1667	2.3245	0.1667	2.5625	0.1111	2.4598	0.2222	2.4547	0.1667	2.3566	0.1667		0.1667
2.7102	0.3333	3.6541	0.2222	2.8224	0.2222	3.5779	0.2500	3.4921	0.2500	2.7164	0.2500	2.7727	0.1667		0.2421
3.3437	0.2222	4.1068	0.2500	2.7722	0.1944	3.9349	0.2222	3.4703	0.2500	2.9960	0.1944	2.4233	0.1944		0.2183
2.9729	0.3611	4.8097	0.2222	3.2926	0.2222	3.9060	0.2500	3.1719	0.1944	2.8994	0.1667	2.8535	0.1667		0.2262
3.3768	0.2500	5.2998	0.1944	3.2641	0.1944	3.7143	0.2500	3.5050	0.2222	3.2875	0.3611	2.6822	0.1111		0.2262
3.6880	0.2500	4.8259	0.2222	3.2424	0.2222	4.1230	0.2778	3.5414	0.1944	3.0039	0.3056	2.5433	0.1944		0.2381
prob_accuracy:0.2738

