    18      0      0      0      0      0      0      0      0      0      0      0
     0      9      0      0      0      0      0      0      1      8      0      0
     0      0     18      0      0      0      0      0      0      0      0      0
     0      0      0     14      4      0      0      0      0      0      0      0
     0      0      0      0     18      0      0      0      0      0      0      0
     0      0      0      0      0     18      0      0      0      0      0      0
     0      0      0      0      0     11      5      0      2      0      0      0
     0      0      0      0      0      0      0      3      4     11      0      0
     0      1      0      0      0      0      0      0     17      0      0      0
     0      1      0      0      0      0      0      0      0     17      0      0
     0      0      0     12      6      0      0      0      0      0      0      0
     0      0      0      0     18      0      0      0      0      0      0      0
