    35      0      0      6     49      0      0      0      0      0      0      0
     0     66      0      0      8      0      0      4      8      4      0      0
     0      0     72      0      0      3      9      5      1      0      0      0
     0      0      0     33     40      7      0      0      0      0     10      0
     0      0      0      0     86      3      1      0      0      0      0      0
     0      0      0      0      0     82      8      0      0      0      0      0
     0      0      0      0      1     24     63      2      0      0      0      0
     0     27      0      0     18      0      0     13     31      1      0      0
     0     33      0      0      2      0      0     13     36      6      0      0
     0     66      0      0      0      0      0      2      6     16      0      0
     0      0      0     28     43      3      0      0      0      0     16      0
     0      0      0      3     81      6      0      0      0      0      0      0
