     4      0      0      0      3      4      0      0      0      0      0      7
     0      0      0      0      0      0      1      0      0     17      0      0
     0      0      2      0      0      0     16      0      0      0      0      0
     0      0      0      6      0      0     12      0      0      0      0      0
     0      0      0      0      4      2      9      0      0      0      2      1
     0      0      0      0      0      6     12      0      0      0      0      0
     0      0      0      0      0      0     18      0      0      0      0      0
     0      0      0      0      0      0      0      0      0     18      0      0
     0      0      0      0      0      0      0      0      0     18      0      0
     0      0      0      0      0      0      0      0      0     18      0      0
     0      0      0      3      0      0     15      0      0      0      0      0
     0      0      0      0      0      3      6      0      0      0      3      6
