    45      0      0      0      0      0      0      0      0      0      0      0
     0     15      0      0      0      0      0      1      9     20      0      0
     0      0     41      0      0      0      4      0      0      0      0      0
     0      0      0     34      4      0      2      0      0      0      5      0
     2      0      0      0     35      7      0      0      0      0      0      1
     0      0      0      0      0     45      0      0      0      0      0      0
     0      0      0      0      0      5     40      0      0      0      0      0
     0      0      0      0      0      0      0     31     14      0      0      0
     0      0      0      0      0      0      0      1     43      1      0      0
     0      0      0      0      0      0      0      0      9     36      0      0
     1      0      0     16      4      0      0      0      0      0     23      1
     1      0      0      0     18      0      0      0      0      1      0     25
