    15      0      0      0      0      0      0      0      0      0      0      0
     0     13      0      0      0      0      0      0      1      1      0      0
     0      0     15      0      0      0      0      0      0      0      0      0
     0      0      0     15      0      0      0      0      0      0      0      0
     0      0      0      0      8      2      0      0      0      0      0      5
     0      0      0      0      0     14      1      0      0      0      0      0
     0      0      0      0      0      0     15      0      0      0      0      0
     0      1      0      0      0      0      0     13      1      0      0      0
     0      0      0      0      0      0      0      0     14      1      0      0
     0      3      0      0      0      0      0      0      1     11      0      0
     0      0      0      9      1      0      0      0      0      0      5      0
     1      0      0      0      0      1      1      0      0      0      0     12
