    18      0      0      0      0      0      0      0      0      0      0      0
     0     10      0      0      0      0      0      0      3      5      0      0
     0      0     18      0      0      0      0      0      0      0      0      0
     0      0      0     11      0      0      0      0      0      0      7      0
     0      0      0      0      2      0      0      0      0      0      0     16
     0      0      0      0      0     16      2      0      0      0      0      0
     0      0      0      0      0      0     18      0      0      0      0      0
     0      1      0      0      0      0      0     15      1      1      0      0
     0      0      0      0      0      0      0      0     16      2      0      0
     0      0      0      0      0      0      0      0      2     16      0      0
     0      0      0      0      0      0      0      0      0      0     18      0
     0      0      0      0      0      0      0      0      0      0      0     18
