    45      0      0      0      0      0      0      0      0      0      0      0
     0     36      0      0      0      0      0      2      4      3      0      0
     0      0     45      0      0      0      0      0      0      0      0      0
     0      0      0     43      1      0      1      0      0      0      0      0
     0      0      0      2     35      1      2      0      0      0      0      5
     0      0      0      0      0     44      1      0      0      0      0      0
     0      0      0      0      0      1     44      0      0      0      0      0
     0      0      0      0      0      0      0     35     10      0      0      0
     0      0      0      0      0      0      0      0     45      0      0      0
     0      2      0      0      0      0      0      6      4     33      0      0
     0      0      0     44      0      0      0      0      0      0      0      1
     1      1      0      1      0      0      1      0      0      0      0     41
