output/result_backup/table_30Jan2019_original_12gestures/K1_K3_2019-01-29_22.21

fc6_linear
Giang		Hai  		Long 		Minh 		Thuan		Thuy 		Tuyen		Final accuracy
loss	acc 	loss	acc 	loss	acc 	loss	acc 	loss	acc 	loss	acc 	loss	acc 	
4.9437	0.1389	5.1447	0.0833	4.7788	0.0833	4.2645	0.1389	4.7378	0.0833	4.4097	0.2500	4.0418	0.1667		0.1349
4.1726	0.1389	4.5848	0.1667	5.0953	0.1389	3.5808	0.1389	4.4420	0.1111	5.7008	0.0833	3.6414	0.1389		0.1310
4.0498	0.1667	4.2260	0.1667	4.0663	0.0833	3.1616	0.1111	3.9181	0.1667	3.0925	0.1944	3.8298	0.1389		0.1468
4.0086	0.1667	3.9069	0.1111	4.7080	0.1111	3.2038	0.1944	4.1935	0.1389	2.8501	0.2778	3.9419	0.1389		0.1627
3.9340	0.1667	4.1412	0.1111	4.1029	0.1667	3.2196	0.1667	3.6359	0.0833	3.0618	0.1944	3.8040	0.1389		0.1468
3.8509	0.1667	3.7719	0.0833	3.9998	0.1111	3.1188	0.1389	3.7464	0.0833	3.0329	0.2778	3.7966	0.1389		0.1429
fc6_linear_accuracy:0.1627

fc6_rbf
Giang		Hai  		Long 		Minh 		Thuan		Thuy 		Tuyen		Final accuracy
loss	acc 	loss	acc 	loss	acc 	loss	acc 	loss	acc 	loss	acc 	loss	acc 	
3.9323	0.1389	4.1412	0.0833	3.6823	0.0833	3.8677	0.0833	3.5573	0.1667	3.9500	0.1111	3.5214	0.1944		0.1230
3.9279	0.1389	4.1277	0.1667	3.8748	0.0833	3.6583	0.1111	3.6251	0.1667	5.4859	0.0833	3.6297	0.1389		0.1270
3.7930	0.1667	3.6300	0.1667	3.9628	0.1667	3.3218	0.1944	3.8024	0.1389	5.5346	0.0833	3.8856	0.1389		0.1508
4.1502	0.1667	4.0094	0.0833	4.0786	0.0833	3.1286	0.2778	3.5778	0.1111	3.2407	0.1111	4.0604	0.1389		0.1389
4.1083	0.1667	3.7340	0.1111	4.2347	0.1667	3.1343	0.2222	3.5953	0.1389	3.5513	0.1667	4.0130	0.1389		0.1587
3.9339	0.1667	3.7916	0.0833	3.9779	0.1944	3.3402	0.2222	3.7472	0.1111	3.0161	0.1944	3.6927	0.1389		0.1587
fc6_rbf_accuracy:0.1587

fc7_linear
Giang		Hai  		Long 		Minh 		Thuan		Thuy 		Tuyen		Final accuracy
loss	acc 	loss	acc 	loss	acc 	loss	acc 	loss	acc 	loss	acc 	loss	acc 	
4.2508	0.0833	4.8571	0.1389	4.1787	0.0833	3.7678	0.0833	3.7688	0.0833	4.0315	0.1389	4.3950	0.1667		0.1111
3.6414	0.0833	3.8056	0.1944	4.1448	0.1389	3.2619	0.0556	3.7898	0.1389	3.1889	0.1667	4.0376	0.1389		0.1310
3.5364	0.1389	3.1363	0.1667	3.8043	0.1667	2.8930	0.1111	3.3953	0.0833	2.7190	0.1667	3.8982	0.1389		0.1389
3.2585	0.1389	3.0529	0.1667	3.8551	0.0833	2.8694	0.1667	3.3374	0.1667	2.7120	0.1944	3.7089	0.1389		0.1508
3.2367	0.1389	2.8556	0.1667	3.7678	0.1667	2.9923	0.2222	3.2502	0.1111	2.7388	0.1944	3.6251	0.1667		0.1667
3.2681	0.1389	3.0950	0.1667	3.6592	0.1667	2.9221	0.1944	3.2296	0.1667	2.6651	0.1944	3.5521	0.1667		0.1706
fc7_linear_accuracy:0.1706

fc7_rbf
Giang		Hai  		Long 		Minh 		Thuan		Thuy 		Tuyen		Final accuracy
loss	acc 	loss	acc 	loss	acc 	loss	acc 	loss	acc 	loss	acc 	loss	acc 	
4.0461	0.1111	3.4870	0.2222	3.7684	0.1111	3.4903	0.1111	3.3503	0.1389	3.4084	0.1389	3.4476	0.1667		0.1429
3.7032	0.0833	3.7150	0.2222	4.0141	0.1111	3.2808	0.1111	3.3076	0.1944	3.1889	0.1667	3.7158	0.1389		0.1468
3.8604	0.1111	3.1485	0.2222	3.9930	0.1667	3.2449	0.1389	3.4227	0.1389	2.8383	0.1944	3.9461	0.1667		0.1627
3.7155	0.1389	3.4271	0.2222	4.1306	0.1667	3.2073	0.1667	3.3854	0.1389	2.8266	0.1944	3.7197	0.1667		0.1706
3.7872	0.1111	3.1936	0.1667	3.9584	0.1667	3.2737	0.2778	3.4623	0.1667	3.1390	0.1667	3.8646	0.1667		0.1746
3.5993	0.1111	3.1693	0.1944	4.0327	0.1111	3.1127	0.1944	3.5301	0.1389	2.9776	0.1667	3.7133	0.1667		0.1548
fc7_rbf_accuracy:0.1746

prob
Giang		Hai  		Long 		Minh 		Thuan		Thuy 		Tuyen		Final accuracy
loss	acc 	loss	acc 	loss	acc 	loss	acc 	loss	acc 	loss	acc 	loss	acc 	
2.2373	0.0556	2.2367	0.0833	2.4327	0.1389	2.2465	0.1389	2.6481	0.1389	2.2947	0.1944	2.2704	0.1389		0.1270
2.6800	0.0833	2.5509	0.2500	3.3828	0.0833	2.5539	0.2222	3.1683	0.1667	2.4785	0.1667	2.8149	0.1667		0.1627
3.0670	0.0000	2.6307	0.1667	3.6374	0.1111	3.0535	0.2222	3.5088	0.1111	2.9370	0.2222	2.5880	0.1389		0.1389
2.8915	0.0000	2.9918	0.2222	4.5437	0.1111	3.1510	0.2500	4.6361	0.0833	2.8768	0.1111	3.7863	0.1667		0.1349
2.9863	0.0833	3.2949	0.1667	4.8439	0.1111	3.1901	0.2222	4.5553	0.1111	3.0356	0.1389	4.2195	0.1667		0.1429
3.0971	0.0278	3.1994	0.1667	4.8166	0.1111	3.3416	0.2222	4.5018	0.1111	3.1319	0.1944	4.0845	0.1667		0.1429
prob_accuracy:0.1627

