    18      0      0      0      0      0      0      0      0      0      0      0
     0     14      0      0      0      0      0      0      1      3      0      0
     0      0     15      0      1      1      1      0      0      0      0      0
     0      0      0     12      1      2      1      0      0      0      0      2
     0      0      0      0     14      0      0      0      0      0      0      4
     0      0      0      0      0     17      1      0      0      0      0      0
     0      0      0      0      0      0     18      0      0      0      0      0
     0     10      0      0      0      0      0      0      2      6      0      0
     0      2      0      0      0      0      0      0     16      0      0      0
     0      5      0      0      0      0      0      0      1     12      0      0
     0      0      0      9      1      1      1      0      0      0      3      3
     0      0      0      0     11      1      0      0      0      0      0      6
