    90      0      0      0      0      0      0      0      0      0      0      0
     0     78      0      0      0      0      0      0      2     10      0      0
     0      0     90      0      0      0      0      0      0      0      0      0
     0      0      0     72      0      0      0      0      0      0     18      0
     0      0      0      0     78      0      0      0      0      0      0     12
     0      0      0      0      0     83      7      0      0      0      0      0
     0      0      0      0      0      0     90      0      0      0      0      0
     0      1      0      0      0      0      0     88      0      1      0      0
     0      7      0      0      0      0      0      0     76      7      0      0
     0     11      0      0      0      0      0      0      5     74      0      0
     0      0      0      8      0      0      0      0      0      0     79      3
     0      0      0      0     17      0      0      0      0      0      0     73
