    90      0      0      0      0      0      0      0      0      0      0      0
     4     77      0      2      0      0      0      0      3      4      0      0
     0      0     90      0      0      0      0      0      0      0      0      0
     0      0      0     51      0      0      0      0      0      0     38      1
     0      0      0      0     51      0      0      0      0      0      0     39
     0      0      0      0      0     88      2      0      0      0      0      0
     0      0      0      0      0      2     88      0      0      0      0      0
     0      7      0      1      0      0      0     81      1      0      0      0
     0     15      0      0      0      0      0      0     71      4      0      0
     0     32      0      0      0      0      0      0      2     56      0      0
     0      0      0     12      0      0      0      0      0      0     70      8
     0      0      0      0     14      0      0      0      0      0      0     76
