    45      0      0      0      0      0      0      0      0      0      0      0
     0     23      0      0      0      0      0      0      5     17      0      0
     0      0     45      0      0      0      0      0      0      0      0      0
     0      0      0     30      0      0      2      0      0      0     12      1
     2      2      0      6      8      0      3      0      2      0      0     22
     0      0      0      1      0     10     32      0      2      0      0      0
     0      0      0      0      0      0     45      0      0      0      0      0
     0      0      0      0      0      0      0      0     42      3      0      0
     0      0      0      0      0      0      0      0     43      2      0      0
     0     10      0      0      0      0      0      0     11     24      0      0
     0      0      0      7      0      0      1      0      2      0     32      3
     1      0      0      2      0      0      0      0      2      0      1     39
