output/result_backup/table_26Jan2019_fc6_2048_fc7_2048/K1_K5_2019-01-25_21.27

fc6_linear
Binh 		Giang		Hung 		Tan  		Thuan		Final accuracy
loss	acc 	loss	acc 	loss	acc 	loss	acc 	loss	acc 	
2.3319	0.4296	3.8574	0.3524	2.6898	0.3600	3.0251	0.5700	3.0397	0.3917		0.4207
2.0712	0.4370	3.3451	0.3524	2.2387	0.4667	2.6957	0.6300	2.6160	0.5083		0.4789
2.0890	0.4444	3.2185	0.3524	2.0743	0.4800	2.5340	0.6400	2.7260	0.5167		0.4867
2.1291	0.4519	3.1802	0.3524	1.9734	0.5000	2.5386	0.6400	2.5728	0.5167		0.4922
2.1132	0.4444	3.0441	0.3524	1.9886	0.4933	2.5305	0.6400	2.5650	0.5167		0.4894
2.2756	0.3259	3.0409	0.3524	1.9804	0.4933	2.5316	0.6400	2.5721	0.5167		0.4657
2.1296	0.4444	3.0755	0.3524	1.9754	0.5000	2.5128	0.6400	2.5157	0.5167		0.4907
fc6_linear_accuracy:0.4922

fc6_rbf
Binh 		Giang		Hung 		Tan  		Thuan		Final accuracy
loss	acc 	loss	acc 	loss	acc 	loss	acc 	loss	acc 	
2.5396	0.5111	3.6014	0.3619	2.2897	0.5000	3.3532	0.5900	2.4738	0.5000		0.4926
2.5433	0.4000	3.7199	0.1238	1.7425	0.5400	3.1390	0.3600	2.5714	0.5500		0.3948
2.2795	0.4444	3.0299	0.3524	1.6430	0.5867	2.3145	0.7600	2.8774	0.3333		0.4954
2.2481	0.4519	2.8255	0.4000	1.6220	0.5733	2.5640	0.6300	2.5165	0.3833		0.4877
2.1658	0.4519	2.7673	0.3714	2.1263	0.3867	2.6191	0.5900	2.3092	0.4500		0.4500
2.8405	0.1704	2.8242	0.3524	1.5853	0.5933	2.6685	0.5700	2.4059	0.4083		0.4189
2.1655	0.4519	2.8462	0.3619	2.1878	0.3733	2.6919	0.5500	2.1110	0.5583		0.4591
fc6_rbf_accuracy:0.5646

fc7_linear
Binh 		Giang		Hung 		Tan  		Thuan		Final accuracy
loss	acc 	loss	acc 	loss	acc 	loss	acc 	loss	acc 	
2.4938	0.4444	3.7841	0.3333	2.5144	0.3200	2.9045	0.5800	2.9840	0.3417		0.4039
2.1926	0.3852	3.0663	0.3905	1.9547	0.4067	2.5757	0.6000	2.4702	0.5000		0.4565
2.0814	0.3778	3.0139	0.3810	1.8384	0.4400	2.5151	0.6100	2.4827	0.5083		0.4634
2.0789	0.4000	2.9572	0.3810	1.7858	0.4667	2.5119	0.6200	2.4654	0.5167		0.4769
2.0386	0.3704	2.8562	0.3905	1.7795	0.4600	2.5122	0.6200	2.4795	0.5167		0.4715
2.0697	0.3630	2.8672	0.3905	1.7934	0.4600	2.5134	0.6200	2.4816	0.5167		0.4700
2.0591	0.3704	2.8868	0.3905	1.7853	0.4600	2.5028	0.6200	2.5020	0.5167		0.4715
fc7_linear_accuracy:0.4877

fc7_rbf
Binh 		Giang		Hung 		Tan  		Thuan		Final accuracy
loss	acc 	loss	acc 	loss	acc 	loss	acc 	loss	acc 	
2.6924	0.4519	3.6620	0.3714	2.0683	0.4800	3.2883	0.5800	2.4424	0.4000		0.4567
2.3374	0.4074	2.9228	0.3810	1.7289	0.4867	2.5627	0.6000	2.5547	0.5000		0.4750
2.1992	0.3926	2.9002	0.3714	1.6374	0.5067	2.5226	0.6100	2.4351	0.5083		0.4778
2.2277	0.3926	2.8610	0.3619	1.6076	0.5000	2.4951	0.6200	2.4285	0.5083		0.4766
2.1640	0.3852	2.7619	0.3810	1.6008	0.5200	2.4952	0.6200	2.4468	0.5083		0.4829
2.1512	0.3852	2.7532	0.3810	1.6036	0.5133	2.4887	0.6200	2.4304	0.5083		0.4816
2.1405	0.3852	2.7608	0.3810	1.6030	0.5067	2.4812	0.6200	2.4454	0.5083		0.4802
fc7_rbf_accuracy:0.4962

prob
Binh 		Giang		Hung 		Tan  		Thuan		Final accuracy
loss	acc 	loss	acc 	loss	acc 	loss	acc 	loss	acc 	
1.6508	0.4741	1.8734	0.4286	1.3667	0.4733	2.0383	0.6100	1.7573	0.5167		0.5005
2.6224	0.4296	2.5697	0.4000	1.7662	0.5400	3.2622	0.6200	2.6224	0.5250		0.5029
3.0495	0.4000	2.7925	0.3905	2.0441	0.5133	3.4314	0.6200	3.1952	0.5250		0.4898
3.1066	0.4000	3.0050	0.3905	2.2924	0.4867	3.5632	0.6400	3.5608	0.5167		0.4868
3.4126	0.4000	3.1165	0.3905	2.2846	0.5133	3.6435	0.6400	3.6396	0.5250		0.4938
3.4035	0.4000	3.0900	0.3905	2.2842	0.5133	3.6643	0.6400	3.6681	0.5250		0.4938
3.4448	0.4000	3.0798	0.3905	2.2962	0.5133	3.6745	0.6400	3.6518	0.5250		0.4938
prob_accuracy:0.5215

